time[ns] Raw_signal[mV]
-11.150000 -0.131349
-11.100000 -0.268384
-11.050000 -0.391716
-11.000000 -0.494493
-10.950000 -0.573289
-10.900000 -0.628103
-10.850000 -0.662362
-10.800000 -0.665788
-10.750000 -0.665788
-10.700000 -0.645232
-10.650000 -0.569863
-10.600000 -0.446530
-10.550000 -0.333476
-10.500000 -0.220422
-10.450000 -0.055979
-10.400000 0.153000
-10.350000 0.358554
-10.300000 0.533274
-10.250000 0.677161
-10.200000 0.773086
-10.150000 0.803920
-10.100000 0.769661
-10.050000 0.673736
-10.000000 0.516145
-9.950000 0.314017
-9.900000 0.108463
-9.850000 -0.066257
-9.800000 -0.223848
-9.750000 -0.371160
-9.700000 -0.449956
-9.650000 -0.429401
-9.600000 -0.347180
-9.550000 -0.278662
-9.500000 -0.186162
-9.450000 -0.035423
-9.400000 0.139296
-9.350000 0.259202
-9.300000 0.334572
-9.250000 0.389386
-9.200000 0.437349
-9.150000 0.440775
-9.100000 0.406516
-9.050000 0.344850
-9.000000 0.279758
-8.950000 0.207814
-8.900000 0.142723
-8.850000 0.098186
-8.800000 0.050223
-8.750000 -0.014868
-8.700000 -0.055979
-8.650000 -0.062830
-8.600000 -0.093664
-8.550000 -0.158756
-8.500000 -0.210145
-8.450000 -0.216996
-8.400000 -0.234125
-8.350000 -0.268384
-8.300000 -0.268384
-8.250000 -0.220422
-8.200000 -0.141626
-8.150000 -0.055979
-8.100000 0.063927
-8.050000 0.180407
-8.000000 0.276332
-7.950000 0.382535
-7.900000 0.495590
-7.850000 0.581236
-7.800000 0.639476
-7.750000 0.680587
-7.700000 0.694290
-7.650000 0.670310
-7.600000 0.615495
-7.550000 0.540126
-7.500000 0.437349
-7.450000 0.324295
-7.400000 0.214666
-7.350000 0.084482
-7.300000 -0.059405
-7.250000 -0.179311
-7.200000 -0.271811
-7.150000 -0.360883
-7.100000 -0.432827
-7.050000 -0.449956
-7.000000 -0.422550
-6.950000 -0.381438
-6.900000 -0.285514
-6.850000 -0.100516
-6.800000 0.105037
-6.750000 0.262629
-6.700000 0.409942
-6.650000 0.560681
-6.600000 0.663458
-6.550000 0.690865
-6.500000 0.670309
-6.450000 0.615495
-6.400000 0.478460
-6.350000 0.259202
-6.300000 0.015965
-6.250000 -0.182736
-6.200000 -0.354032
-6.150000 -0.497919
-6.100000 -0.563011
-6.050000 -0.525326
-6.000000 -0.429401
-5.950000 -0.316346
-5.900000 -0.158755
-5.850000 0.067353
-5.800000 0.286610
-5.750000 0.437349
-5.700000 0.540125
-5.650000 0.625773
-5.600000 0.663458
-5.550000 0.594940
-5.500000 0.468182
-5.450000 0.351701
-5.400000 0.238647
-5.350000 0.108463
-5.300000 -0.018294
-5.250000 -0.093664
-5.200000 -0.107367
-5.150000 -0.107367
-5.100000 -0.093664
-5.050000 -0.035424
-5.000000 0.043372
-4.950000 0.074205
-4.900000 0.077630
-4.850000 0.094760
-4.800000 0.087908
-4.750000 0.012539
-4.700000 -0.062831
-4.650000 -0.086812
-4.600000 -0.079961
-4.550000 -0.073109
-4.500000 -0.059406
-4.450000 -0.008017
-4.400000 0.105038
-4.350000 0.242073
-4.300000 0.355128
-4.250000 0.481885
-4.200000 0.622347
-4.150000 0.680588
-4.100000 0.660032
-4.050000 0.612070
-4.000000 0.505867
-3.950000 0.307165
-3.900000 0.115315
-3.850000 -0.018295
-3.800000 -0.151904
-3.750000 -0.264959
-3.700000 -0.278662
-3.650000 -0.210144
-3.600000 -0.127923
-3.550000 -0.001165
-3.500000 0.173556
-3.450000 0.351702
-3.400000 0.529848
-3.350000 0.704569
-3.300000 0.776512
-3.250000 0.701143
-3.200000 0.625773
-3.150000 0.636051
-3.100000 0.543551
-3.050000 0.303739
-3.000000 0.166704
-2.950000 0.166704
-2.900000 0.081056
-2.850000 -0.028572
-2.800000 -0.031998
-2.750000 -0.028572
-2.700000 0.005687
-2.650000 0.248925
-2.600000 0.499015
-2.550000 0.512719
-2.500000 0.567532
-2.450000 0.814197
-2.400000 0.913548
-2.350000 0.848456
-2.300000 0.951233
-2.250000 1.071139
-2.200000 0.940955
-2.150000 0.872437
-2.100000 1.026602
-2.050000 1.006047
-2.000000 0.704569
-1.950000 0.481886
-1.900000 0.409942
-1.850000 0.361980
-1.800000 0.348276
-1.750000 0.279758
-1.700000 0.105038
-1.650000 0.074205
-1.600000 0.197537
-1.550000 0.187259
-1.500000 0.139297
-1.450000 0.344850
-1.400000 0.574384
-1.350000 0.564107
-1.300000 0.543552
-1.250000 0.570959
-1.200000 0.409942
-1.150000 0.276332
-1.100000 0.385960
-1.050000 0.341424
-1.000000 0.022817
-0.950000 -0.062831
-0.900000 0.139297
-0.850000 0.194111
-0.800000 0.176981
-0.750000 0.365405
-0.700000 0.522997
-0.650000 0.492163
-0.600000 0.522996
-0.550000 0.612070
-0.500000 0.512718
-0.450000 0.300313
-0.400000 0.163278
-0.350000 0.039945
-0.300000 -0.151904
-0.250000 -0.350606
-0.200000 -0.508196
-0.150000 -0.624676
-0.100000 -0.686343
-0.050000 -0.672639
0.000000 -0.566437
0.050000 -0.391716
0.100000 -0.244402
0.150000 -0.117645
0.200000 0.132445
0.250000 0.444200
0.300000 0.594940
0.350000 0.642903
0.400000 0.814197
0.450000 1.057435
0.500000 1.153360
0.550000 1.167064
0.600000 1.225304
0.650000 1.245859
0.700000 1.177341
0.750000 1.191045
0.800000 1.369191
0.850000 1.670670
0.900000 2.170849
0.950000 3.061580
1.000000 4.466196
1.050000 6.473767
1.100000 9.224757
1.150000 12.835643
1.200000 17.323565
1.250000 22.643969
1.300000 28.718070
1.350000 35.401982
1.400000 42.445610
1.450000 49.615999
1.500000 56.776111
1.550000 63.806036
1.600000 70.520785
1.650000 76.752475
1.700000 82.487415
1.750000 87.698195
1.800000 92.271765
1.850000 96.166995
1.900000 99.493535
1.950000 102.323315
2.000000 104.587835
2.050000 106.228835
2.100000 107.263455
2.150000 107.688265
2.200000 107.455305
2.250000 106.489205
2.300000 104.711165
2.350000 102.196565
2.400000 99.051605
2.450000 95.303675
2.500000 90.976765
2.550000 86.221635
2.600000 81.182155
2.650000 75.913135
2.700000 70.599575
2.750000 65.409355
2.800000 60.328765
2.850000 55.405765
2.900000 50.887005
2.950000 46.888995
3.000000 43.298655
3.050000 40.184525
3.100000 37.717885
3.150000 35.847345
3.200000 34.476995
3.250000 33.695885
3.300000 33.510895
3.350000 33.743851
3.400000 34.319400
3.450000 35.278655
3.500000 36.532525
3.550000 37.916585
3.600000 39.376015
3.650000 40.862855
3.700000 42.257195
3.750000 43.473385
3.800000 44.477175
3.850000 45.213735
3.900000 45.624835
3.950000 45.696785
4.000000 45.453545
4.050000 44.877995
4.100000 43.956425
4.150000 42.692275
4.200000 41.133495
4.250000 39.324625
4.300000 37.299925
4.350000 35.083375
4.400000 32.770905
4.450000 30.451565
4.500000 28.128815
4.550000 25.836905
4.600000 23.658035
4.650000 21.643610
4.700000 19.790199
4.750000 18.145776
4.800000 16.785695
4.850000 15.689411
4.900000 14.808958
4.950000 14.182020
5.000000 13.812022
5.050000 13.647579
5.100000 13.678410
5.150000 13.931932
5.200000 14.353318
5.250000 14.867202
5.300000 15.483859
5.350000 16.213572
5.400000 16.970695
5.450000 17.696985
5.500000 18.419847
5.550000 19.139280
5.600000 19.786773
5.650000 20.338342
5.700000 20.766577
5.750000 21.016668
5.800000 21.071481
5.850000 20.937872
5.900000 20.615841
5.950000 20.095103
6.000000 19.403079
6.050000 18.505492
6.100000 17.419484
6.150000 16.234129
6.200000 15.007659
6.250000 13.729803
6.300000 12.427965
6.350000 11.204922
6.400000 10.098359
6.450000 9.108277
6.500000 8.207268
6.550000 7.426165
6.600000 6.799227
6.650000 6.309324
6.700000 5.932477
6.750000 5.682386
6.800000 5.538500
6.850000 5.439149
6.900000 5.404890
6.950000 5.490537
7.000000 5.644702
7.050000 5.798867
7.100000 6.014698
7.150000 6.329880
7.200000 6.658766
7.250000 6.953392
7.300000 7.302833
7.350000 7.710514
7.400000 8.063381
7.450000 8.347729
7.500000 8.632078
7.550000 8.861612
7.600000 8.978094
7.650000 9.046611
7.700000 9.067166
7.750000 8.981519
7.800000 8.810224
7.850000 8.580690
7.900000 8.296341
7.950000 7.957178
8.000000 7.583756
8.050000 7.148668
8.100000 6.655339
8.150000 6.144882
8.200000 5.617295
8.250000 5.062301
8.300000 4.514159
8.350000 4.003700
8.400000 3.503521
8.450000 3.003341
8.500000 2.544271
8.550000 2.160572
8.600000 1.848815
8.650000 1.581597
8.700000 1.372617
8.750000 1.290396
8.800000 1.328081
8.850000 1.420580
8.900000 1.581597
8.950000 1.852242
9.000000 2.160571
9.050000 2.458624
9.100000 2.787510
9.150000 3.143802
9.200000 3.421299
9.250000 3.637130
9.300000 3.849535
9.350000 4.007127
9.400000 4.034534
9.450000 4.000275
9.500000 3.979719
9.550000 3.955738
9.600000 3.890646
9.650000 3.825554
9.700000 3.801573
9.750000 3.784443
9.800000 3.736481
9.850000 3.661111
9.900000 3.585743
9.950000 3.486391
10.000000 3.335652
10.050000 3.133525
10.100000 2.883435
10.150000 2.588808
10.200000 2.273626
10.250000 1.951592
10.300000 1.615855
10.350000 1.286970
10.400000 0.978640
10.450000 0.677162
10.500000 0.430497
10.550000 0.255777
10.600000 0.105037
10.650000 -0.035424
10.700000 -0.079960
10.750000 -0.052554
10.800000 -0.018294
10.850000 0.057075
10.900000 0.214666
10.950000 0.389386
11.000000 0.564106
11.050000 0.786789
11.100000 1.050583
11.150000 1.290396
11.200000 1.523356
11.250000 1.776872
11.300000 1.992703
11.350000 2.150294
11.400000 2.273626
11.450000 2.372977
11.500000 2.407236
11.550000 2.372977
11.600000 2.273626
11.650000 2.088628
11.700000 1.828261
11.750000 1.550763
11.800000 1.276692
11.850000 0.971788
11.900000 0.632624
11.950000 0.314017
12.000000 0.043372
12.050000 -0.199866
12.100000 -0.432827
12.150000 -0.648658
12.200000 -0.823378
12.250000 -0.953563
12.300000 -1.063191
12.350000 -1.172819
12.400000 -1.261893
12.450000 -1.309855
12.500000 -1.316707
12.550000 -1.313281
12.600000 -1.285873
12.650000 -1.217356
12.700000 -1.111154
12.750000 -0.950137
12.800000 -0.754860
12.850000 -0.552733
12.900000 -0.367735
12.950000 -0.199867
13.000000 -0.028572
13.050000 0.118741
13.100000 0.200962
13.150000 0.252351
13.200000 0.283184
13.250000 0.245500
13.300000 0.190685
13.350000 0.180408
13.400000 0.166704
13.450000 0.105038
13.500000 0.050223
13.550000 0.012538
13.600000 -0.066256
13.650000 -0.155330
13.700000 -0.230700
13.750000 -0.340328
13.800000 -0.470512
13.850000 -0.610973
13.900000 -0.768564
13.950000 -0.943285
14.000000 -1.107727
14.050000 -1.289299
14.100000 -1.464020
14.150000 -1.570223
14.200000 -1.625037
14.250000 -1.686703
14.300000 -1.703833
14.350000 -1.628463
14.400000 -1.518834
14.450000 -1.402354
14.500000 -1.237911
14.550000 -1.052914
14.600000 -0.891896
14.650000 -0.720602
14.700000 -0.535604
14.750000 -0.391716
14.800000 -0.271810
14.850000 -0.158756
14.900000 -0.069683
14.950000 -0.028572
15.000000 0.012538
15.050000 0.026242
15.100000 0.002261
15.150000 -0.018294
15.200000 -0.031998
15.250000 -0.086812
15.300000 -0.141626
15.350000 -0.121071
15.400000 -0.079960
15.450000 -0.069683
15.500000 -0.045702
15.550000 0.005687
15.600000 0.043372
15.650000 0.046798
15.700000 0.033094
15.750000 -0.025146
15.800000 -0.151904
15.850000 -0.312921
15.900000 -0.497919
15.950000 -0.730880
16.000000 -1.001525
16.050000 -1.251614
16.100000 -1.460594
16.150000 -1.611333
16.200000 -1.700406
16.250000 -1.727814
16.300000 -1.717536
16.350000 -1.666147
16.400000 -1.566797
16.450000 -1.446891
16.500000 -1.333836
16.550000 -1.237912
16.600000 -1.141987
16.650000 -1.059765
16.700000 -1.035784
16.750000 -1.035783
16.800000 -1.004951
16.850000 -0.974117
16.900000 -0.987821
16.950000 -0.994673
17.000000 -0.963840
17.050000 -0.933007
17.100000 -0.898748
17.150000 -0.819953
17.200000 -0.724027
17.250000 -0.662361
17.300000 -0.628103
17.350000 -0.607547
17.400000 -0.621251
17.450000 -0.645233
17.500000 -0.665787
17.550000 -0.693194
17.600000 -0.761712
17.650000 -0.878193
17.700000 -1.025506
17.750000 -1.165968
17.800000 -1.292725
17.850000 -1.436613
17.900000 -1.573648
17.950000 -1.655870
18.000000 -1.679851
18.050000 -1.693555
18.100000 -1.690128
18.150000 -1.628463
18.200000 -1.508557
18.250000 -1.381799
18.300000 -1.258467
18.350000 -1.128282
18.400000 -1.001525
18.450000 -0.888471
18.500000 -0.782268
18.550000 -0.700046
18.600000 -0.641806
18.650000 -0.610974
18.700000 -0.600696
18.750000 -0.604122
18.800000 -0.621251
18.850000 -0.655510
18.900000 -0.703472
18.950000 -0.724028
19.000000 -0.717176
19.050000 -0.720602
19.100000 -0.720601
19.150000 -0.696620
19.200000 -0.648658
19.250000 -0.617826
19.300000 -0.597270
19.350000 -0.583566
19.400000 -0.590418
19.450000 -0.652084
19.500000 -0.727453
19.550000 -0.778842
19.600000 -0.843933
19.650000 -0.956988
19.700000 -1.076894
19.750000 -1.152264
19.800000 -1.193374
19.850000 -1.231059
19.900000 -1.237911
19.950000 -1.200227
20.000000 -1.159115
20.050000 -1.148838
20.100000 -1.138560
20.150000 -1.104302
20.200000 -1.056339
20.250000 -0.984395
20.300000 -0.888471
20.350000 -0.785694
20.400000 -0.655510
20.450000 -0.491067
20.500000 -0.330051
20.550000 -0.155330
20.600000 0.022817
20.650000 0.159852
20.700000 0.242074
20.750000 0.296888
20.800000 0.290035
20.850000 0.180407
20.900000 0.015965
20.950000 -0.179311
21.000000 -0.436253
21.050000 -0.727454
21.100000 -0.991248
21.150000 -1.227634
21.200000 -1.446890
21.250000 -1.628463
21.300000 -1.765499
21.350000 -1.888831
21.400000 -1.967626
21.450000 -1.995033
21.500000 -2.022440
21.550000 -2.056699
21.600000 -2.053273
21.650000 -2.025866
21.700000 -2.005311
21.750000 -1.964200
21.800000 -1.878553
21.850000 -1.786054
21.900000 -1.693555
21.950000 -1.594203
22.000000 -1.484575
22.050000 -1.374947
22.100000 -1.292725
22.150000 -1.227633
22.200000 -1.152264
22.250000 -1.087172
22.300000 -1.046061
22.350000 -0.984396
22.400000 -0.902174
22.450000 -0.850785
22.500000 -0.795971
22.550000 -0.710325
22.600000 -0.672639
22.650000 -0.734305
22.700000 -0.826804
22.750000 -0.933007
22.800000 -1.121430
22.850000 -1.381799
22.900000 -1.631888
22.950000 -1.868275
23.000000 -2.101235
23.050000 -2.286233
23.100000 -2.402714
23.150000 -2.447251
23.200000 -2.443825
23.250000 -2.406140
23.300000 -2.323919
23.350000 -2.176605
23.400000 -1.998459
23.450000 -1.861423
23.500000 -1.758646
23.550000 -1.642166
23.600000 -1.535964
23.650000 -1.467446
23.700000 -1.416057
23.750000 -1.368095
23.800000 -1.299577
23.850000 -1.203652
23.900000 -1.107727
23.950000 -1.039209
24.000000 -0.977544
24.050000 -0.912451
24.100000 -0.881618
24.150000 -0.895322
24.200000 -0.919304
24.250000 -0.974118
24.300000 -1.059765
24.350000 -1.162542
24.400000 -1.258467
24.450000 -1.344114
24.500000 -1.409206
24.550000 -1.433187
24.600000 -1.433187
24.650000 -1.419483
24.700000 -1.402354
24.750000 -1.371521
24.800000 -1.333836
24.850000 -1.309855
24.900000 -1.316707
24.950000 -1.364669
25.000000 -1.453742
25.050000 -1.570222
25.100000 -1.717536
25.150000 -1.888830
25.200000 -2.066977
25.250000 -2.238271
25.300000 -2.361603
25.350000 -2.392436
25.400000 -2.371881
25.450000 -2.361603
25.500000 -2.306789
25.550000 -2.176605
25.600000 -2.019014
25.650000 -1.854571
25.700000 -1.666147
25.750000 -1.484575
25.800000 -1.337262
25.850000 -1.200226
25.900000 -1.083746
25.950000 -1.032358
26.000000 -1.046062
26.050000 -1.090598
26.100000 -1.183097
26.150000 -1.313280
26.200000 -1.457168
26.250000 -1.642166
26.300000 -1.840868
26.350000 -2.005310
26.400000 -2.152624
26.450000 -2.303363
26.500000 -2.409565
26.550000 -2.447250
26.600000 -2.457528
26.650000 -2.440398
26.700000 -2.365029
26.750000 -2.286233
26.800000 -2.245123
26.850000 -2.221142
26.900000 -2.183457
26.950000 -2.176605
27.000000 -2.200586
27.050000 -2.227994
27.100000 -2.227993
27.150000 -2.200586
27.200000 -2.152623
27.250000 -2.097810
27.300000 -2.025866
27.350000 -1.909386
27.400000 -1.782628
27.450000 -1.700406
27.500000 -1.645592
27.550000 -1.583926
27.600000 -1.546241
27.650000 -1.559945
27.700000 -1.601056
27.750000 -1.659296
27.800000 -1.738091
27.850000 -1.827165
27.900000 -1.895682
27.950000 -1.933366
28.000000 -1.936793
28.050000 -1.923089
28.100000 -1.909385
28.150000 -1.864849
28.200000 -1.789479
28.250000 -1.748369
28.300000 -1.758646
28.350000 -1.775776
28.400000 -1.792905
28.450000 -1.851145
28.500000 -1.929941
28.550000 -2.025866
28.600000 -2.152624
28.650000 -2.251975
28.700000 -2.310215
28.750000 -2.358177
28.800000 -2.392436
28.850000 -2.395862
28.900000 -2.389010
28.950000 -2.351325
29.000000 -2.282808
29.050000 -2.217715
29.100000 -2.166328
29.150000 -2.114939
29.200000 -2.090958
29.250000 -2.111514
29.300000 -2.128643
29.350000 -2.128643
29.400000 -2.162902
29.450000 -2.207438
29.500000 -2.204012
29.550000 -2.159476
29.600000 -2.114939
29.650000 -2.056699
29.700000 -1.964200
29.750000 -1.871701
29.800000 -1.796331
29.850000 -1.731239
29.900000 -1.669574
29.950000 -1.611334
30.000000 -1.573649
30.050000 -1.601055
30.100000 -1.672999
30.150000 -1.731240
30.200000 -1.789479
30.250000 -1.885404
30.300000 -1.988181
30.350000 -2.046421
30.400000 -2.097809
30.450000 -2.162902
30.500000 -2.214290
30.550000 -2.258826
30.600000 -2.323918
30.650000 -2.395862
30.700000 -2.454102
30.750000 -2.495213
30.800000 -2.526046
30.850000 -2.556878
30.900000 -2.587712
30.950000 -2.591137
31.000000 -2.556878
31.050000 -2.495213
31.100000 -2.416417
31.150000 -2.293085
31.200000 -2.138920
31.250000 -1.988181
31.300000 -1.823738
31.350000 -1.666147
31.400000 -1.542816
31.450000 -1.467446
31.500000 -1.412632
31.550000 -1.409205
31.600000 -1.470872
31.650000 -1.577074
31.700000 -1.707258
31.750000 -1.837442
31.800000 -1.971051
31.850000 -2.125217
31.900000 -2.299937
31.950000 -2.443824
32.000000 -2.526046
32.050000 -2.584286
32.100000 -2.635674
32.150000 -2.645952
32.200000 -2.642526
32.250000 -2.659656
32.300000 -2.639100
32.350000 -2.574008
32.400000 -2.546601
32.450000 -2.567156
32.500000 -2.560305
32.550000 -2.515768
32.600000 -2.467806
32.650000 -2.416417
32.700000 -2.341047
32.750000 -2.262252
32.800000 -2.204012
32.850000 -2.156050
32.900000 -2.118364
32.950000 -2.101235
33.000000 -2.121790
33.050000 -2.180031
33.100000 -2.248549
33.150000 -2.341048
33.200000 -2.460954
33.250000 -2.580860
33.300000 -2.669933
33.350000 -2.731599
33.400000 -2.776136
33.450000 -2.782988
33.500000 -2.776136
33.550000 -2.752154
33.600000 -2.690488
33.650000 -2.618545
33.700000 -2.546601
33.750000 -2.450677
33.800000 -2.358177
33.850000 -2.303363
33.900000 -2.289659
33.950000 -2.279381
34.000000 -2.272530
34.050000 -2.286233
34.100000 -2.313641
34.150000 -2.344474
34.200000 -2.375307
34.250000 -2.406140
34.300000 -2.440399
34.350000 -2.454103
34.400000 -2.430121
34.450000 -2.382159
34.500000 -2.330770
34.550000 -2.258826
34.600000 -2.176605
34.650000 -2.097810
34.700000 -2.042995
34.750000 -1.995033
34.800000 -1.953922
34.850000 -1.947071
34.900000 -1.977903
34.950000 -2.029292
35.000000 -2.104662
35.050000 -2.217715
35.100000 -2.337621
35.150000 -2.399288
35.200000 -2.419843
35.250000 -2.443824
35.300000 -2.474658
35.350000 -2.464380
35.400000 -2.426695
35.450000 -2.412991
35.500000 -2.412992
35.550000 -2.382159
35.600000 -2.330770
35.650000 -2.330770
35.700000 -2.347900
35.750000 -2.344473
35.800000 -2.334196
35.850000 -2.313641
35.900000 -2.258826
35.950000 -2.204012
36.000000 -2.173179
36.050000 -2.108087
36.100000 -1.995033
36.150000 -1.919663
36.200000 -1.888830
36.250000 -1.844294
36.300000 -1.803183
36.350000 -1.816887
36.400000 -1.854571
36.450000 -1.892256
36.500000 -1.953922
36.550000 -2.008737
36.600000 -2.042995
36.650000 -2.101236
36.700000 -2.159476
36.750000 -2.169753
36.800000 -2.149197
36.850000 -2.142346
36.900000 -2.166327
36.950000 -2.186882
37.000000 -2.217715
37.050000 -2.269104
37.100000 -2.303362
37.150000 -2.306789
37.200000 -2.327345
37.250000 -2.382159
37.300000 -2.412991
37.350000 -2.365029
37.400000 -2.299937
37.450000 -2.255400
37.500000 -2.176605
37.550000 -2.032717
37.600000 -1.881978
37.650000 -1.779202
37.700000 -1.700406
37.750000 -1.607908
37.800000 -1.518834
37.850000 -1.474297
37.900000 -1.436613
37.950000 -1.385224
38.000000 -1.378373
38.050000 -1.446891
38.100000 -1.535963
38.150000 -1.645592
38.200000 -1.813460
38.250000 -2.015588
38.300000 -2.234845
38.350000 -2.467805
38.400000 -2.704192
38.450000 -2.902894
38.500000 -3.060485
38.550000 -3.152984
38.600000 -3.139280
38.650000 -3.046781
38.700000 -2.892616
38.750000 -2.666507
38.800000 -2.368455
38.850000 -2.056698
38.900000 -1.762072
38.950000 -1.505131
39.000000 -1.299577
39.050000 -1.172819
39.100000 -1.141987
39.150000 -1.196801
39.200000 -1.292726
39.250000 -1.412631
39.300000 -1.563370
39.350000 -1.744943
39.400000 -1.912811
39.450000 -2.060125
39.500000 -2.200586
39.550000 -2.323918
39.600000 -2.409566
39.650000 -2.471232
39.700000 -2.539749
39.750000 -2.604841
39.800000 -2.673359
39.850000 -2.748729
39.900000 -2.830950
39.950000 -2.916597
40.000000 -3.009097
40.050000 -3.081040
40.100000 -3.105021
40.150000 -3.087891
40.200000 -3.036503
40.250000 -2.937152
40.300000 -2.789839
40.350000 -2.618545
40.400000 -2.447250
40.450000 -2.310215
40.500000 -2.210864
40.550000 -2.135495
40.600000 -2.060125
40.650000 -2.012162
40.700000 -2.019014
40.750000 -2.060124
40.800000 -2.114939
40.850000 -2.186882
40.900000 -2.282808
40.950000 -2.361603
41.000000 -2.419843
41.050000 -2.471232
41.100000 -2.529472
41.150000 -2.587712
41.200000 -2.625397
41.250000 -2.649378
41.300000 -2.673359
41.350000 -2.693915
41.400000 -2.707618
41.450000 -2.745302
41.500000 -2.772710
41.550000 -2.769284
41.600000 -2.735025
41.650000 -2.697340
41.700000 -2.635674
41.750000 -2.536324
41.800000 -2.416417
41.850000 -2.289659
41.900000 -2.132068
41.950000 -1.971052
42.000000 -1.816887
42.050000 -1.669574
42.100000 -1.535963
42.150000 -1.446890
42.200000 -1.409206
42.250000 -1.409206
42.300000 -1.457168
42.350000 -1.577074
42.400000 -1.758647
42.450000 -1.964200
42.500000 -2.186883
42.550000 -2.416418
42.600000 -2.621971
42.650000 -2.782987
42.700000 -2.892616
42.750000 -2.940578
42.800000 -2.913171
42.850000 -2.827524
42.900000 -2.693914
42.950000 -2.529472
43.000000 -2.347900
43.050000 -2.180031
43.100000 -2.022440
43.150000 -1.878553
43.200000 -1.762073
43.250000 -1.693554
43.300000 -1.659295
43.350000 -1.645592
43.400000 -1.662721
43.450000 -1.700406
43.500000 -1.714110
43.550000 -1.714110
43.600000 -1.779202
43.650000 -1.885404
43.700000 -1.974478
43.750000 -2.060125
43.800000 -2.166327
43.850000 -2.279382
43.900000 -2.389010
43.950000 -2.484936
44.000000 -2.526046
44.050000 -2.529472
44.100000 -2.522619
44.150000 -2.491787
44.200000 -2.399288
44.250000 -2.293085
44.300000 -2.176605
44.350000 -2.032717
44.400000 -1.895682
44.450000 -1.820313
44.500000 -1.751794
44.550000 -1.662721
44.600000 -1.611333
44.650000 -1.628463
44.700000 -1.649018
44.750000 -1.652444
44.800000 -1.652443
44.850000 -1.649018
44.900000 -1.652444
44.950000 -1.693554
45.000000 -1.744943
45.050000 -1.772350
45.100000 -1.779202
45.150000 -1.782628
45.200000 -1.772350
45.250000 -1.727813
45.300000 -1.645592
45.350000 -1.563371
45.400000 -1.498279
45.450000 -1.467445
45.500000 -1.481149
45.550000 -1.515408
45.600000 -1.577074
45.650000 -1.700406
45.700000 -1.905960
45.750000 -2.128643
45.800000 -2.327344
45.850000 -2.512342
45.900000 -2.697340
45.950000 -2.837801
46.000000 -2.920024
46.050000 -2.947430
46.100000 -2.892616
46.150000 -2.762432
46.200000 -2.597990
46.250000 -2.436973
46.300000 -2.262253
46.350000 -2.094383
46.400000 -1.988181
46.450000 -1.940219
46.500000 -1.919664
46.550000 -1.912811
46.600000 -1.953922
46.650000 -2.032717
46.700000 -2.135494
46.750000 -2.231419
46.800000 -2.313640
46.850000 -2.385584
46.900000 -2.454102
46.950000 -2.508916
47.000000 -2.536323
47.050000 -2.536323
47.100000 -2.519194
47.150000 -2.464379
47.200000 -2.389010
47.250000 -2.330770
47.300000 -2.293086
47.350000 -2.245123
47.400000 -2.193735
47.450000 -2.197160
47.500000 -2.234845
47.550000 -2.255401
47.600000 -2.265678
47.650000 -2.313641
47.700000 -2.334196
47.750000 -2.306789
47.800000 -2.265678
47.850000 -2.214290
47.900000 -2.114939
47.950000 -1.981330
48.000000 -1.864849
48.050000 -1.758646
48.100000 -1.662722
48.150000 -1.590778
48.200000 -1.556518
48.250000 -1.577074
48.300000 -1.662721
48.350000 -1.758647
48.400000 -1.861423
48.450000 -2.005310
48.500000 -2.138921
48.550000 -2.204012
48.600000 -2.238271
48.650000 -2.279382
48.700000 -2.289659
48.750000 -2.262252
48.800000 -2.224568
48.850000 -2.169753
48.900000 -2.070403
48.950000 -1.953922
49.000000 -1.861423
49.050000 -1.803183
49.100000 -1.755220
49.150000 -1.693555
49.200000 -1.645592
49.250000 -1.649018
49.300000 -1.676425
49.350000 -1.700406
49.400000 -1.731240
49.450000 -1.796331
49.500000 -1.881978
49.550000 -1.981329
49.600000 -2.087532
49.650000 -2.186883
49.700000 -2.296511
49.750000 -2.416417
49.800000 -2.498639
49.850000 -2.543175
49.900000 -2.570582
49.950000 -2.546601
50.000000 -2.474658
50.050000 -2.385585
50.100000 -2.296512
50.150000 -2.186883
50.200000 -2.066976
50.250000 -1.957348
50.300000 -1.871700
50.350000 -1.827164
50.400000 -1.834016
50.450000 -1.899108
50.500000 -1.964200
50.550000 -1.995033
50.600000 -2.029291
50.650000 -2.097809
50.700000 -2.149198
50.750000 -2.145772
50.800000 -2.114939
50.850000 -2.090958
50.900000 -2.046421
50.950000 -2.012162
51.000000 -2.022440
51.050000 -2.080680
51.100000 -2.166327
51.150000 -2.265678
51.200000 -2.378732
51.250000 -2.502064
51.300000 -2.580860
51.350000 -2.560304
51.400000 -2.478083
51.450000 -2.368454
51.500000 -2.217715
51.550000 -1.988181
51.600000 -1.751795
51.650000 -1.577074
51.700000 -1.457168
51.750000 -1.381798
51.800000 -1.409205
51.850000 -1.570222
51.900000 -1.820313
51.950000 -2.132069
52.000000 -2.464380
52.050000 -2.769284
52.100000 -3.002244
52.150000 -3.170113
52.200000 -3.255760
52.250000 -3.242057
52.300000 -3.152983
52.350000 -2.991967
52.400000 -2.793266
52.450000 -2.618544
52.500000 -2.467806
52.550000 -2.299937
52.600000 -2.169753
52.650000 -2.142346
52.700000 -2.173179
52.750000 -2.200586
52.800000 -2.258826
52.850000 -2.354752
52.900000 -2.454102
52.950000 -2.522620
53.000000 -2.577434
53.050000 -2.625396
53.100000 -2.666507
53.150000 -2.676785
53.200000 -2.659656
53.250000 -2.656229
53.300000 -2.659656
53.350000 -2.608268
53.400000 -2.526046
53.450000 -2.498639
53.500000 -2.474657
53.550000 -2.385584
53.600000 -2.296511
53.650000 -2.255401
53.700000 -2.231419
53.750000 -2.210864
53.800000 -2.186882
53.850000 -2.180031
53.900000 -2.214290
53.950000 -2.272530
54.000000 -2.299937
54.050000 -2.296511
54.100000 -2.293085
54.150000 -2.279382
54.200000 -2.265678
54.250000 -2.245123
54.300000 -2.193735
54.350000 -2.135494
54.400000 -2.114938
54.450000 -2.118364
54.500000 -2.104661
54.550000 -2.128642
54.600000 -2.190309
54.650000 -2.245123
54.700000 -2.286233
54.750000 -2.337622
54.800000 -2.378733
54.850000 -2.402714
54.900000 -2.389010
54.950000 -2.330770
55.000000 -2.272530
55.050000 -2.224567
55.100000 -2.132068
55.150000 -1.988181
55.200000 -1.868275
55.250000 -1.796331
55.300000 -1.727813
55.350000 -1.642166
55.400000 -1.580500
55.450000 -1.577075
55.500000 -1.655870
55.550000 -1.789479
55.600000 -1.929941
55.650000 -2.101236
55.700000 -2.317066
55.750000 -2.539749
55.800000 -2.721321
55.850000 -2.872061
55.900000 -2.988541
55.950000 -3.022800
56.000000 -2.991967
56.050000 -2.913171
56.100000 -2.759006
56.150000 -2.574008
56.200000 -2.412992
56.250000 -2.269104
56.300000 -2.121791
56.350000 -2.022440
56.400000 -1.988181
56.450000 -1.984756
56.500000 -1.988181
56.550000 -2.008736
56.600000 -2.039570
56.650000 -2.056699
56.700000 -2.042996
56.750000 -1.991607
56.800000 -1.899108
56.850000 -1.796332
56.900000 -1.696981
56.950000 -1.594204
57.000000 -1.501705
57.050000 -1.450316
57.100000 -1.450317
57.150000 -1.494853
57.200000 -1.573648
57.250000 -1.666147
57.300000 -1.765499
57.350000 -1.888830
57.400000 -2.015588
57.450000 -2.114939
57.500000 -2.204012
57.550000 -2.275956
57.600000 -2.310214
57.650000 -2.317066
57.700000 -2.317066
57.750000 -2.306789
57.800000 -2.275956
57.850000 -2.234845
57.900000 -2.200586
57.950000 -2.186883
58.000000 -2.186883
58.050000 -2.169753
58.100000 -2.145772
58.150000 -2.149198
58.200000 -2.176605
58.250000 -2.207438
58.300000 -2.234845
58.350000 -2.258826
58.400000 -2.251975
58.450000 -2.241697
58.500000 -2.227994
58.550000 -2.193735
58.600000 -2.166327
58.650000 -2.186882
58.700000 -2.200586
58.750000 -2.162901
58.800000 -2.142346
58.850000 -2.159476
58.900000 -2.149198
58.950000 -2.097810
59.000000 -2.053273
59.050000 -2.001884
59.100000 -1.905960
59.150000 -1.806609
59.200000 -1.734665
59.250000 -1.659296
59.300000 -1.563370
59.350000 -1.505131
59.400000 -1.474298
59.450000 -1.450316
59.500000 -1.450316
59.550000 -1.491428
59.600000 -1.529112
59.650000 -1.559945
59.700000 -1.631888
59.750000 -1.724387
59.800000 -1.799757
59.850000 -1.885405
59.900000 -1.998458
59.950000 -2.111513
60.000000 -2.227993
60.050000 -2.399288
60.100000 -2.611693
60.150000 -2.793265
60.200000 -2.944005
60.250000 -3.094743
60.300000 -3.224928
60.350000 -3.303723
60.400000 -3.348259
60.450000 -3.358537
60.500000 -3.300297
60.550000 -3.183816
60.600000 -3.050207
60.650000 -2.920023
60.700000 -2.755580
60.750000 -2.536324
60.800000 -2.330770
60.850000 -2.180031
60.900000 -2.046421
60.950000 -1.912811
61.000000 -1.813461
61.050000 -1.748369
61.100000 -1.686703
61.150000 -1.638740
61.200000 -1.594203
61.250000 -1.532538
61.300000 -1.474298
61.350000 -1.440039
61.400000 -1.385225
61.450000 -1.296151
61.500000 -1.213930
61.550000 -1.155690
61.600000 -1.100876
61.650000 -1.063191
61.700000 -1.059765
61.750000 -1.049487
61.800000 -1.035783
61.850000 -1.076895
61.900000 -1.155690
61.950000 -1.189948
62.000000 -1.200227
62.050000 -1.251614
62.100000 -1.333836
62.150000 -1.409206
62.200000 -1.501705
62.250000 -1.645592
62.300000 -1.830590
62.350000 -2.036144
62.400000 -2.258826
62.450000 -2.471231
62.500000 -2.642526
62.550000 -2.745303
62.600000 -2.796691
62.650000 -2.820672
62.700000 -2.772710
62.750000 -2.618545
62.800000 -2.416417
62.850000 -2.210863
62.900000 -1.984756
62.950000 -1.765498
63.000000 -1.601055
63.050000 -1.494853
63.100000 -1.433187
63.150000 -1.433187
63.200000 -1.484575
63.250000 -1.566797
63.300000 -1.683277
63.350000 -1.816886
63.400000 -1.916237
63.450000 -1.964200
63.500000 -1.960774
63.550000 -1.899108
63.600000 -1.792905
63.650000 -1.683277
63.700000 -1.556519
63.750000 -1.374947
63.800000 -1.217356
63.850000 -1.162542
63.900000 -1.159115
63.950000 -1.159116
64.000000 -1.210504
64.050000 -1.354391
64.100000 -1.522260
64.150000 -1.669574
64.200000 -1.854571
64.250000 -2.060125
64.300000 -2.231419
64.350000 -2.354751
64.400000 -2.460954
64.450000 -2.526046
64.500000 -2.508916
64.550000 -2.457528
64.600000 -2.423269
64.650000 -2.402714
64.700000 -2.368455
64.750000 -2.306789
64.800000 -2.214290
64.850000 -2.132068
64.900000 -2.090958
64.950000 -2.060125
65.000000 -2.015589
65.050000 -1.988181
65.100000 -2.001884
65.150000 -2.036144
65.200000 -2.046421
65.250000 -2.073828
65.300000 -2.142347
65.350000 -2.214290
65.400000 -2.262252
65.450000 -2.310215
65.500000 -2.330770
65.550000 -2.282808
65.600000 -2.221142
65.650000 -2.190308
65.700000 -2.138920
65.750000 -2.046421
65.800000 -1.967625
65.850000 -1.916238
65.900000 -1.861423
65.950000 -1.786053
66.000000 -1.690128
66.050000 -1.604481
66.100000 -1.546241
66.150000 -1.481149
66.200000 -1.378373
66.250000 -1.303003
66.300000 -1.285874
66.350000 -1.285874
66.400000 -1.285874
66.450000 -1.340688
66.500000 -1.470872
66.550000 -1.614759
66.600000 -1.758647
66.650000 -1.919663
66.700000 -2.087532
66.750000 -2.217716
66.800000 -2.320492
66.850000 -2.389010
66.900000 -2.399288
66.950000 -2.358177
67.000000 -2.279381
67.050000 -2.166328
67.100000 -2.042995
67.150000 -1.940218
67.200000 -1.840868
67.250000 -1.762073
67.300000 -1.738091
67.350000 -1.758646
67.400000 -1.779202
67.450000 -1.834016
67.500000 -1.943644
67.550000 -2.029292
67.600000 -2.097809
67.650000 -2.190309
67.700000 -2.265678
67.750000 -2.262252
67.800000 -2.227993
67.850000 -2.207438
67.900000 -2.145772
67.950000 -2.039569
68.000000 -1.950496
68.050000 -1.892256
68.100000 -1.827165
68.150000 -1.775776
68.200000 -1.768924
68.250000 -1.810035
68.300000 -1.881979
68.350000 -1.957348
68.400000 -2.005311
68.450000 -2.022440
68.500000 -2.022440
68.550000 -1.974478
68.600000 -1.885405
68.650000 -1.779202
68.700000 -1.676425
68.750000 -1.515408
68.800000 -1.326985
68.850000 -1.193374
68.900000 -1.135135
68.950000 -1.083746
69.000000 -1.052913
69.050000 -1.121431
69.100000 -1.251614
69.150000 -1.357817
69.200000 -1.494853
69.250000 -1.707258
69.300000 -1.895682
69.350000 -1.981329
69.400000 -2.039569
69.450000 -2.114939
69.500000 -2.142346
69.550000 -2.104661
69.600000 -2.036143
69.650000 -1.957348
69.700000 -1.871701
69.750000 -1.803183
69.800000 -1.768924
69.850000 -1.765498
69.900000 -1.792905
69.950000 -1.854571
70.000000 -1.947071
70.050000 -2.063551
70.100000 -2.190309
70.150000 -2.296511
70.200000 -2.402713
70.250000 -2.505490
70.300000 -2.550027
70.350000 -2.515768
70.400000 -2.464380
70.450000 -2.399288
70.500000 -2.272530
70.550000 -2.118365
70.600000 -1.977903
70.650000 -1.847719
70.700000 -1.741517
70.750000 -1.686702
70.800000 -1.662721
70.850000 -1.662722
70.900000 -1.707258
70.950000 -1.768924
71.000000 -1.844293
71.050000 -1.950496
71.100000 -2.053273
71.150000 -2.097810
71.200000 -2.128642
71.250000 -2.162902
71.300000 -2.180031
71.350000 -2.156049
71.400000 -2.094383
71.450000 -2.029292
71.500000 -1.981329
71.550000 -1.923089
71.600000 -1.840868
71.650000 -1.786054
71.700000 -1.789480
71.750000 -1.786054
71.800000 -1.772350
71.850000 -1.789480
71.900000 -1.820312
71.950000 -1.844294
72.000000 -1.888830
72.050000 -1.953922
72.100000 -2.005311
72.150000 -2.036143
72.200000 -2.053273
72.250000 -2.046422
72.300000 -2.029292
72.350000 -2.008737
72.400000 -1.943645
72.450000 -1.857997
72.500000 -1.806609
72.550000 -1.772350
72.600000 -1.710684
72.650000 -1.659296
72.700000 -1.659296
72.750000 -1.676425
72.800000 -1.683277
72.850000 -1.731239
72.900000 -1.810035
72.950000 -1.881979
73.000000 -1.950496
73.050000 -2.029291
73.100000 -2.060125
73.150000 -2.029292
73.200000 -1.984755
73.250000 -1.923089
73.300000 -1.803183
73.350000 -1.666147
73.400000 -1.559944
73.450000 -1.460594
73.500000 -1.361243
73.550000 -1.326985
73.600000 -1.368095
73.650000 -1.443464
73.700000 -1.556519
73.750000 -1.714110
73.800000 -1.875127
73.850000 -2.019014
73.900000 -2.128643
73.950000 -2.190309
74.000000 -2.210864
74.050000 -2.210864
74.100000 -2.162902
74.150000 -2.080680
74.200000 -2.015588
74.250000 -1.998459
74.300000 -2.019014
74.350000 -2.077254
74.400000 -2.180031
74.450000 -2.327344
74.500000 -2.491787
74.550000 -2.642526
74.600000 -2.769284
74.650000 -2.834376
74.700000 -2.813820
74.750000 -2.707618
74.800000 -2.529471
74.850000 -2.286234
74.900000 -2.015588
74.950000 -1.755220
75.000000 -1.501704
75.050000 -1.296152
75.100000 -1.196800
75.150000 -1.179671
75.200000 -1.207078
75.250000 -1.313281
75.300000 -1.501705
75.350000 -1.703832
75.400000 -1.885405
75.450000 -2.046421
75.500000 -2.166327
75.550000 -2.221141
75.600000 -2.227993
75.650000 -2.162901
75.700000 -2.042995
75.750000 -1.926515
75.800000 -1.840867
75.850000 -1.775776
75.900000 -1.751794
75.950000 -1.775776
76.000000 -1.840868
76.050000 -1.960774
76.100000 -2.128642
76.150000 -2.282807
76.200000 -2.402714
76.250000 -2.508916
76.300000 -2.594564
76.350000 -2.615119
76.400000 -2.594564
76.450000 -2.567156
76.500000 -2.512342
76.550000 -2.402714
76.600000 -2.299937
76.650000 -2.245123
76.700000 -2.214290
76.750000 -2.190309
76.800000 -2.204012
76.850000 -2.262252
76.900000 -2.330771
76.950000 -2.375307
77.000000 -2.389010
77.050000 -2.395862
77.100000 -2.378732
77.150000 -2.323919
77.200000 -2.217715
77.250000 -2.101236
77.300000 -2.005310
77.350000 -1.902534
77.400000 -1.789479
77.450000 -1.703832
77.500000 -1.672999
77.550000 -1.662722
77.600000 -1.672999
77.650000 -1.714110
77.700000 -1.758647
77.750000 -1.779202
77.800000 -1.803183
77.850000 -1.840868
77.900000 -1.857997
77.950000 -1.834016
78.000000 -1.803183
78.050000 -1.810034
78.100000 -1.844294
78.150000 -1.864849
78.200000 -1.885404
78.250000 -1.933367
78.300000 -1.981330
78.350000 -2.001885
78.400000 -2.036144
78.450000 -2.087532
78.500000 -2.108087
78.550000 -2.077254
78.600000 -2.022440
78.650000 -1.984756
78.700000 -1.940218
78.750000 -1.881979
78.800000 -1.834016
78.850000 -1.851145
78.900000 -1.912811
78.950000 -1.971052
79.000000 -2.046421
79.050000 -2.166327
79.100000 -2.303363
79.150000 -2.399288
79.200000 -2.443825
79.250000 -2.454102
79.300000 -2.423269
79.350000 -2.317067
79.400000 -2.138920
79.450000 -1.916237
79.500000 -1.676425
79.550000 -1.443465
79.600000 -1.220782
79.650000 -1.039210
79.700000 -0.946710
79.750000 -0.963840
79.800000 -1.052913
79.850000 -1.200227
79.900000 -1.412631
79.950000 -1.659296
80.000000 -1.885404
80.050000 -2.084106
80.100000 -2.245123
80.150000 -2.320492
80.200000 -2.313641
80.250000 -2.245123
80.300000 -2.104661
80.350000 -1.912812
80.400000 -1.731239
80.450000 -1.573649
80.500000 -1.443465
80.550000 -1.357817
80.600000 -1.326984
80.650000 -1.350966
80.700000 -1.453742
80.750000 -1.625037
80.800000 -1.762072
80.850000 -1.847720
80.900000 -1.923089
80.950000 -1.967626
81.000000 -1.916237
81.050000 -1.806608
81.100000 -1.662721
81.150000 -1.484575
81.200000 -1.303003
81.250000 -1.135135
81.300000 -0.987821
81.350000 -0.895323
81.400000 -0.895322
81.450000 -0.967266
81.500000 -1.087172
81.550000 -1.265318
81.600000 -1.494853
81.650000 -1.751795
81.700000 -2.005310
81.750000 -2.200586
81.800000 -2.334196
81.850000 -2.430121
81.900000 -2.467805
81.950000 -2.406140
82.000000 -2.269104
82.050000 -2.101236
82.100000 -1.923089
82.150000 -1.748369
82.200000 -1.614759
82.250000 -1.525686
82.300000 -1.457168
82.350000 -1.419483
82.400000 -1.433187
82.450000 -1.484575
82.500000 -1.559945
82.550000 -1.666148
82.600000 -1.775775
82.650000 -1.864849
82.700000 -1.933367
82.750000 -1.971051
82.800000 -1.964200
82.850000 -1.936793
82.900000 -1.905959
82.950000 -1.851145
83.000000 -1.786054
83.050000 -1.741517
83.100000 -1.690129
83.150000 -1.625037
83.200000 -1.563370
83.250000 -1.484575
83.300000 -1.385224
83.350000 -1.272170
83.400000 -1.135134
83.450000 -0.970692
83.500000 -0.826804
83.550000 -0.724027
83.600000 -0.610974
83.650000 -0.556159
83.700000 -0.600696
83.750000 -0.665788
83.800000 -0.748009
83.850000 -0.956989
83.900000 -1.251615
83.950000 -1.488001
84.000000 -1.693554
84.050000 -1.947071
84.100000 -2.176605
84.150000 -2.310215
84.200000 -2.385585
84.250000 -2.419844
84.300000 -2.365029
84.350000 -2.269104
84.400000 -2.176605
84.450000 -2.073829
84.500000 -1.960774
84.550000 -1.847720
84.600000 -1.758646
84.650000 -1.717535
84.700000 -1.720962
84.750000 -1.734665
84.800000 -1.765499
84.850000 -1.854572
84.900000 -1.988181
84.950000 -2.111513
85.000000 -2.224568
85.050000 -2.327344
85.100000 -2.399288
85.150000 -2.392436
85.200000 -2.323918
85.250000 -2.217716
85.300000 -2.084106
85.350000 -1.926515
85.400000 -1.741517
85.450000 -1.546241
85.500000 -1.371521
85.550000 -1.234486
85.600000 -1.141986
85.650000 -1.111154
85.700000 -1.155690
85.750000 -1.234485
85.800000 -1.323559
85.850000 -1.446890
85.900000 -1.566796
85.950000 -1.659296
86.000000 -1.762072
86.050000 -1.864849
86.100000 -1.916238
86.150000 -1.953923
86.200000 -2.029292
86.250000 -2.104661
86.300000 -2.159475
86.350000 -2.241697
86.400000 -2.334196
86.450000 -2.395862
86.500000 -2.436972
86.550000 -2.457527
86.600000 -2.433547
86.650000 -2.385585
86.700000 -2.320493
86.750000 -2.204012
86.800000 -2.056699
86.850000 -1.936792
86.900000 -1.810035
86.950000 -1.669573
87.000000 -1.583926
87.050000 -1.566796
87.100000 -1.549667
87.150000 -1.522260
87.200000 -1.532538
87.250000 -1.563370
87.300000 -1.556519
87.350000 -1.477723
87.400000 -1.350966
87.450000 -1.217355
87.500000 -1.097450
87.550000 -0.967266
87.600000 -0.809675
87.650000 -0.689769
87.700000 -0.631529
87.750000 -0.610973
87.800000 -0.638380
87.850000 -0.720601
87.900000 -0.854212
87.950000 -1.022080
88.000000 -1.210504
88.050000 -1.392076
88.100000 -1.549667
88.150000 -1.669574
88.200000 -1.779201
88.250000 -1.881978
88.300000 -1.950496
88.350000 -1.971052
88.400000 -2.001885
88.450000 -2.080680
88.500000 -2.145772
88.550000 -2.166327
88.600000 -2.183457
88.650000 -2.224568
88.700000 -2.238271
88.750000 -2.200587
88.800000 -2.149197
88.850000 -2.087532
88.900000 -2.001884
88.950000 -1.912812
89.000000 -1.830590
89.050000 -1.758647
89.100000 -1.693555
89.150000 -1.676425
89.200000 -1.690128
89.250000 -1.707258
89.300000 -1.717536
89.350000 -1.720962
89.400000 -1.720962
89.450000 -1.727814
89.500000 -1.734665
89.550000 -1.703832
89.600000 -1.662721
89.650000 -1.655870
89.700000 -1.679851
89.750000 -1.720961
89.800000 -1.786053
89.850000 -1.868275
89.900000 -1.940219
89.950000 -1.998459
90.000000 -2.042995
90.050000 -2.080680
90.100000 -2.097809
90.150000 -2.077255
90.200000 -2.019014
90.250000 -1.957348
90.300000 -1.902534
90.350000 -1.834016
90.400000 -1.765498
90.450000 -1.748369
90.500000 -1.775776
90.550000 -1.799757
90.600000 -1.820312
90.650000 -1.854571
90.700000 -1.878553
90.750000 -1.881978
90.800000 -1.881978
90.850000 -1.868274
90.900000 -1.803183
90.950000 -1.741517
91.000000 -1.700406
91.050000 -1.638740
91.100000 -1.587352
91.150000 -1.577075
91.200000 -1.580500
91.250000 -1.587352
91.300000 -1.645592
91.350000 -1.724388
91.400000 -1.775776
91.450000 -1.816887
91.500000 -1.854572
91.550000 -1.840867
91.600000 -1.782627
91.650000 -1.690129
91.700000 -1.549667
91.750000 -1.357817
91.800000 -1.169394
91.850000 -0.991247
91.900000 -0.806249
91.950000 -0.648658
92.000000 -0.521900
92.050000 -0.432826
92.100000 -0.429401
92.150000 -0.511622
92.200000 -0.631529
92.250000 -0.799397
92.300000 -1.052913
92.350000 -1.330410
92.400000 -1.580501
92.450000 -1.830590
92.500000 -2.053273
92.550000 -2.183457
92.600000 -2.234845
92.650000 -2.231419
92.700000 -2.138920
92.750000 -1.981329
92.800000 -1.816886
92.850000 -1.662722
92.900000 -1.501705
92.950000 -1.371521
93.000000 -1.268744
93.050000 -1.231059
93.100000 -1.309855
93.150000 -1.460594
93.200000 -1.607908
93.250000 -1.775776
93.300000 -1.981330
93.350000 -2.152624
93.400000 -2.262252
93.450000 -2.358177
93.500000 -2.430121
93.550000 -2.416417
93.600000 -2.337622
93.650000 -2.251974
93.700000 -2.169753
93.750000 -2.066976
93.800000 -1.981329
93.850000 -1.943644
93.900000 -1.936792
93.950000 -1.929941
94.000000 -1.936793
94.050000 -1.995032
94.100000 -2.073828
94.150000 -2.125217
94.200000 -2.142346
94.250000 -2.156049
94.300000 -2.159476
94.350000 -2.111513
94.400000 -2.015588
94.450000 -1.905960
94.500000 -1.810035
94.550000 -1.707258
94.600000 -1.594203
94.650000 -1.511983
94.700000 -1.491427
94.750000 -1.491427
94.800000 -1.477723
94.850000 -1.508556
94.900000 -1.594204
94.950000 -1.652444
95.000000 -1.690128
95.050000 -1.751795
95.100000 -1.796331
95.150000 -1.803183
95.200000 -1.816886
95.250000 -1.837442
95.300000 -1.827164
95.350000 -1.813460
95.400000 -1.813461
95.450000 -1.827164
95.500000 -1.861423
95.550000 -1.899108
95.600000 -1.926515
95.650000 -1.943644
95.700000 -1.957348
95.750000 -1.943644
95.800000 -1.909386
95.850000 -1.902534
95.900000 -1.916238
95.950000 -1.912811
96.000000 -1.919663
96.050000 -1.960774
96.100000 -1.974477
96.150000 -1.953922
96.200000 -1.964200
96.250000 -1.998459
96.300000 -1.991606
96.350000 -1.929941
96.400000 -1.847719
96.450000 -1.744943
96.500000 -1.635315
96.550000 -1.535964
96.600000 -1.440039
96.650000 -1.364669
96.700000 -1.354391
96.750000 -1.416058
96.800000 -1.535963
96.850000 -1.714110
96.900000 -1.936792
96.950000 -2.159476
97.000000 -2.334196
97.050000 -2.474657
97.100000 -2.597990
97.150000 -2.683637
97.200000 -2.669933
97.250000 -2.567157
97.300000 -2.436973
97.350000 -2.269104
97.400000 -2.042995
97.450000 -1.803183
97.500000 -1.628463
97.550000 -1.511982
97.600000 -1.446891
97.650000 -1.464019
97.700000 -1.546241
97.750000 -1.652444
97.800000 -1.806608
97.850000 -2.005310
97.900000 -2.200586
97.950000 -2.354751
98.000000 -2.478083
98.050000 -2.567156
98.100000 -2.604841
98.150000 -2.567156
98.200000 -2.478083
98.250000 -2.371881
98.300000 -2.262252
98.350000 -2.142346
98.400000 -2.032718
98.450000 -1.964200
98.500000 -1.936793
98.550000 -1.916237
98.600000 -1.947070
98.650000 -2.046421
98.700000 -2.159476
98.750000 -2.245123
98.800000 -2.334196
98.850000 -2.423269
98.900000 -2.471232
98.950000 -2.450676
99.000000 -2.406140
99.050000 -2.358177
99.100000 -2.272530
99.150000 -2.132068
99.200000 -1.998459
99.250000 -1.881978
99.300000 -1.744943
99.350000 -1.604481
99.400000 -1.518834
99.450000 -1.474298
99.500000 -1.453742
99.550000 -1.474298
99.600000 -1.529111
99.650000 -1.614759
99.700000 -1.741517
99.750000 -1.892256
99.800000 -2.053273
99.850000 -2.234845
99.900000 -2.426695
99.950000 -2.563731
100.000000 -2.639101
100.050000 -2.673359
100.100000 -2.666507
100.150000 -2.577434
100.200000 -2.433547
100.250000 -2.272530
100.300000 -2.114939
100.350000 -1.947070
100.400000 -1.799757
100.450000 -1.710684
100.500000 -1.690129
100.550000 -1.707258
100.600000 -1.748368
100.650000 -1.810035
100.700000 -1.892256
100.750000 -1.964200
100.800000 -1.967625
100.850000 -1.940219
100.900000 -1.902534
100.950000 -1.816886
101.000000 -1.693555
101.050000 -1.601055
101.100000 -1.546242
101.150000 -1.515408
101.200000 -1.542815
101.250000 -1.621611
101.300000 -1.710684
101.350000 -1.806608
101.400000 -1.923090
101.450000 -2.022439
101.500000 -2.063551
101.550000 -2.042995
101.600000 -1.953922
101.650000 -1.806609
101.700000 -1.655869
101.750000 -1.505130
101.800000 -1.354392
101.850000 -1.244763
101.900000 -1.200226
101.950000 -1.203652
102.000000 -1.261892
102.050000 -1.395502
102.100000 -1.535963
102.150000 -1.649018
102.200000 -1.775776
102.250000 -1.916238
102.300000 -2.001885
102.350000 -2.019014
102.400000 -2.019014
102.450000 -2.022440
102.500000 -1.995033
102.550000 -1.940218
102.600000 -1.895682
102.650000 -1.902534
102.700000 -1.936793
102.750000 -1.953922
102.800000 -1.960774
102.850000 -2.008736
102.900000 -2.084106
102.950000 -2.135494
103.000000 -2.128643
103.050000 -2.097810
103.100000 -2.053273
103.150000 -1.974477
103.200000 -1.875127
103.250000 -1.786053
103.300000 -1.686703
103.350000 -1.542815
103.400000 -1.388650
103.450000 -1.282448
103.500000 -1.200226
103.550000 -1.114579
103.600000 -1.049487
103.650000 -1.035784
103.700000 -1.056339
103.750000 -1.083746
103.800000 -1.128283
103.850000 -1.196801
103.900000 -1.282448
103.950000 -1.357817
104.000000 -1.416058
104.050000 -1.457168
104.100000 -1.505131
104.150000 -1.549667
104.200000 -1.587352
104.250000 -1.597629
104.300000 -1.594204
104.350000 -1.577074
104.400000 -1.556519
104.450000 -1.556519
104.500000 -1.577075
104.550000 -1.601055
104.600000 -1.625036
104.650000 -1.659296
104.700000 -1.693555
104.750000 -1.717536
104.800000 -1.755220
104.850000 -1.786053
104.900000 -1.786053
104.950000 -1.772350
105.000000 -1.803183
105.050000 -1.871701
105.100000 -1.936792
105.150000 -1.981329
105.200000 -2.005311
105.250000 -2.039569
105.300000 -2.056699
105.350000 -2.036143
105.400000 -2.019014
105.450000 -2.012162
105.500000 -1.971051
105.550000 -1.868275
105.600000 -1.775776
105.650000 -1.734665
105.700000 -1.696981
105.750000 -1.642166
105.800000 -1.601055
105.850000 -1.590778
105.900000 -1.587351
105.950000 -1.594204
106.000000 -1.607907
106.050000 -1.631889
106.100000 -1.669573
106.150000 -1.679851
106.200000 -1.631889
106.250000 -1.577074
106.300000 -1.546241
106.350000 -1.484575
106.400000 -1.381798
106.450000 -1.296152
106.500000 -1.220781
106.550000 -1.141986
106.600000 -1.097450
106.650000 -1.090598
106.700000 -1.087172
106.750000 -1.107727
106.800000 -1.193374
106.850000 -1.323558
106.900000 -1.467446
106.950000 -1.614759
107.000000 -1.748369
107.050000 -1.871701
107.100000 -2.001884
107.150000 -2.108087
107.200000 -2.166327
107.250000 -2.224567
107.300000 -2.269104
107.350000 -2.241697
107.400000 -2.145772
107.450000 -2.046421
107.500000 -1.936793
107.550000 -1.799758
107.600000 -1.672999
107.650000 -1.590778
107.700000 -1.498279
107.750000 -1.378373
107.800000 -1.282448
107.850000 -1.248189
107.900000 -1.248189
107.950000 -1.248189
108.000000 -1.272170
108.050000 -1.344113
108.100000 -1.440038
108.150000 -1.515409
108.200000 -1.594204
108.250000 -1.707258
108.300000 -1.820313
108.350000 -1.881979
108.400000 -1.940219
108.450000 -2.005310
108.500000 -2.025866
108.550000 -1.991607
108.600000 -1.950496
108.650000 -1.912811
108.700000 -1.844294
108.750000 -1.751794
108.800000 -1.666147
108.850000 -1.587352
108.900000 -1.518835
108.950000 -1.457168
109.000000 -1.436613
109.050000 -1.457168
109.100000 -1.488001
109.150000 -1.515409
109.200000 -1.556519
109.250000 -1.635314
109.300000 -1.703833
109.350000 -1.724388
109.400000 -1.744943
109.450000 -1.796331
109.500000 -1.827164
109.550000 -1.806609
109.600000 -1.762072
109.650000 -1.734665
109.700000 -1.710684
109.750000 -1.679851
109.800000 -1.635314
109.850000 -1.590778
109.900000 -1.559945
109.950000 -1.535964
110.000000 -1.532538
110.050000 -1.559945
110.100000 -1.614759
110.150000 -1.683277
110.200000 -1.779201
110.250000 -1.895682
110.300000 -1.984755
110.350000 -2.063551
110.400000 -2.176605
110.450000 -2.296511
110.500000 -2.375307
110.550000 -2.412992
110.600000 -2.430121
110.650000 -2.409565
110.700000 -2.344474
110.750000 -2.245123
110.800000 -2.128643
110.850000 -1.991607
110.900000 -1.844293
110.950000 -1.690129
111.000000 -1.601055
111.050000 -1.601055
111.100000 -1.635315
111.150000 -1.673000
111.200000 -1.768924
111.250000 -1.940219
111.300000 -2.111513
111.350000 -2.248549
111.400000 -2.371881
111.450000 -2.464380
111.500000 -2.488360
111.550000 -2.443824
111.600000 -2.334196
111.650000 -2.183457
111.700000 -2.025865
111.750000 -1.857997
111.800000 -1.690129
111.850000 -1.594204
111.900000 -1.587352
111.950000 -1.618185
112.000000 -1.690128
112.050000 -1.834016
112.100000 -1.998459
112.150000 -2.121791
112.200000 -2.227994
112.250000 -2.330770
112.300000 -2.351326
112.350000 -2.293085
112.400000 -2.190308
112.450000 -2.029292
112.500000 -1.823738
112.550000 -1.652443
112.600000 -1.532537
112.650000 -1.419484
112.700000 -1.340688
112.750000 -1.361243
112.800000 -1.457168
112.850000 -1.594204
112.900000 -1.731240
112.950000 -1.854571
113.000000 -1.984755
113.050000 -2.121791
113.100000 -2.234845
113.150000 -2.306788
113.200000 -2.351326
113.250000 -2.347900
113.300000 -2.279382
113.350000 -2.166327
113.400000 -2.053273
113.450000 -1.953922
113.500000 -1.854572
113.550000 -1.748369
113.600000 -1.683277
113.650000 -1.676426
113.700000 -1.700407
113.750000 -1.731239
113.800000 -1.803183
113.850000 -1.926515
113.900000 -2.063551
113.950000 -2.169754
114.000000 -2.241697
114.050000 -2.323918
114.100000 -2.406140
114.150000 -2.457528
114.200000 -2.491787
114.250000 -2.508916
114.300000 -2.498639
114.350000 -2.471232
114.400000 -2.447250
114.450000 -2.440399
114.500000 -2.423270
114.550000 -2.382158
114.600000 -2.337622
114.650000 -2.310214
114.700000 -2.262253
114.750000 -2.145772
114.800000 -2.005311
114.850000 -1.895682
114.900000 -1.810034
114.950000 -1.686703
115.000000 -1.580500
115.050000 -1.556519
115.100000 -1.587352
115.150000 -1.607907
115.200000 -1.625037
115.250000 -1.672999
115.300000 -1.727813
115.350000 -1.758647
115.400000 -1.782627
115.450000 -1.820312
115.500000 -1.830590
115.550000 -1.779202
115.600000 -1.738091
115.650000 -1.738091
115.700000 -1.703832
115.750000 -1.642166
115.800000 -1.628463
115.850000 -1.679851
115.900000 -1.755221
115.950000 -1.861424
116.000000 -2.008736
116.050000 -2.149198
116.100000 -2.296511
116.150000 -2.457528
116.200000 -2.608268
116.250000 -2.731599
116.300000 -2.841228
116.350000 -2.920023
116.400000 -2.961133
116.450000 -2.995393
116.500000 -3.002245
116.550000 -2.940578
116.600000 -2.841228
116.650000 -2.714469
116.700000 -2.546602
116.750000 -2.368455
116.800000 -2.197160
116.850000 -2.032717
116.900000 -1.892256
116.950000 -1.792905
117.000000 -1.710684
117.050000 -1.662721
117.100000 -1.679851
117.150000 -1.751794
117.200000 -1.840868
117.250000 -1.960774
117.300000 -2.097809
117.350000 -2.200586
117.400000 -2.275956
117.450000 -2.323918
117.500000 -2.303363
117.550000 -2.197161
117.600000 -2.056699
117.650000 -1.919663
117.700000 -1.758646
117.750000 -1.549667
117.800000 -1.326984
117.850000 -1.155690
117.900000 -1.035784
117.950000 -0.967266
118.000000 -0.974117
118.050000 -1.059765
118.100000 -1.179671
118.150000 -1.326984
118.200000 -1.498279
118.250000 -1.690129
118.300000 -1.885404
118.350000 -2.046421
118.400000 -2.183457
118.450000 -2.293085
118.500000 -2.371880
118.550000 -2.406140
118.600000 -2.426695
118.650000 -2.430121
118.700000 -2.406140
118.750000 -2.375307
118.800000 -2.365029
118.850000 -2.368454
118.900000 -2.371881
118.950000 -2.371881
119.000000 -2.365029
119.050000 -2.341047
119.100000 -2.313641
119.150000 -2.265678
119.200000 -2.186882
119.250000 -2.094384
119.300000 -2.005311
119.350000 -1.888830
119.400000 -1.755220
119.450000 -1.659296
119.500000 -1.563371
119.550000 -1.440039
119.600000 -1.344114
119.650000 -1.306429
119.700000 -1.285874
119.750000 -1.292725
119.800000 -1.364669
119.850000 -1.481150
119.900000 -1.614759
119.950000 -1.765498
120.000000 -1.947070
120.050000 -2.121791
120.100000 -2.272530
120.150000 -2.385584
120.200000 -2.450677
120.250000 -2.495213
120.300000 -2.526046
120.350000 -2.491787
120.400000 -2.368455
120.450000 -2.221142
120.500000 -2.090958
120.550000 -1.947070
120.600000 -1.782627
120.650000 -1.655870
120.700000 -1.590778
120.750000 -1.566796
120.800000 -1.594204
120.850000 -1.672999
120.900000 -1.758646
120.950000 -1.847719
121.000000 -1.960774
121.050000 -2.077254
121.100000 -2.152623
121.150000 -2.190308
121.200000 -2.190308
121.250000 -2.149198
121.300000 -2.073828
121.350000 -1.984755
121.400000 -1.902534
121.450000 -1.854571
121.500000 -1.840868
121.550000 -1.844294
121.600000 -1.864849
121.650000 -1.912811
121.700000 -1.998459
121.750000 -2.090957
121.800000 -2.162901
121.850000 -2.210864
121.900000 -2.224567
121.950000 -2.193734
122.000000 -2.114939
122.050000 -2.019014
122.100000 -1.919663
122.150000 -1.786053
122.200000 -1.638740
122.250000 -1.546241
122.300000 -1.515408
122.350000 -1.491427
122.400000 -1.491427
122.450000 -1.570223
122.500000 -1.693555
122.550000 -1.816886
122.600000 -1.960774
122.650000 -2.118365
122.700000 -2.245123
122.750000 -2.344474
122.800000 -2.419843
122.850000 -2.464380
122.900000 -2.478083
122.950000 -2.454102
123.000000 -2.382158
123.050000 -2.327344
123.100000 -2.313641
123.150000 -2.286234
123.200000 -2.251974
123.250000 -2.282807
123.300000 -2.327344
123.350000 -2.327344
123.400000 -2.334195
123.450000 -2.378733
123.500000 -2.402714
123.550000 -2.368455
123.600000 -2.299937
123.650000 -2.241696
123.700000 -2.156050
123.750000 -2.039570
123.800000 -1.916237
123.850000 -1.844294
123.900000 -1.810035
123.950000 -1.772350
124.000000 -1.727813
124.050000 -1.717536
124.100000 -1.768924
124.150000 -1.823739
124.200000 -1.868275
124.250000 -1.929941
124.300000 -1.977903
124.350000 -1.988181
124.400000 -1.977903
124.450000 -1.943645
124.500000 -1.844293
124.550000 -1.707258
124.600000 -1.590778
124.650000 -1.470872
124.700000 -1.320132
124.750000 -1.200226
124.800000 -1.141987
124.850000 -1.135135
124.900000 -1.162541
124.950000 -1.241337
125.000000 -1.357817
125.050000 -1.505130
125.100000 -1.669573
125.150000 -1.840868
125.200000 -1.998458
125.250000 -2.132068
125.300000 -2.214290
125.350000 -2.234846
125.400000 -2.224568
125.450000 -2.180031
125.500000 -2.111514
125.550000 -2.029291
125.600000 -1.947070
125.650000 -1.851145
125.700000 -1.744943
125.750000 -1.662721
125.800000 -1.631888
125.850000 -1.625037
125.900000 -1.631889
125.950000 -1.652444
126.000000 -1.676425
126.050000 -1.727813
126.100000 -1.782627
126.150000 -1.816886
126.200000 -1.823738
126.250000 -1.816887
126.300000 -1.779202
126.350000 -1.700407
126.400000 -1.583926
126.450000 -1.477724
126.500000 -1.385224
126.550000 -1.285874
126.600000 -1.186523
126.650000 -1.135134
126.700000 -1.145412
126.750000 -1.189948
126.800000 -1.268744
126.850000 -1.398928
126.900000 -1.546241
126.950000 -1.683277
127.000000 -1.823739
127.050000 -1.964200
127.100000 -2.046421
127.150000 -2.073828
127.200000 -2.080680
127.250000 -2.077254
127.300000 -2.039569
127.350000 -1.977903
127.400000 -1.923089
127.450000 -1.875127
127.500000 -1.851145
127.550000 -1.854571
127.600000 -1.857997
127.650000 -1.844293
127.700000 -1.820313
127.750000 -1.803183
127.800000 -1.786054
127.850000 -1.772350
127.900000 -1.744942
127.950000 -1.690128
128.000000 -1.652444
128.050000 -1.631889
128.100000 -1.583926
128.150000 -1.522259
128.200000 -1.477724
128.250000 -1.436612
128.300000 -1.385224
128.350000 -1.344114
128.400000 -1.316707
128.450000 -1.265318
128.500000 -1.186522
128.550000 -1.128283
128.600000 -1.124857
128.650000 -1.179671
128.700000 -1.265318
128.750000 -1.344113
128.800000 -1.436612
128.850000 -1.556519
128.900000 -1.659296
128.950000 -1.717536
129.000000 -1.738091
129.050000 -1.727813
129.100000 -1.679851
129.150000 -1.590777
129.200000 -1.491427
129.250000 -1.398928
129.300000 -1.323559
129.350000 -1.237911
129.400000 -1.145412
129.450000 -1.107727
129.500000 -1.128283
129.550000 -1.155689
129.600000 -1.179671
129.650000 -1.251614
129.700000 -1.340688
129.750000 -1.381798
129.800000 -1.405779
129.850000 -1.443464
129.900000 -1.457168
129.950000 -1.436613
130.000000 -1.405780
130.050000 -1.388651
130.100000 -1.388651
130.150000 -1.416057
130.200000 -1.464019
130.250000 -1.549667
130.300000 -1.655869
130.350000 -1.748369
130.400000 -1.837442
130.450000 -1.947071
130.500000 -2.029291
130.550000 -2.073828
130.600000 -2.125217
130.650000 -2.186882
130.700000 -2.227994
130.750000 -2.238271
130.800000 -2.245123
130.850000 -2.245123
130.900000 -2.227993
130.950000 -2.176605
131.000000 -2.121791
131.050000 -2.097809
131.100000 -2.080680
131.150000 -2.042995
131.200000 -2.012162
131.250000 -1.998459
131.300000 -1.977903
131.350000 -1.929941
131.400000 -1.878553
131.450000 -1.830590
131.500000 -1.758646
131.550000 -1.669573
131.600000 -1.601055
131.650000 -1.539389
131.700000 -1.474298
131.750000 -1.429761
131.800000 -1.409206
131.850000 -1.419484
131.900000 -1.491427
131.950000 -1.618185
132.000000 -1.772350
132.050000 -1.940219
132.100000 -2.135494
132.150000 -2.296512
132.200000 -2.392436
132.250000 -2.457528
132.300000 -2.505490
132.350000 -2.505491
132.400000 -2.457528
132.450000 -2.412991
132.500000 -2.361603
132.550000 -2.299937
132.600000 -2.269104
132.650000 -2.286233
132.700000 -2.286234
132.750000 -2.269104
132.800000 -2.272530
132.850000 -2.262252
132.900000 -2.193735
132.950000 -2.108087
133.000000 -2.008737
133.050000 -1.864849
133.100000 -1.703832
133.150000 -1.553093
133.200000 -1.440039
133.250000 -1.381799
133.300000 -1.374947
133.350000 -1.374947
133.400000 -1.409205
133.450000 -1.498278
133.500000 -1.594204
133.550000 -1.672999
133.600000 -1.765498
133.650000 -1.851145
133.700000 -1.864849
133.750000 -1.823738
133.800000 -1.775776
133.850000 -1.707258
133.900000 -1.618185
133.950000 -1.535964
134.000000 -1.464019
134.050000 -1.381798
134.100000 -1.320133
134.150000 -1.299578
134.200000 -1.299577
134.250000 -1.316707
134.300000 -1.388651
134.350000 -1.494853
134.400000 -1.601055
134.450000 -1.720962
134.500000 -1.844293
134.550000 -1.916237
134.600000 -1.953923
134.650000 -2.008736
134.700000 -2.046421
134.750000 -2.019014
134.800000 -1.977903
134.850000 -1.953922
134.900000 -1.895682
134.950000 -1.834016
135.000000 -1.820313
135.050000 -1.827164
135.100000 -1.827164
135.150000 -1.830590
135.200000 -1.868275
135.250000 -1.916237
135.300000 -1.964200
135.350000 -1.988181
135.400000 -1.991607
135.450000 -1.998459
135.500000 -1.995033
135.550000 -1.947070
135.600000 -1.885405
135.650000 -1.827164
135.700000 -1.768924
135.750000 -1.720962
135.800000 -1.717536
135.850000 -1.727813
135.900000 -1.710684
135.950000 -1.710684
136.000000 -1.762073
136.050000 -1.813461
136.100000 -1.851146
136.150000 -1.885404
136.200000 -1.902534
136.250000 -1.909386
136.300000 -1.947071
136.350000 -1.991606
136.400000 -2.029291
136.450000 -2.094383
136.500000 -2.166328
136.550000 -2.217716
136.600000 -2.296512
136.650000 -2.416417
136.700000 -2.515768
136.750000 -2.570582
136.800000 -2.628823
136.850000 -2.673359
136.900000 -2.663081
136.950000 -2.597990
137.000000 -2.519194
137.050000 -2.423270
137.100000 -2.320492
137.150000 -2.207438
137.200000 -2.094384
137.250000 -1.988181
137.300000 -1.892256
137.350000 -1.813461
137.400000 -1.765498
137.450000 -1.786053
137.500000 -1.837442
137.550000 -1.878552
137.600000 -1.926515
137.650000 -2.005310
137.700000 -2.080680
137.750000 -2.145772
137.800000 -2.214289
137.850000 -2.258826
137.900000 -2.245123
137.950000 -2.180031
138.000000 -2.104661
138.050000 -1.995033
138.100000 -1.837442
138.150000 -1.631888
138.200000 -1.433187
138.250000 -1.261892
138.300000 -1.107727
138.350000 -0.953563
138.400000 -0.850785
138.450000 -0.840508
138.500000 -0.902174
138.550000 -1.001525
138.600000 -1.148838
138.650000 -1.350965
138.700000 -1.577074
138.750000 -1.772350
138.800000 -1.929941
138.850000 -2.053273
138.900000 -2.128642
138.950000 -2.152623
139.000000 -2.135494
139.050000 -2.094383
139.100000 -2.022440
139.150000 -1.919663
139.200000 -1.816886
139.250000 -1.772350
139.300000 -1.775776
139.350000 -1.786054
139.400000 -1.820312
139.450000 -1.912811
139.500000 -2.005311
139.550000 -2.066976
139.600000 -2.152624
139.650000 -2.251975
139.700000 -2.306788
139.750000 -2.341047
139.800000 -2.399287
139.850000 -2.471232
139.900000 -2.519194
139.950000 -2.560305
140.000000 -2.618545
140.050000 -2.683637
140.100000 -2.728173
140.150000 -2.724747
140.200000 -2.693914
140.250000 -2.663082
140.300000 -2.604842
140.350000 -2.481509
140.400000 -2.330770
140.450000 -2.180031
140.500000 -1.998459
140.550000 -1.786054
140.600000 -1.618185
140.650000 -1.505130
140.700000 -1.436612
140.750000 -1.433187
140.800000 -1.511982
140.850000 -1.611333
140.900000 -1.700407
140.950000 -1.786053
141.000000 -1.881978
141.050000 -1.971052
141.100000 -2.015588
141.150000 -1.995032
141.200000 -1.967626
141.250000 -1.957348
141.300000 -1.929940
141.350000 -1.864849
141.400000 -1.806608
141.450000 -1.768925
141.500000 -1.751795
141.550000 -1.738091
141.600000 -1.731239
141.650000 -1.734665
141.700000 -1.741517
141.750000 -1.707259
141.800000 -1.645592
141.850000 -1.601055
141.900000 -1.556519
141.950000 -1.488001
142.000000 -1.443464
142.050000 -1.453742
142.100000 -1.491427
142.150000 -1.542816
142.200000 -1.635314
142.250000 -1.762072
142.300000 -1.864849
142.350000 -1.916237
142.400000 -1.926515
142.450000 -1.916238
142.500000 -1.895682
142.550000 -1.840868
142.600000 -1.731240
142.650000 -1.618184
142.700000 -1.542815
142.750000 -1.481149
142.800000 -1.429761
142.850000 -1.405780
142.900000 -1.422909
142.950000 -1.470872
143.000000 -1.556519
143.050000 -1.666147
143.100000 -1.762072
143.150000 -1.820312
143.200000 -1.844294
143.250000 -1.834016
143.300000 -1.786054
143.350000 -1.707258
143.400000 -1.604482
143.450000 -1.508556
143.500000 -1.433187
143.550000 -1.344113
143.600000 -1.268744
143.650000 -1.265318
143.700000 -1.320132
143.750000 -1.381799
143.800000 -1.446891
143.850000 -1.553093
143.900000 -1.676425
143.950000 -1.810035
144.000000 -1.943644
144.050000 -2.066977
144.100000 -2.176605
144.150000 -2.269104
144.200000 -2.334195
144.250000 -2.344474
144.300000 -2.327344
144.350000 -2.299937
144.400000 -2.255401
144.450000 -2.197160
144.500000 -2.156050
144.550000 -2.135494
144.600000 -2.114939
144.650000 -2.108087
144.700000 -2.104661
144.750000 -2.084106
144.800000 -2.066977
144.850000 -2.087532
144.900000 -2.090958
144.950000 -2.036144
145.000000 -1.964200
145.050000 -1.895682
145.100000 -1.816887
145.150000 -1.703832
145.200000 -1.611333
145.250000 -1.570222
145.300000 -1.556518
145.350000 -1.577074
145.400000 -1.652444
145.450000 -1.779202
145.500000 -1.919663
145.550000 -2.053273
145.600000 -2.176605
145.650000 -2.286234
145.700000 -2.371881
145.750000 -2.385584
145.800000 -2.330770
145.850000 -2.255401
145.900000 -2.193734
145.950000 -2.101236
146.000000 -1.984755
146.050000 -1.885405
146.100000 -1.806609
146.150000 -1.717536
146.200000 -1.652444
146.250000 -1.628463
146.300000 -1.604481
146.350000 -1.522260
146.400000 -1.440038
146.450000 -1.402354
146.500000 -1.371521
146.550000 -1.320132
146.600000 -1.299577
146.650000 -1.330410
146.700000 -1.378372
146.750000 -1.440039
146.800000 -1.556519
146.850000 -1.690129
146.900000 -1.786053
146.950000 -1.840867
147.000000 -1.847720
147.050000 -1.827164
147.100000 -1.782627
147.150000 -1.690129
147.200000 -1.553093
147.250000 -1.419483
147.300000 -1.323559
147.350000 -1.241337
147.400000 -1.196801
147.450000 -1.227633
147.500000 -1.309855
147.550000 -1.436613
147.600000 -1.621611
147.650000 -1.830590
147.700000 -2.012162
147.750000 -2.152624
147.800000 -2.265678
147.850000 -2.323918
147.900000 -2.310215
147.950000 -2.241696
148.000000 -2.142346
148.050000 -2.008736
148.100000 -1.827164
148.150000 -1.621611
148.200000 -1.443465
148.250000 -1.313281
148.300000 -1.224207
148.350000 -1.165968
148.400000 -1.131709
148.450000 -1.165967
148.500000 -1.241337
148.550000 -1.309855
148.600000 -1.368095
148.650000 -1.460593
148.700000 -1.573648
148.750000 -1.655870
148.800000 -1.700407
148.850000 -1.703832
148.900000 -1.649018
148.950000 -1.559944
149.000000 -1.498279
149.050000 -1.460594
149.100000 -1.416058
149.150000 -1.395502
149.200000 -1.429761
149.250000 -1.488001
149.300000 -1.559945
149.350000 -1.669573
149.400000 -1.810035
149.450000 -1.964200
149.500000 -2.118365
149.550000 -2.234845
149.600000 -2.289660
149.650000 -2.306788
149.700000 -2.303363
149.750000 -2.245123
149.800000 -2.138920
149.850000 -2.029292
149.900000 -1.926515
149.950000 -1.813460
150.000000 -1.690128
150.050000 -1.590778
150.100000 -1.535964
150.150000 -1.518834
150.200000 -1.539390
150.250000 -1.580500
150.300000 -1.607907
150.350000 -1.618185
150.400000 -1.621611
150.450000 -1.618185
150.500000 -1.611333
150.550000 -1.597629
150.600000 -1.583926
150.650000 -1.594203
150.700000 -1.614759
150.750000 -1.621611
150.800000 -1.631889
150.850000 -1.707258
150.900000 -1.782627
150.950000 -1.792906
151.000000 -1.816887
151.050000 -1.892256
151.100000 -1.919663
151.150000 -1.864849
151.200000 -1.796331
151.250000 -1.720962
151.300000 -1.594204
151.350000 -1.450316
151.400000 -1.361244
151.450000 -1.333836
151.500000 -1.330410
151.550000 -1.357817
151.600000 -1.426335
151.650000 -1.542815
151.700000 -1.686703
151.750000 -1.820312
151.800000 -1.929941
151.850000 -2.032717
151.900000 -2.104662
151.950000 -2.090958
152.000000 -2.001885
152.050000 -1.868275
152.100000 -1.710684
152.150000 -1.539390
152.200000 -1.364670
152.250000 -1.200226
152.300000 -1.097450
152.350000 -1.063190
152.400000 -1.059765
152.450000 -1.094023
152.500000 -1.179670
152.550000 -1.265318
152.600000 -1.323558
152.650000 -1.385224
152.700000 -1.429761
152.750000 -1.419483
152.800000 -1.368095
152.850000 -1.309855
152.900000 -1.231059
152.950000 -1.121431
153.000000 -1.015228
153.050000 -0.943285
153.100000 -0.898748
153.150000 -0.888471
153.200000 -0.956988
153.250000 -1.090598
153.300000 -1.258467
153.350000 -1.443465
153.400000 -1.645592
153.450000 -1.847720
153.500000 -2.039570
153.550000 -2.207438
153.600000 -2.320492
153.650000 -2.385584
153.700000 -2.412992
153.750000 -2.382158
153.800000 -2.320493
153.850000 -2.227993
153.900000 -2.080680
153.950000 -1.892256
154.000000 -1.690128
154.050000 -1.481149
154.100000 -1.292726
154.150000 -1.148838
154.200000 -1.035784
154.250000 -0.953562
154.300000 -0.939859
154.350000 -0.984395
154.400000 -1.042635
154.450000 -1.118004
154.500000 -1.237911
154.550000 -1.388650
154.600000 -1.535964
154.650000 -1.662722
154.700000 -1.748369
154.750000 -1.816887
154.800000 -1.905960
154.850000 -1.991607
154.900000 -1.988181
154.950000 -1.923089
155.000000 -1.871700
155.050000 -1.827164
155.100000 -1.762072
155.150000 -1.707258
155.200000 -1.666148
155.250000 -1.628462
155.300000 -1.597630
155.350000 -1.604481
155.400000 -1.655870
155.450000 -1.741517
155.500000 -1.827164
155.550000 -1.923089
155.600000 -2.039570
155.650000 -2.166328
155.700000 -2.255400
155.750000 -2.289659
155.800000 -2.282807
155.850000 -2.258826
155.900000 -2.214289
155.950000 -2.121791
156.000000 -1.977904
156.050000 -1.837442
156.100000 -1.710684
156.150000 -1.577074
156.200000 -1.470871
156.250000 -1.426335
156.300000 -1.422910
156.350000 -1.436613
156.400000 -1.508557
156.450000 -1.621611
156.500000 -1.710684
156.550000 -1.765498
156.600000 -1.820312
156.650000 -1.854571
156.700000 -1.827164
156.750000 -1.744942
156.800000 -1.669573
156.850000 -1.611333
156.900000 -1.553093
156.950000 -1.491427
157.000000 -1.467446
157.050000 -1.491427
157.100000 -1.518834
157.150000 -1.532538
157.200000 -1.570222
157.250000 -1.659296
157.300000 -1.724388
157.350000 -1.727814
157.400000 -1.703833
157.450000 -1.700406
157.500000 -1.666147
157.550000 -1.573648
157.600000 -1.491427
157.650000 -1.433187
157.700000 -1.361243
157.750000 -1.289299
157.800000 -1.261892
157.850000 -1.265318
157.900000 -1.279021
157.950000 -1.316707
158.000000 -1.368095
158.050000 -1.416058
158.100000 -1.464019
158.150000 -1.501705
158.200000 -1.518834
158.250000 -1.529112
158.300000 -1.549667
158.350000 -1.539390
158.400000 -1.518834
158.450000 -1.511982
158.500000 -1.491427
158.550000 -1.440038
158.600000 -1.429761
158.650000 -1.467446
158.700000 -1.498279
158.750000 -1.525686
158.800000 -1.570222
158.850000 -1.611333
158.900000 -1.642166
158.950000 -1.703832
159.000000 -1.782628
159.050000 -1.847719
159.100000 -1.923089
159.150000 -2.008736
159.200000 -2.073828
159.250000 -2.108087
159.300000 -2.135495
159.350000 -2.166327
159.400000 -2.200586
159.450000 -2.214290
159.500000 -2.214290
159.550000 -2.200586
159.600000 -2.183457
159.650000 -2.145772
159.700000 -2.087532
159.750000 -2.025866
159.800000 -1.974477
159.850000 -1.912811
159.900000 -1.847719
159.950000 -1.792905
160.000000 -1.738091
160.050000 -1.683277
160.100000 -1.659295
160.150000 -1.645592
160.200000 -1.590778
160.250000 -1.546242
160.300000 -1.563371
160.350000 -1.583926
160.400000 -1.597629
160.450000 -1.638740
160.500000 -1.679851
160.550000 -1.690129
160.600000 -1.714110
160.650000 -1.762072
160.700000 -1.765498
160.750000 -1.720961
160.800000 -1.683277
160.850000 -1.631888
160.900000 -1.553093
160.950000 -1.488001
161.000000 -1.422909
161.050000 -1.347539
161.100000 -1.323558
161.150000 -1.333836
161.200000 -1.337262
161.250000 -1.378372
161.300000 -1.470871
161.350000 -1.532537
161.400000 -1.559945
161.450000 -1.618185
161.500000 -1.642166
161.550000 -1.580500
161.600000 -1.525686
161.650000 -1.498279
161.700000 -1.412632
161.750000 -1.292725
161.800000 -1.241337
161.850000 -1.196800
161.900000 -1.128282
161.950000 -1.111153
162.000000 -1.135134
162.050000 -1.152264
162.100000 -1.186523
162.150000 -1.237911
162.200000 -1.261892
162.250000 -1.282448
162.300000 -1.313280
162.350000 -1.313280
162.400000 -1.292726
162.450000 -1.282447
162.500000 -1.261892
162.550000 -1.224207
162.600000 -1.224208
162.650000 -1.265318
162.700000 -1.313281
162.750000 -1.388650
162.800000 -1.525686
162.850000 -1.683277
162.900000 -1.834016
162.950000 -1.991607
163.000000 -2.128643
163.050000 -2.217716
163.100000 -2.265678
163.150000 -2.272530
163.200000 -2.204012
163.250000 -2.108087
163.300000 -2.019014
163.350000 -1.892256
163.400000 -1.734665
163.450000 -1.611333
163.500000 -1.515408
163.550000 -1.409206
163.600000 -1.313281
163.650000 -1.258466
163.700000 -1.237911
163.750000 -1.248189
163.800000 -1.279022
163.850000 -1.292725
163.900000 -1.289300
163.950000 -1.299577
164.000000 -1.326984
164.050000 -1.368095
164.100000 -1.416058
164.150000 -1.474297
164.200000 -1.563371
164.250000 -1.686703
164.300000 -1.816887
164.350000 -1.912811
164.400000 -1.967626
164.450000 -1.998458
164.500000 -1.977904
164.550000 -1.871701
164.600000 -1.703832
164.650000 -1.522260
164.700000 -1.337262
164.750000 -1.118005
164.800000 -0.864489
164.850000 -0.662362
164.900000 -0.566437
164.950000 -0.511623
165.000000 -0.487641
165.050000 -0.552733
165.100000 -0.696620
165.150000 -0.840508
165.200000 -0.987821
165.250000 -1.131709
165.300000 -1.231059
165.350000 -1.268744
165.400000 -1.279022
165.450000 -1.241337
165.500000 -1.179671
165.550000 -1.135134
165.600000 -1.111153
165.650000 -1.073468
165.700000 -1.073469
165.750000 -1.121431
165.800000 -1.189948
165.850000 -1.265318
165.900000 -1.388651
165.950000 -1.532538
166.000000 -1.666148
166.050000 -1.779202
166.100000 -1.840868
166.150000 -1.810035
166.200000 -1.738091
166.250000 -1.662721
166.300000 -1.549667
166.350000 -1.405780
166.400000 -1.313281
166.450000 -1.261892
166.500000 -1.210504
166.550000 -1.224207
166.600000 -1.344114
166.650000 -1.501705
166.700000 -1.662722
166.750000 -1.875127
166.800000 -2.097810
166.850000 -2.275956
166.900000 -2.423269
166.950000 -2.505490
167.000000 -2.484935
167.050000 -2.385584
167.100000 -2.262252
167.150000 -2.114939
167.200000 -1.943645
167.250000 -1.789479
167.300000 -1.659295
167.350000 -1.559945
167.400000 -1.508557
167.450000 -1.515409
167.500000 -1.566796
167.550000 -1.659295
167.600000 -1.779202
167.650000 -1.885405
167.700000 -1.964200
167.750000 -2.022440
167.800000 -2.032718
167.850000 -2.005310
167.900000 -1.960774
167.950000 -1.878553
168.000000 -1.751795
168.050000 -1.638740
168.100000 -1.542815
168.150000 -1.426335
168.200000 -1.306429
168.250000 -1.227633
168.300000 -1.162541
168.350000 -1.097450
168.400000 -1.083746
168.450000 -1.124857
168.500000 -1.186522
168.550000 -1.275596
168.600000 -1.395502
168.650000 -1.508557
168.700000 -1.642166
168.750000 -1.772350
168.800000 -1.868275
168.850000 -1.936793
168.900000 -1.998459
168.950000 -2.029292
169.000000 -1.998459
169.050000 -1.953922
169.100000 -1.902534
169.150000 -1.830590
169.200000 -1.748369
169.250000 -1.686702
169.300000 -1.638740
169.350000 -1.590777
169.400000 -1.535963
169.450000 -1.477724
169.500000 -1.450317
169.550000 -1.467446
169.600000 -1.457168
169.650000 -1.422909
169.700000 -1.429761
169.750000 -1.450316
169.800000 -1.412631
169.850000 -1.357817
169.900000 -1.337262
169.950000 -1.292725
170.000000 -1.213930
170.050000 -1.145412
170.100000 -1.097449
170.150000 -1.025506
170.200000 -0.946711
170.250000 -0.926155
170.300000 -0.960414
170.350000 -1.015228
170.400000 -1.104301
170.450000 -1.255041
170.500000 -1.426335
170.550000 -1.583926
170.600000 -1.734665
170.650000 -1.861423
170.700000 -1.936793
170.750000 -1.977903
170.800000 -2.001884
170.850000 -1.991607
170.900000 -1.926515
170.950000 -1.837442
171.000000 -1.755221
171.050000 -1.707258
171.100000 -1.659296
171.150000 -1.607908
171.200000 -1.580500
171.250000 -1.614759
171.300000 -1.690129
171.350000 -1.765498
171.400000 -1.844293
171.450000 -1.933367
171.500000 -2.025866
171.550000 -2.111513
171.600000 -2.169753
171.650000 -2.200587
171.700000 -2.221142
171.750000 -2.200586
171.800000 -2.128642
171.850000 -2.039570
171.900000 -1.943644
171.950000 -1.820313
172.000000 -1.655869
172.050000 -1.491427
172.100000 -1.340688
172.150000 -1.217356
172.200000 -1.118005
172.250000 -1.035783
172.300000 -0.991247
172.350000 -0.998099
172.400000 -1.049487
172.450000 -1.145412
172.500000 -1.261892
172.550000 -1.378373
172.600000 -1.508556
172.650000 -1.652444
172.700000 -1.765498
172.750000 -1.834016
172.800000 -1.895682
172.850000 -1.950496
172.900000 -1.984756
172.950000 -2.008737
173.000000 -2.032717
173.050000 -2.046421
173.100000 -2.056699
173.150000 -2.053273
173.200000 -2.032717
173.250000 -2.001884
173.300000 -1.971052
173.350000 -1.881978
173.400000 -1.741517
173.450000 -1.625037
173.500000 -1.515409
173.550000 -1.371520
173.600000 -1.220782
173.650000 -1.104301
173.700000 -1.008377
173.750000 -0.922729
173.800000 -0.878193
173.850000 -0.881618
173.900000 -0.933007
173.950000 -1.025506
174.000000 -1.141986
174.050000 -1.275596
174.100000 -1.446890
174.150000 -1.618185
174.200000 -1.744943
174.250000 -1.844294
174.300000 -1.947071
174.350000 -2.022440
174.400000 -2.077255
174.450000 -2.138920
174.500000 -2.173179
174.550000 -2.152624
174.600000 -2.118365
174.650000 -2.114939
174.700000 -2.104662
174.750000 -2.077254
174.800000 -2.063551
174.850000 -2.063551
174.900000 -2.070403
174.950000 -2.066976
175.000000 -2.046421
175.050000 -2.008736
175.100000 -1.984755
175.150000 -1.950496
175.200000 -1.912812
175.250000 -1.895682
175.300000 -1.895682
175.350000 -1.857997
175.400000 -1.806609
175.450000 -1.782628
175.500000 -1.751795
175.550000 -1.707258
175.600000 -1.676425
175.650000 -1.652444
175.700000 -1.618185
175.750000 -1.570223
175.800000 -1.511982
175.850000 -1.481149
175.900000 -1.481150
175.950000 -1.467445
176.000000 -1.446890
176.050000 -1.505131
176.100000 -1.621610
176.150000 -1.710684
176.200000 -1.810035
176.250000 -1.967626
176.300000 -2.101235
176.350000 -2.159475
176.400000 -2.204012
176.450000 -2.224567
176.500000 -2.176605
176.550000 -2.114939
176.600000 -2.066977
176.650000 -1.977904
176.700000 -1.847720
176.750000 -1.717536
176.800000 -1.601055
176.850000 -1.488001
176.900000 -1.402354
176.950000 -1.340688
177.000000 -1.289299
177.050000 -1.258466
177.100000 -1.268744
177.150000 -1.285873
177.200000 -1.289299
177.250000 -1.299577
177.300000 -1.337261
177.350000 -1.368094
177.400000 -1.371521
177.450000 -1.368095
177.500000 -1.381799
177.550000 -1.381799
177.600000 -1.344113
177.650000 -1.337262
177.700000 -1.378373
177.750000 -1.419483
177.800000 -1.484575
177.850000 -1.601056
177.900000 -1.710684
177.950000 -1.792905
178.000000 -1.885404
178.050000 -1.988181
178.100000 -2.025865
178.150000 -2.005310
178.200000 -1.977904
178.250000 -1.950496
178.300000 -1.885405
178.350000 -1.779202
178.400000 -1.679851
178.450000 -1.625037
178.500000 -1.601055
178.550000 -1.587352
178.600000 -1.614759
178.650000 -1.724388
178.700000 -1.871701
178.750000 -2.001885
178.800000 -2.132068
178.850000 -2.282807
178.900000 -2.382159
178.950000 -2.423269
179.000000 -2.443825
179.050000 -2.433547
179.100000 -2.327344
179.150000 -2.180031
179.200000 -2.039570
179.250000 -1.892256
179.300000 -1.741516
179.350000 -1.621610
179.400000 -1.535964
179.450000 -1.470871
179.500000 -1.457168
179.550000 -1.481149
179.600000 -1.535964
179.650000 -1.652444
179.700000 -1.820313
179.750000 -1.981329
179.800000 -2.097809
179.850000 -2.204012
179.900000 -2.303363
179.950000 -2.368455
180.000000 -2.399287
180.050000 -2.416417
180.100000 -2.426695
180.150000 -2.419844
180.200000 -2.368454
180.250000 -2.293086
180.300000 -2.214290
180.350000 -2.132069
180.400000 -2.032717
180.450000 -1.933367
180.500000 -1.854571
180.550000 -1.748369
180.600000 -1.621611
180.650000 -1.522260
180.700000 -1.436613
180.750000 -1.292725
180.800000 -1.128283
180.850000 -1.022080
180.900000 -0.953562
180.950000 -0.895322
181.000000 -0.874767
181.050000 -0.902174
181.100000 -0.974117
181.150000 -1.107728
181.200000 -1.282448
181.250000 -1.474297
181.300000 -1.676425
181.350000 -1.905960
181.400000 -2.138920
181.450000 -2.358177
181.500000 -2.570583
181.550000 -2.728173
181.600000 -2.803543
181.650000 -2.834376
181.700000 -2.851506
181.750000 -2.810395
181.800000 -2.707618
181.850000 -2.601416
181.900000 -2.505490
181.950000 -2.365028
182.000000 -2.207438
182.050000 -2.084106
182.100000 -1.977904
182.150000 -1.878552
182.200000 -1.823738
182.250000 -1.830590
182.300000 -1.847720
182.350000 -1.875127
182.400000 -1.936792
182.450000 -2.025866
182.500000 -2.114939
182.550000 -2.180031
182.600000 -2.241697
182.650000 -2.269104
182.700000 -2.238271
182.750000 -2.135494
182.800000 -2.001885
182.850000 -1.864849
182.900000 -1.727814
182.950000 -1.580500
183.000000 -1.426335
183.050000 -1.296151
183.100000 -1.207078
183.150000 -1.162542
183.200000 -1.118005
183.250000 -1.073468
183.300000 -1.070042
183.350000 -1.070043
183.400000 -1.035783
183.450000 -1.001525
183.500000 -1.004951
183.550000 -0.998099
183.600000 -0.977544
183.650000 -0.980969
183.700000 -0.998099
183.750000 -1.015229
183.800000 -1.070043
183.850000 -1.148838
183.900000 -1.200226
183.950000 -1.237911
184.000000 -1.285874
184.050000 -1.299577
184.100000 -1.289299
184.150000 -1.279022
184.200000 -1.234485
184.250000 -1.165967
184.300000 -1.124857
184.350000 -1.076895
184.400000 -1.008376
184.450000 -1.001524
184.500000 -1.056339
184.550000 -1.090597
184.600000 -1.100875
184.650000 -1.155690
184.700000 -1.224208
184.750000 -1.234485
184.800000 -1.207078
184.850000 -1.189949
184.900000 -1.165967
184.950000 -1.094024
185.000000 -1.015228
185.050000 -0.974117
185.100000 -0.953562
185.150000 -0.929581
185.200000 -0.943285
185.250000 -1.032358
185.300000 -1.162541
185.350000 -1.303003
185.400000 -1.443465
185.450000 -1.587351
185.500000 -1.727813
185.550000 -1.857997
185.600000 -1.964200
185.650000 -2.025866
185.700000 -2.060125
185.750000 -2.066977
185.800000 -2.029292
185.850000 -1.960774
185.900000 -1.892256
185.950000 -1.813461
186.000000 -1.710684
186.050000 -1.635314
186.100000 -1.621611
186.150000 -1.642166
186.200000 -1.700407
186.250000 -1.799757
186.300000 -1.929940
186.350000 -2.073828
186.400000 -2.234845
186.450000 -2.402714
186.500000 -2.536324
186.550000 -2.594564
186.600000 -2.591137
186.650000 -2.563731
186.700000 -2.512342
186.750000 -2.395862
186.800000 -2.214290
186.850000 -2.029292
186.900000 -1.885404
186.950000 -1.751795
187.000000 -1.625037
187.050000 -1.539390
187.100000 -1.515408
187.150000 -1.522260
187.200000 -1.553093
187.250000 -1.628463
187.300000 -1.710684
187.350000 -1.744943
187.400000 -1.755220
187.450000 -1.768924
187.500000 -1.768924
187.550000 -1.765498
187.600000 -1.762073
187.650000 -1.751794
187.700000 -1.741517
187.750000 -1.744943
187.800000 -1.751795
187.850000 -1.796331
187.900000 -1.857997
187.950000 -1.899108
188.000000 -1.940218
188.050000 -2.015588
188.100000 -2.090958
188.150000 -2.114939
188.200000 -2.118365
188.250000 -2.101236
188.300000 -2.039569
188.350000 -1.919663
188.400000 -1.810034
188.450000 -1.714109
188.500000 -1.601056
188.550000 -1.477724
188.600000 -1.395502
188.650000 -1.344114
188.700000 -1.306429
188.750000 -1.316706
188.800000 -1.385225
188.850000 -1.481149
