time[ns] Raw_signal[mV]
-11.250000 0.225492
-11.200000 0.335120
-11.150000 0.417341
-11.100000 0.489286
-11.050000 0.533822
-11.000000 0.509840
-10.950000 0.434471
-10.900000 0.335120
-10.850000 0.208362
-10.800000 0.033641
-10.750000 -0.137653
-10.700000 -0.271263
-10.650000 -0.380891
-10.600000 -0.480242
-10.550000 -0.507649
-10.500000 -0.466538
-10.450000 -0.394595
-10.400000 -0.302096
-10.350000 -0.175338
-10.300000 -0.065709
-10.250000 0.030216
-10.200000 0.150122
-10.150000 0.235769
-10.100000 0.246047
-10.050000 0.228918
-10.000000 0.218640
-9.950000 0.160400
-9.900000 0.078178
-9.850000 0.013087
-9.800000 -0.062283
-9.750000 -0.137652
-9.700000 -0.168486
-9.650000 -0.195893
-9.600000 -0.254133
-9.550000 -0.278114
-9.500000 -0.240430
-9.450000 -0.216448
-9.400000 -0.223299
-9.350000 -0.185615
-9.300000 -0.117097
-9.250000 -0.072560
-9.200000 -0.024599
-9.150000 0.037068
-9.100000 0.081604
-9.050000 0.109011
-9.000000 0.132993
-8.950000 0.126141
-8.900000 0.078179
-8.850000 0.002809
-8.800000 -0.093116
-8.750000 -0.189041
-8.700000 -0.264410
-8.650000 -0.339780
-8.600000 -0.432280
-8.550000 -0.507649
-8.500000 -0.552185
-8.450000 -0.562463
-8.400000 -0.517927
-8.350000 -0.432279
-8.300000 -0.356910
-8.250000 -0.267836
-8.200000 -0.144505
-8.150000 -0.045153
-8.100000 0.016512
-8.050000 0.074752
-8.000000 0.119289
-7.950000 0.132993
-7.900000 0.136418
-7.850000 0.129566
-7.800000 0.098733
-7.750000 0.098734
-7.700000 0.139844
-7.650000 0.174103
-7.600000 0.201510
-7.550000 0.246047
-7.500000 0.283732
-7.450000 0.283731
-7.400000 0.283731
-7.350000 0.287158
-7.300000 0.273454
-7.250000 0.256325
-7.200000 0.246047
-7.150000 0.218640
-7.100000 0.187807
-7.050000 0.167251
-7.000000 0.170677
-6.950000 0.218640
-6.900000 0.300862
-6.850000 0.372805
-6.800000 0.420768
-6.750000 0.458453
-6.700000 0.475582
-6.650000 0.444749
-6.600000 0.403638
-6.550000 0.369379
-6.500000 0.321416
-6.450000 0.266603
-6.400000 0.204937
-6.350000 0.143271
-6.300000 0.095308
-6.250000 0.091882
-6.200000 0.115863
-6.150000 0.136419
-6.100000 0.170677
-6.050000 0.191233
-6.000000 0.191233
-5.950000 0.174103
-5.900000 0.160400
-5.850000 0.098734
-5.800000 -0.017747
-5.750000 -0.130801
-5.700000 -0.216448
-5.650000 -0.288392
-5.600000 -0.370613
-5.550000 -0.398020
-5.500000 -0.360335
-5.450000 -0.264410
-5.400000 -0.096541
-5.350000 0.136418
-5.300000 0.400212
-5.250000 0.657154
-5.200000 0.876411
-5.150000 1.051132
-5.100000 1.153908
-5.050000 1.164186
-5.000000 1.071687
-4.950000 0.893540
-4.900000 0.660580
-4.850000 0.407064
-4.800000 0.156974
-4.750000 -0.082838
-4.700000 -0.298669
-4.650000 -0.466537
-4.600000 -0.552185
-4.550000 -0.559036
-4.500000 -0.483667
-4.450000 -0.350058
-4.400000 -0.199319
-4.350000 -0.034876
-4.300000 0.119289
-4.250000 0.242621
-4.200000 0.331695
-4.150000 0.389934
-4.100000 0.400212
-4.050000 0.383083
-4.000000 0.352249
-3.950000 0.294010
-3.900000 0.208362
-3.850000 0.146696
-3.800000 0.102160
-3.750000 0.050771
-3.700000 0.006235
-3.650000 -0.028024
-3.600000 -0.048580
-3.550000 -0.048580
-3.500000 0.006235
-3.450000 0.095308
-3.400000 0.112437
-3.350000 0.043919
-3.300000 0.061049
-3.250000 0.198084
-3.200000 0.239195
-3.150000 0.146696
-3.100000 0.184381
-3.050000 0.311139
-3.000000 0.287157
-2.950000 0.167251
-2.900000 0.102160
-2.850000 -0.024599
-2.800000 -0.151356
-2.750000 -0.041727
-2.700000 0.078179
-2.650000 -0.028025
-2.600000 -0.024598
-2.550000 0.204936
-2.500000 0.266602
-2.450000 0.184381
-2.400000 0.331694
-2.350000 0.499563
-2.300000 0.400212
-2.250000 0.400212
-2.200000 0.640024
-2.150000 0.701691
-2.100000 0.513267
-2.050000 0.434471
-2.000000 0.496137
-1.950000 0.564654
-1.900000 0.653728
-1.850000 0.681135
-1.800000 0.574932
-1.750000 0.561229
-1.700000 0.677709
-1.650000 0.640024
-1.600000 0.506415
-1.550000 0.585210
-1.500000 0.708542
-1.450000 0.622895
-1.400000 0.516692
-1.350000 0.465304
-1.300000 0.307713
-1.250000 0.232344
-1.200000 0.362527
-1.150000 0.304287
-1.100000 -0.007469
-1.050000 -0.058858
-1.000000 0.129567
-0.950000 0.143270
-0.900000 0.129567
-0.850000 0.338546
-0.800000 0.489285
-0.750000 0.465304
-0.700000 0.544099
-0.650000 0.670857
-0.600000 0.605766
-0.550000 0.482434
-0.500000 0.451600
-0.450000 0.376231
-0.400000 0.194659
-0.350000 0.019939
-0.300000 -0.134227
-0.250000 -0.281540
-0.200000 -0.380891
-0.150000 -0.428854
-0.100000 -0.428853
-0.050000 -0.346632
0.000000 -0.257559
0.050000 -0.206171
0.100000 -0.058858
0.150000 0.163826
0.200000 0.235769
0.250000 0.160400
0.300000 0.187807
0.350000 0.280306
0.400000 0.256324
0.450000 0.160400
0.500000 0.136419
0.550000 0.088457
0.600000 0.002809
0.650000 0.050772
0.700000 0.249472
0.750000 0.506414
0.800000 0.859282
0.850000 1.407424
0.900000 2.089176
0.950000 2.877131
1.000000 3.870640
1.050000 5.107385
1.100000 6.539408
1.150000 8.197538
1.200000 10.122886
1.250000 12.284630
1.300000 14.586826
1.350000 16.988373
1.400000 19.520106
1.450000 22.223137
1.500000 24.980972
1.550000 27.690851
1.600000 30.387025
1.650000 33.031819
1.700000 35.450499
1.750000 37.601959
1.800000 39.582119
1.850000 41.346449
1.900000 42.747639
1.950000 43.785679
2.000000 44.542799
2.050000 45.036139
2.100000 45.221139
2.150000 45.053269
2.200000 44.559929
2.250000 43.833649
2.300000 42.915509
2.350000 41.750709
2.400000 40.363219
2.450000 38.790729
2.500000 36.981869
2.550000 34.940039
2.600000 32.778299
2.650000 30.534349
2.700000 28.149920
2.750000 25.710693
2.800000 23.411914
2.850000 21.294719
2.900000 19.331676
2.950000 17.598181
3.000000 16.203843
3.050000 15.131540
3.100000 14.353863
3.150000 13.901645
3.200000 13.761183
3.250000 13.860534
3.300000 14.165438
3.350000 14.658767
3.400000 15.275430
3.450000 15.950326
3.500000 16.662913
3.550000 17.365217
3.600000 18.029846
3.650000 18.643076
3.700000 19.194644
3.750000 19.629735
3.800000 19.920931
3.850000 20.071676
3.900000 20.112786
3.950000 20.016861
4.000000 19.725654
4.050000 19.259741
4.100000 18.663632
4.150000 17.961325
4.200000 17.121982
4.250000 16.162732
4.300000 15.148669
4.350000 14.148309
4.400000 13.144523
4.450000 12.116756
4.500000 11.123248
4.550000 10.242794
4.600000 9.461691
4.650000 8.762810
4.700000 8.176982
4.750000 7.728191
4.800000 7.409583
4.850000 7.200604
4.900000 7.060142
4.950000 6.947088
5.000000 6.881997
5.050000 6.905978
5.100000 6.984773
5.150000 7.066995
5.200000 7.156068
5.250000 7.282825
5.300000 7.440416
5.350000 7.632267
5.400000 7.861800
5.450000 8.105039
5.500000 8.355129
5.550000 8.612070
5.600000 8.845031
5.650000 8.995771
5.700000 9.081418
5.750000 9.091695
5.800000 9.006048
5.850000 8.821050
5.900000 8.557257
5.950000 8.211241
6.000000 7.789857
6.050000 7.337640
6.100000 6.875144
6.150000 6.392094
6.200000 5.919321
6.250000 5.511640
6.300000 5.151922
6.350000 4.799055
6.400000 4.442763
6.450000 4.124155
6.500000 3.856936
6.550000 3.613697
6.600000 3.397866
6.650000 3.247127
6.700000 3.140924
6.750000 3.024444
6.800000 2.904538
6.850000 2.839446
6.900000 2.798335
6.950000 2.760650
7.000000 2.788057
7.050000 2.877131
7.100000 2.955926
7.150000 3.038148
7.200000 3.195738
7.250000 3.377311
7.300000 3.510920
7.350000 3.634252
7.400000 3.767862
7.450000 3.860361
7.500000 3.884343
7.550000 3.880917
7.600000 3.839806
7.650000 3.740455
7.700000 3.596568
7.750000 3.418422
7.800000 3.223145
7.850000 3.044999
7.900000 2.866853
7.950000 2.671578
8.000000 2.490005
8.050000 2.335840
8.100000 2.174823
8.150000 2.010381
8.200000 1.873344
8.250000 1.756864
8.300000 1.619829
8.350000 1.479367
8.400000 1.380016
8.450000 1.301221
8.500000 1.229278
8.550000 1.143631
8.600000 1.092242
8.650000 1.071687
8.700000 1.051131
8.750000 1.013446
8.800000 0.979188
8.850000 0.962058
8.900000 0.951780
8.950000 0.948354
9.000000 0.951781
9.050000 0.962058
9.100000 1.003169
9.150000 1.075112
9.200000 1.129927
9.250000 1.184741
9.300000 1.273814
9.350000 1.366313
9.400000 1.441683
9.450000 1.541033
9.500000 1.640385
9.550000 1.684921
9.600000 1.715754
9.650000 1.760291
9.700000 1.760290
9.750000 1.695199
9.800000 1.609551
9.850000 1.517052
9.900000 1.397146
9.950000 1.253258
10.000000 1.099093
10.050000 0.927799
10.100000 0.735949
10.150000 0.516692
10.200000 0.294010
10.250000 0.132993
10.300000 0.037067
10.350000 -0.052006
10.400000 -0.117098
10.450000 -0.127375
10.500000 -0.127375
10.550000 -0.144504
10.600000 -0.144505
10.650000 -0.110245
10.700000 -0.096542
10.750000 -0.103393
10.800000 -0.106819
10.850000 -0.134227
10.900000 -0.209597
10.950000 -0.284966
11.000000 -0.336355
11.050000 -0.380890
11.100000 -0.411724
11.150000 -0.408298
11.200000 -0.360336
11.250000 -0.278114
11.300000 -0.195893
11.350000 -0.110246
11.400000 0.009661
11.450000 0.174103
11.500000 0.311138
11.550000 0.396787
11.600000 0.465304
11.650000 0.520118
11.700000 0.544099
11.750000 0.540673
11.800000 0.499562
11.850000 0.431045
11.900000 0.352250
11.950000 0.297436
12.000000 0.252899
12.050000 0.204936
12.100000 0.187807
12.150000 0.187807
12.200000 0.194658
12.250000 0.225492
12.300000 0.273454
12.350000 0.280306
12.400000 0.222066
12.450000 0.153548
12.500000 0.095308
12.550000 -0.004043
12.600000 -0.141079
12.650000 -0.267836
12.700000 -0.367188
12.750000 -0.469964
12.800000 -0.559037
12.850000 -0.583019
12.900000 -0.548759
12.950000 -0.517927
13.000000 -0.480241
13.050000 -0.401447
13.100000 -0.312373
13.150000 -0.260985
13.200000 -0.202745
13.250000 -0.110245
13.300000 -0.052005
13.350000 -0.055431
13.400000 -0.062283
13.450000 -0.031450
13.500000 0.002809
13.550000 0.013086
13.600000 0.016512
13.650000 0.033642
13.700000 0.050771
13.750000 0.040493
13.800000 0.013087
13.850000 -0.028024
13.900000 -0.099968
13.950000 -0.226726
14.000000 -0.380891
14.050000 -0.500797
14.100000 -0.603574
14.150000 -0.730331
14.200000 -0.867368
14.250000 -0.966718
14.300000 -1.035235
14.350000 -1.090050
14.400000 -1.114031
14.450000 -1.096902
14.500000 -1.062643
14.550000 -1.035236
14.600000 -0.983848
14.650000 -0.894774
14.700000 -0.785146
14.750000 -0.689221
14.800000 -0.600147
14.850000 -0.493945
14.900000 -0.404872
14.950000 -0.360336
15.000000 -0.356910
15.050000 -0.367187
15.100000 -0.370613
15.150000 -0.377465
15.200000 -0.418576
15.250000 -0.483667
15.300000 -0.528204
15.350000 -0.559037
15.400000 -0.613851
15.450000 -0.689221
15.500000 -0.747462
15.550000 -0.802275
15.600000 -0.870793
15.650000 -0.939311
15.700000 -1.014681
15.750000 -1.079772
15.800000 -1.110605
15.850000 -1.124309
15.900000 -1.131161
15.950000 -1.114031
16.000000 -1.066069
16.050000 -1.011255
16.100000 -0.956441
16.150000 -0.881070
16.200000 -0.778294
16.250000 -0.706351
16.300000 -0.665240
16.350000 -0.641258
16.400000 -0.648111
16.450000 -0.682369
16.500000 -0.737183
16.550000 -0.822831
16.600000 -0.946163
16.650000 -1.059217
16.700000 -1.141439
16.750000 -1.203105
16.800000 -1.251067
16.850000 -1.254493
16.900000 -1.216808
16.950000 -1.144865
17.000000 -1.038662
17.050000 -0.901626
17.100000 -0.754313
17.150000 -0.600148
17.200000 -0.463113
17.250000 -0.360336
17.300000 -0.260985
17.350000 -0.171912
17.400000 -0.120523
17.450000 -0.069135
17.500000 0.016512
17.550000 0.081604
17.600000 0.081604
17.650000 0.085030
17.700000 0.102159
17.750000 0.067901
17.800000 0.006235
17.850000 -0.052006
17.900000 -0.130800
17.950000 -0.237004
18.000000 -0.332929
18.050000 -0.439131
18.100000 -0.572741
18.150000 -0.685796
18.200000 -0.764591
18.250000 -0.815979
18.300000 -0.850238
18.350000 -0.863942
18.400000 -0.867367
18.450000 -0.843386
18.500000 -0.795423
18.550000 -0.771443
18.600000 -0.740609
18.650000 -0.658388
18.700000 -0.562463
18.750000 -0.456260
18.800000 -0.343207
18.850000 -0.233577
18.900000 -0.141078
18.950000 -0.045153
19.000000 0.040494
19.050000 0.091882
19.100000 0.102159
19.150000 0.074752
19.200000 0.016513
19.250000 -0.062283
19.300000 -0.137653
19.350000 -0.233577
19.400000 -0.353484
19.450000 -0.449408
19.500000 -0.500797
19.550000 -0.559037
19.600000 -0.617277
19.650000 -0.613851
19.700000 -0.565889
19.750000 -0.535056
19.800000 -0.524778
19.850000 -0.490520
19.900000 -0.445983
19.950000 -0.415150
20.000000 -0.374039
20.050000 -0.319225
20.100000 -0.267836
20.150000 -0.230152
20.200000 -0.195893
20.250000 -0.171912
20.300000 -0.161634
20.350000 -0.165060
20.400000 -0.175337
20.450000 -0.185616
20.500000 -0.213022
20.550000 -0.271262
20.600000 -0.319225
20.650000 -0.336355
20.700000 -0.356910
20.750000 -0.408298
20.800000 -0.456260
20.850000 -0.487094
20.900000 -0.524778
20.950000 -0.569315
21.000000 -0.603574
21.050000 -0.654962
21.100000 -0.716628
21.150000 -0.750887
21.200000 -0.781720
21.250000 -0.815979
21.300000 -0.805701
21.350000 -0.744036
21.400000 -0.685795
21.450000 -0.613851
21.500000 -0.493945
21.550000 -0.374039
21.600000 -0.281540
21.650000 -0.189041
21.700000 -0.093116
21.750000 -0.028024
21.800000 -0.007469
21.850000 -0.024599
21.900000 -0.075986
21.950000 -0.154782
22.000000 -0.243855
22.050000 -0.332928
22.100000 -0.439131
22.150000 -0.569315
22.200000 -0.685795
22.250000 -0.737183
22.300000 -0.733757
22.350000 -0.733758
22.400000 -0.723480
22.450000 -0.648111
22.500000 -0.562463
22.550000 -0.504223
22.600000 -0.415150
22.650000 -0.288392
22.700000 -0.199319
22.750000 -0.168486
22.800000 -0.144505
22.850000 -0.137652
22.900000 -0.168485
22.950000 -0.219874
23.000000 -0.291818
23.050000 -0.387743
23.100000 -0.466539
23.150000 -0.538482
23.200000 -0.613852
23.250000 -0.658388
23.300000 -0.658388
23.350000 -0.658388
23.400000 -0.651536
23.450000 -0.603574
23.500000 -0.535056
23.550000 -0.500797
23.600000 -0.463113
23.650000 -0.401446
23.700000 -0.367187
23.750000 -0.350058
23.800000 -0.302096
23.850000 -0.233577
23.900000 -0.192467
23.950000 -0.178763
24.000000 -0.161634
24.050000 -0.123949
24.100000 -0.089690
24.150000 -0.079413
24.200000 -0.110245
24.250000 -0.147930
24.300000 -0.161634
24.350000 -0.168486
24.400000 -0.199319
24.450000 -0.257559
24.500000 -0.315799
24.550000 -0.353484
24.600000 -0.367187
24.650000 -0.377465
24.700000 -0.387743
24.750000 -0.360335
24.800000 -0.326077
24.850000 -0.305522
24.900000 -0.274688
24.950000 -0.243856
25.000000 -0.243855
25.050000 -0.226725
25.100000 -0.199319
25.150000 -0.195893
25.200000 -0.185615
25.250000 -0.144504
25.300000 -0.130801
25.350000 -0.134227
25.400000 -0.093116
25.450000 -0.045154
25.500000 -0.028024
25.550000 -0.000618
25.600000 0.061049
25.650000 0.098734
25.700000 0.081604
25.750000 0.040494
25.800000 -0.004043
25.850000 -0.075987
25.900000 -0.178763
25.950000 -0.271263
26.000000 -0.339780
26.050000 -0.377465
26.100000 -0.408298
26.150000 -0.432280
26.200000 -0.401447
26.250000 -0.332929
26.300000 -0.298669
26.350000 -0.295243
26.400000 -0.308948
26.450000 -0.326077
26.500000 -0.363761
26.550000 -0.391169
26.600000 -0.411724
26.650000 -0.425428
26.700000 -0.418576
26.750000 -0.401447
26.800000 -0.377465
26.850000 -0.305521
26.900000 -0.195893
26.950000 -0.110245
27.000000 -0.045153
27.050000 0.037068
27.100000 0.091882
27.150000 0.085030
27.200000 0.043919
27.250000 -0.045154
27.300000 -0.199319
27.350000 -0.391169
27.400000 -0.562463
27.450000 -0.723480
27.500000 -0.884497
27.550000 -1.000977
27.600000 -1.083199
27.650000 -1.134587
27.700000 -1.141438
27.750000 -1.148291
27.800000 -1.168846
27.850000 -1.151716
27.900000 -1.103754
27.950000 -1.083198
28.000000 -1.052365
28.050000 -0.946163
28.100000 -0.843386
28.150000 -0.809128
28.200000 -0.761165
28.250000 -0.672092
28.300000 -0.613851
28.350000 -0.569315
28.400000 -0.507649
28.450000 -0.439131
28.500000 -0.398020
28.550000 -0.401446
28.600000 -0.425428
28.650000 -0.432279
28.700000 -0.404872
28.750000 -0.384317
28.800000 -0.408298
28.850000 -0.456260
28.900000 -0.504223
28.950000 -0.528204
29.000000 -0.535056
29.050000 -0.555611
29.100000 -0.579593
29.150000 -0.569315
29.200000 -0.528205
29.250000 -0.493945
29.300000 -0.459686
29.350000 -0.398020
29.400000 -0.339780
29.450000 -0.305521
29.500000 -0.271262
29.550000 -0.240429
29.600000 -0.254133
29.650000 -0.319225
29.700000 -0.411723
29.750000 -0.548759
29.800000 -0.716628
29.850000 -0.877645
29.900000 -1.014681
29.950000 -1.148290
30.000000 -1.251067
30.050000 -1.292178
30.100000 -1.268196
30.150000 -1.203105
30.200000 -1.103754
30.250000 -0.980421
30.300000 -0.833108
30.350000 -0.692646
30.400000 -0.606999
30.450000 -0.552185
30.500000 -0.514501
30.550000 -0.524779
30.600000 -0.589870
30.650000 -0.661814
30.700000 -0.723480
30.750000 -0.795424
30.800000 -0.857090
30.850000 -0.860515
30.900000 -0.829682
30.950000 -0.791998
31.000000 -0.733758
31.050000 -0.648110
31.100000 -0.569315
31.150000 -0.517926
31.200000 -0.483668
31.250000 -0.469964
31.300000 -0.476816
31.350000 -0.511075
31.400000 -0.562463
31.450000 -0.617277
31.500000 -0.668666
31.550000 -0.730332
31.600000 -0.791998
31.650000 -0.839960
31.700000 -0.863941
31.750000 -0.887922
31.800000 -0.901626
31.850000 -0.887923
31.900000 -0.857089
31.950000 -0.822831
32.000000 -0.785146
32.050000 -0.726906
32.100000 -0.665239
32.150000 -0.617277
32.200000 -0.569315
32.250000 -0.517926
32.300000 -0.493945
32.350000 -0.524778
32.400000 -0.565889
32.450000 -0.613851
32.500000 -0.692647
32.550000 -0.798849
32.600000 -0.884496
32.650000 -0.939311
32.700000 -0.963292
32.750000 -0.953014
32.800000 -0.911903
32.850000 -0.894774
32.900000 -0.850238
32.950000 -0.764590
33.000000 -0.678943
33.050000 -0.610426
33.100000 -0.538482
33.150000 -0.480242
33.200000 -0.459687
33.250000 -0.432279
33.300000 -0.370613
33.350000 -0.332928
33.400000 -0.312373
33.450000 -0.288391
33.500000 -0.291817
33.550000 -0.298670
33.600000 -0.257559
33.650000 -0.219874
33.700000 -0.233578
33.750000 -0.257559
33.800000 -0.267837
33.850000 -0.326077
33.900000 -0.422001
33.950000 -0.517927
34.000000 -0.613851
34.050000 -0.713202
34.100000 -0.791998
34.150000 -0.870793
34.200000 -0.966718
34.250000 -1.031810
34.300000 -1.045514
34.350000 -1.038662
34.400000 -1.021532
34.450000 -0.966718
34.500000 -0.908478
34.550000 -0.877645
34.600000 -0.857090
34.650000 -0.829682
34.700000 -0.833108
34.750000 -0.894775
34.800000 -0.980421
34.850000 -1.076347
34.900000 -1.165419
34.950000 -1.216808
35.000000 -1.247641
35.050000 -1.271622
35.100000 -1.251067
35.150000 -1.172271
35.200000 -1.100328
35.250000 -1.024958
35.300000 -0.929034
35.350000 -0.870793
35.400000 -0.857090
35.450000 -0.863942
35.500000 -0.877645
35.550000 -0.939311
35.600000 -1.018106
35.650000 -1.096902
35.700000 -1.189401
35.750000 -1.275048
35.800000 -1.329862
35.850000 -1.374399
35.900000 -1.412084
35.950000 -1.412084
36.000000 -1.367547
36.050000 -1.292178
36.100000 -1.213382
36.150000 -1.141439
36.200000 -1.066069
36.250000 -0.959866
36.300000 -0.839961
36.350000 -0.757739
36.400000 -0.689221
36.450000 -0.589870
36.500000 -0.507649
36.550000 -0.497372
36.600000 -0.514500
36.650000 -0.535056
36.700000 -0.600148
36.750000 -0.716628
36.800000 -0.836534
36.850000 -0.942737
36.900000 -1.059217
36.950000 -1.172272
37.000000 -1.275049
37.050000 -1.357270
37.100000 -1.415510
37.150000 -1.418935
37.200000 -1.377825
37.250000 -1.309307
37.300000 -1.203104
37.350000 -1.072920
37.400000 -0.929033
37.450000 -0.774868
37.500000 -0.627555
37.550000 -0.507649
37.600000 -0.445983
37.650000 -0.394595
37.700000 -0.370613
37.750000 -0.391168
37.800000 -0.442557
37.850000 -0.490519
37.900000 -0.548759
37.950000 -0.617278
38.000000 -0.658388
38.050000 -0.668666
38.100000 -0.682369
38.150000 -0.685795
38.200000 -0.658388
38.250000 -0.651536
38.300000 -0.682369
38.350000 -0.730331
38.400000 -0.778294
38.450000 -0.833109
38.500000 -0.894774
38.550000 -0.953015
38.600000 -1.004402
38.650000 -1.024959
38.700000 -1.007829
38.750000 -0.949588
38.800000 -0.850237
38.850000 -0.723480
38.900000 -0.596722
38.950000 -0.473390
39.000000 -0.332929
39.050000 -0.209597
39.100000 -0.154782
39.150000 -0.117097
39.200000 -0.065709
39.250000 -0.048579
39.300000 -0.089691
39.350000 -0.137652
39.400000 -0.185615
39.450000 -0.257559
39.500000 -0.339781
39.550000 -0.415150
39.600000 -0.483668
39.650000 -0.555612
39.700000 -0.617277
39.750000 -0.678943
39.800000 -0.737183
39.850000 -0.774869
39.900000 -0.802275
39.950000 -0.853664
40.000000 -0.901626
40.050000 -0.929033
40.100000 -0.949589
40.150000 -0.970144
40.200000 -0.994126
40.250000 -1.021532
40.300000 -1.042088
40.350000 -1.031811
40.400000 -1.018106
40.450000 -1.000977
40.500000 -0.956441
40.550000 -0.905052
40.600000 -0.853664
40.650000 -0.771442
40.700000 -0.682369
40.750000 -0.617277
40.800000 -0.531630
40.850000 -0.408298
40.900000 -0.315799
40.950000 -0.281540
41.000000 -0.250707
41.050000 -0.230152
41.100000 -0.260985
41.150000 -0.343206
41.200000 -0.415149
41.250000 -0.493946
41.300000 -0.603574
41.350000 -0.730331
41.400000 -0.836534
41.450000 -0.911904
41.500000 -0.939311
41.550000 -0.905053
41.600000 -0.802276
41.650000 -0.637833
41.700000 -0.422002
41.750000 -0.206171
41.800000 -0.028024
41.850000 0.143271
41.900000 0.283732
41.950000 0.345397
42.000000 0.324843
42.050000 0.283732
42.100000 0.191232
42.150000 0.040494
42.200000 -0.117098
42.250000 -0.247282
42.300000 -0.356909
42.350000 -0.432279
42.400000 -0.456261
42.450000 -0.449409
42.500000 -0.422002
42.550000 -0.377465
42.600000 -0.319225
42.650000 -0.288392
42.700000 -0.308947
42.750000 -0.380891
42.800000 -0.456261
42.850000 -0.511075
42.900000 -0.555612
42.950000 -0.572740
43.000000 -0.569315
43.050000 -0.552186
43.100000 -0.507648
43.150000 -0.418576
43.200000 -0.315799
43.250000 -0.226725
43.300000 -0.154782
43.350000 -0.089691
43.400000 -0.048579
43.450000 -0.028024
43.500000 -0.052005
43.550000 -0.130801
43.600000 -0.223300
43.650000 -0.291818
43.700000 -0.370614
43.750000 -0.463112
43.800000 -0.521353
43.850000 -0.559037
43.900000 -0.596722
43.950000 -0.596722
44.000000 -0.562463
44.050000 -0.541907
44.100000 -0.528204
44.150000 -0.487094
44.200000 -0.449409
44.250000 -0.418576
44.300000 -0.384317
44.350000 -0.360336
44.400000 -0.360336
44.450000 -0.343206
44.500000 -0.305521
44.550000 -0.305521
44.600000 -0.343206
44.650000 -0.380891
44.700000 -0.428854
44.750000 -0.497371
44.800000 -0.572740
44.850000 -0.644684
44.900000 -0.709776
44.950000 -0.744036
45.000000 -0.761165
45.050000 -0.757739
45.100000 -0.716628
45.150000 -0.651536
45.200000 -0.596722
45.250000 -0.538482
45.300000 -0.459687
45.350000 -0.404872
45.400000 -0.398021
45.450000 -0.391168
45.500000 -0.391169
45.550000 -0.415150
45.600000 -0.439131
45.650000 -0.452835
45.700000 -0.466538
45.750000 -0.476816
45.800000 -0.469964
45.850000 -0.466538
45.900000 -0.452835
45.950000 -0.435706
46.000000 -0.435705
46.050000 -0.449409
46.100000 -0.459687
46.150000 -0.476816
46.200000 -0.511075
46.250000 -0.545333
46.300000 -0.589871
46.350000 -0.651536
46.400000 -0.702925
46.450000 -0.740609
46.500000 -0.781720
46.550000 -0.802275
46.600000 -0.795424
46.650000 -0.757738
46.700000 -0.696073
46.750000 -0.613852
46.800000 -0.528205
46.850000 -0.442557
46.900000 -0.339780
46.950000 -0.230152
47.000000 -0.147931
47.050000 -0.089691
47.100000 -0.034876
47.150000 0.002809
47.200000 -0.010895
47.250000 -0.048580
47.300000 -0.093116
47.350000 -0.147931
47.400000 -0.206171
47.450000 -0.257559
47.500000 -0.308947
47.550000 -0.350058
47.600000 -0.367188
47.650000 -0.353484
47.700000 -0.322651
47.750000 -0.298669
47.800000 -0.260985
47.850000 -0.206170
47.900000 -0.137652
47.950000 -0.079413
48.000000 -0.038302
48.050000 -0.000617
48.100000 0.050771
48.150000 0.109011
48.200000 0.156974
48.250000 0.180955
48.300000 0.177529
48.350000 0.143270
48.400000 0.081604
48.450000 0.013087
48.500000 -0.065709
48.550000 -0.158208
48.600000 -0.260985
48.650000 -0.350058
48.700000 -0.394594
48.750000 -0.415149
48.800000 -0.422002
48.850000 -0.408298
48.900000 -0.346632
48.950000 -0.267836
49.000000 -0.182190
49.050000 -0.099967
49.100000 -0.038302
49.150000 -0.004043
49.200000 -0.000618
49.250000 -0.045153
49.300000 -0.137653
49.350000 -0.250707
49.400000 -0.394595
49.450000 -0.565889
49.500000 -0.730332
49.550000 -0.877645
49.600000 -1.035236
49.650000 -1.175697
49.700000 -1.275048
49.750000 -1.343566
49.800000 -1.384677
49.850000 -1.374399
49.900000 -1.316159
49.950000 -1.206531
50.000000 -1.066069
50.050000 -0.935885
50.100000 -0.822831
50.150000 -0.709777
50.200000 -0.600147
50.250000 -0.514501
50.300000 -0.466538
50.350000 -0.442557
50.400000 -0.439131
50.450000 -0.459686
50.500000 -0.504223
50.550000 -0.559037
50.600000 -0.630981
50.650000 -0.720054
50.700000 -0.812553
50.750000 -0.874219
50.800000 -0.915330
50.850000 -0.953014
50.900000 -0.966718
50.950000 -0.939311
51.000000 -0.891349
51.050000 -0.850238
51.100000 -0.788572
51.150000 -0.702925
51.200000 -0.603573
51.250000 -0.493946
51.300000 -0.384317
51.350000 -0.291818
51.400000 -0.213022
51.450000 -0.161634
51.500000 -0.147931
51.550000 -0.175337
51.600000 -0.233578
51.650000 -0.329502
51.700000 -0.432279
51.750000 -0.511075
51.800000 -0.576167
51.850000 -0.648110
51.900000 -0.696073
51.950000 -0.726906
52.000000 -0.754313
52.050000 -0.778294
52.100000 -0.774868
52.150000 -0.774869
52.200000 -0.802276
52.250000 -0.826256
52.300000 -0.843386
52.350000 -0.870793
52.400000 -0.891349
52.450000 -0.881071
52.500000 -0.850238
52.550000 -0.788572
52.600000 -0.668666
52.650000 -0.521352
52.700000 -0.377465
52.750000 -0.237004
52.800000 -0.093116
52.850000 0.030216
52.900000 0.102159
52.950000 0.126141
53.000000 0.109012
53.050000 0.064475
53.100000 -0.007468
53.150000 -0.113671
53.200000 -0.223300
53.250000 -0.305521
53.300000 -0.363761
53.350000 -0.418576
53.400000 -0.456260
53.450000 -0.469964
53.500000 -0.480242
53.550000 -0.500797
53.600000 -0.507649
53.650000 -0.483668
53.700000 -0.445983
53.750000 -0.428853
53.800000 -0.435705
53.850000 -0.425427
53.900000 -0.380891
53.950000 -0.356909
54.000000 -0.353484
54.050000 -0.346632
54.100000 -0.336354
54.150000 -0.329502
54.200000 -0.336354
54.250000 -0.360336
54.300000 -0.415150
54.350000 -0.504223
54.400000 -0.613851
54.450000 -0.730331
54.500000 -0.843386
54.550000 -0.953014
54.600000 -1.038661
54.650000 -1.083198
54.700000 -1.100328
54.750000 -1.117457
54.800000 -1.117457
54.850000 -1.079772
54.900000 -1.028384
54.950000 -0.994125
55.000000 -0.942737
55.050000 -0.863942
55.100000 -0.785145
55.150000 -0.723480
55.200000 -0.651537
55.250000 -0.548760
55.300000 -0.442557
55.350000 -0.377465
55.400000 -0.319224
55.450000 -0.230152
55.500000 -0.141078
55.550000 -0.110245
55.600000 -0.123949
55.650000 -0.130801
55.700000 -0.161634
55.750000 -0.247281
55.800000 -0.360335
55.850000 -0.480241
55.900000 -0.620703
55.950000 -0.768016
56.000000 -0.884497
56.050000 -0.983848
56.100000 -1.066068
56.150000 -1.103754
56.200000 -1.107180
56.250000 -1.086624
56.300000 -1.038662
56.350000 -0.983848
56.400000 -0.918756
56.450000 -0.829683
56.500000 -0.726905
56.550000 -0.644685
56.600000 -0.572740
56.650000 -0.504223
56.700000 -0.445983
56.750000 -0.380891
56.800000 -0.315799
56.850000 -0.291818
56.900000 -0.305522
56.950000 -0.332928
57.000000 -0.377465
57.050000 -0.463112
57.100000 -0.548759
57.150000 -0.613851
57.200000 -0.692647
57.250000 -0.771443
57.300000 -0.822831
57.350000 -0.863941
57.400000 -0.894775
57.450000 -0.887923
57.500000 -0.839960
57.550000 -0.781720
57.600000 -0.709777
57.650000 -0.641259
57.700000 -0.583018
57.750000 -0.514501
57.800000 -0.456261
57.850000 -0.442557
57.900000 -0.435705
57.950000 -0.415150
58.000000 -0.422002
58.050000 -0.456260
58.100000 -0.469964
58.150000 -0.466538
58.200000 -0.476815
58.250000 -0.476816
58.300000 -0.439131
58.350000 -0.387743
58.400000 -0.322651
58.450000 -0.240429
58.500000 -0.168486
58.550000 -0.123949
58.600000 -0.075986
58.650000 -0.024598
58.700000 -0.010895
58.750000 -0.014321
58.800000 -0.017747
58.850000 -0.041728
58.900000 -0.103393
58.950000 -0.168486
59.000000 -0.223299
59.050000 -0.274688
59.100000 -0.308947
59.150000 -0.319225
59.200000 -0.319225
59.250000 -0.322651
59.300000 -0.329503
59.350000 -0.332928
59.400000 -0.332928
59.450000 -0.336354
59.500000 -0.356910
59.550000 -0.384316
59.600000 -0.418576
59.650000 -0.435705
59.700000 -0.439131
59.750000 -0.439131
59.800000 -0.442557
59.850000 -0.408298
59.900000 -0.356910
59.950000 -0.326077
60.000000 -0.298669
60.050000 -0.243856
60.100000 -0.206171
60.150000 -0.226725
60.200000 -0.278114
60.250000 -0.336354
60.300000 -0.411724
60.350000 -0.487093
60.400000 -0.555611
60.450000 -0.627555
60.500000 -0.706350
60.550000 -0.785146
60.600000 -0.846812
60.650000 -0.884497
60.700000 -0.894774
60.750000 -0.891349
60.800000 -0.887922
60.850000 -0.836534
60.900000 -0.730332
60.950000 -0.627555
61.000000 -0.545334
61.050000 -0.432279
61.100000 -0.298670
61.150000 -0.175337
61.200000 -0.045154
61.250000 0.085031
61.300000 0.150122
61.350000 0.139845
61.400000 0.112438
61.450000 0.057623
61.500000 -0.058857
61.550000 -0.202745
61.600000 -0.360336
61.650000 -0.535056
61.700000 -0.706350
61.750000 -0.839960
61.800000 -0.946162
61.850000 -0.997551
61.900000 -0.953014
61.950000 -0.853664
62.000000 -0.747461
62.050000 -0.603574
62.100000 -0.432279
62.150000 -0.315799
62.200000 -0.254133
62.250000 -0.199318
62.300000 -0.175338
62.350000 -0.209596
62.400000 -0.288392
62.450000 -0.398020
62.500000 -0.507649
62.550000 -0.600148
62.600000 -0.682369
62.650000 -0.737184
62.700000 -0.720054
62.750000 -0.665239
62.800000 -0.620703
62.850000 -0.555612
62.900000 -0.456261
62.950000 -0.377465
63.000000 -0.339780
63.050000 -0.322651
63.100000 -0.336354
63.150000 -0.384317
63.200000 -0.449408
63.250000 -0.524778
63.300000 -0.624129
63.350000 -0.716628
63.400000 -0.771443
63.450000 -0.791998
63.500000 -0.791998
63.550000 -0.774868
63.600000 -0.720054
63.650000 -0.630981
63.700000 -0.528204
63.750000 -0.445983
63.800000 -0.394595
63.850000 -0.384317
63.900000 -0.411724
63.950000 -0.463112
64.000000 -0.507649
64.050000 -0.576166
64.100000 -0.709776
64.150000 -0.863942
64.200000 -0.980422
64.250000 -1.076347
64.300000 -1.161993
64.350000 -1.203104
64.400000 -1.213382
64.450000 -1.223660
64.500000 -1.213383
64.550000 -1.172272
64.600000 -1.131161
64.650000 -1.083198
64.700000 -1.011254
64.750000 -0.963292
64.800000 -0.956441
64.850000 -0.942736
64.900000 -0.918755
64.950000 -0.922181
65.000000 -0.922182
65.050000 -0.908478
65.100000 -0.898201
65.150000 -0.870793
65.200000 -0.812553
65.250000 -0.744035
65.300000 -0.672091
65.350000 -0.565889
65.400000 -0.422001
65.450000 -0.267837
65.500000 -0.127375
65.550000 -0.004043
65.600000 0.095308
65.650000 0.194658
65.700000 0.276880
65.750000 0.314565
65.800000 0.324842
65.850000 0.321416
65.900000 0.300862
65.950000 0.252899
66.000000 0.211789
66.050000 0.184381
66.100000 0.129567
66.150000 0.043919
66.200000 -0.069135
66.250000 -0.185615
66.300000 -0.308947
66.350000 -0.428853
66.400000 -0.552185
66.450000 -0.668665
66.500000 -0.768017
66.550000 -0.850238
66.600000 -0.908478
66.650000 -0.932460
66.700000 -0.925608
66.750000 -0.884497
66.800000 -0.809128
66.850000 -0.720054
66.900000 -0.630981
66.950000 -0.541908
67.000000 -0.445983
67.050000 -0.367187
67.100000 -0.315799
67.150000 -0.260984
67.200000 -0.195893
67.250000 -0.144505
67.300000 -0.120523
67.350000 -0.099968
67.400000 -0.069135
67.450000 -0.048580
67.500000 -0.058857
67.550000 -0.075987
67.600000 -0.093116
67.650000 -0.123949
67.700000 -0.165060
67.750000 -0.213022
67.800000 -0.267837
67.850000 -0.312373
67.900000 -0.339781
67.950000 -0.356910
68.000000 -0.353484
68.050000 -0.322651
68.100000 -0.284966
68.150000 -0.278114
68.200000 -0.257559
68.250000 -0.199319
68.300000 -0.165060
68.350000 -0.171912
68.400000 -0.171912
68.450000 -0.168486
68.500000 -0.175337
68.550000 -0.192467
68.600000 -0.213022
68.650000 -0.230152
68.700000 -0.237003
68.750000 -0.260984
68.800000 -0.288391
68.850000 -0.278114
68.900000 -0.254133
68.950000 -0.257559
69.000000 -0.260985
69.050000 -0.240429
69.100000 -0.237003
69.150000 -0.247281
69.200000 -0.247281
69.250000 -0.247281
69.300000 -0.254133
69.350000 -0.274689
69.400000 -0.295243
69.450000 -0.322651
69.500000 -0.339780
69.550000 -0.336354
69.600000 -0.329502
69.650000 -0.319225
69.700000 -0.315799
69.750000 -0.319225
69.800000 -0.329502
69.850000 -0.332929
69.900000 -0.374039
69.950000 -0.445983
70.000000 -0.511075
70.050000 -0.562463
70.100000 -0.624129
70.150000 -0.696073
70.200000 -0.754313
70.250000 -0.778294
70.300000 -0.757739
70.350000 -0.706351
70.400000 -0.644684
70.450000 -0.583018
70.500000 -0.521353
70.550000 -0.469964
70.600000 -0.432280
70.650000 -0.380891
70.700000 -0.339780
70.750000 -0.339781
70.800000 -0.363761
70.850000 -0.367188
70.900000 -0.350058
70.950000 -0.329502
71.000000 -0.305522
71.050000 -0.260985
71.100000 -0.202745
71.150000 -0.141079
71.200000 -0.086265
71.250000 -0.055431
71.300000 -0.024599
71.350000 0.006235
71.400000 0.006235
71.450000 -0.038302
71.500000 -0.082838
71.550000 -0.127375
71.600000 -0.189041
71.650000 -0.233578
71.700000 -0.243855
71.750000 -0.260985
71.800000 -0.264411
71.850000 -0.223300
71.900000 -0.199319
71.950000 -0.209596
72.000000 -0.192467
72.050000 -0.165060
72.100000 -0.182189
72.150000 -0.223300
72.200000 -0.257559
72.250000 -0.305522
72.300000 -0.336354
72.350000 -0.353484
72.400000 -0.384317
72.450000 -0.394595
72.500000 -0.367188
72.550000 -0.367187
72.600000 -0.401447
72.650000 -0.404872
72.700000 -0.404872
72.750000 -0.452835
72.800000 -0.511074
72.850000 -0.548760
72.900000 -0.596722
72.950000 -0.654963
73.000000 -0.696073
73.050000 -0.706350
73.100000 -0.678943
73.150000 -0.627555
73.200000 -0.541908
73.250000 -0.404872
73.300000 -0.223300
73.350000 -0.038302
73.400000 0.115863
73.450000 0.252898
73.500000 0.372805
73.550000 0.424193
73.600000 0.413915
73.650000 0.386509
73.700000 0.335120
73.750000 0.218640
73.800000 0.074753
73.850000 -0.045153
73.900000 -0.151357
73.950000 -0.278114
74.000000 -0.394594
74.050000 -0.445983
74.100000 -0.445983
74.150000 -0.449409
74.200000 -0.456260
74.250000 -0.439131
74.300000 -0.404873
74.350000 -0.374039
74.400000 -0.350058
74.450000 -0.346632
74.500000 -0.380891
74.550000 -0.428853
74.600000 -0.476816
74.650000 -0.545334
74.700000 -0.654962
74.750000 -0.778294
74.800000 -0.870793
74.850000 -0.963292
74.900000 -1.076346
74.950000 -1.189401
75.000000 -1.268196
75.050000 -1.285325
75.100000 -1.264771
75.150000 -1.223660
75.200000 -1.155142
75.250000 -1.038662
75.300000 -0.911904
75.350000 -0.798850
75.400000 -0.682369
75.450000 -0.569315
75.500000 -0.493945
75.550000 -0.442557
75.600000 -0.415150
75.650000 -0.442557
75.700000 -0.504223
75.750000 -0.552185
75.800000 -0.606999
75.850000 -0.678943
75.900000 -0.737184
75.950000 -0.768017
76.000000 -0.781720
76.050000 -0.768016
76.100000 -0.723480
76.150000 -0.668665
76.200000 -0.607000
76.250000 -0.524778
76.300000 -0.449409
76.350000 -0.391168
76.400000 -0.332928
76.450000 -0.284966
76.500000 -0.260985
76.550000 -0.247281
76.600000 -0.233578
76.650000 -0.240430
76.700000 -0.254133
76.750000 -0.260985
76.800000 -0.288392
76.850000 -0.302095
76.900000 -0.274689
76.950000 -0.260984
77.000000 -0.298669
77.050000 -0.298669
77.100000 -0.247281
77.150000 -0.240429
77.200000 -0.264411
77.250000 -0.264411
77.300000 -0.281540
77.350000 -0.360335
77.400000 -0.439131
77.450000 -0.504223
77.500000 -0.569315
77.550000 -0.641259
77.600000 -0.706350
77.650000 -0.747461
77.700000 -0.750887
77.750000 -0.726905
77.800000 -0.702925
77.850000 -0.665240
77.900000 -0.586444
77.950000 -0.497371
78.000000 -0.432279
78.050000 -0.384317
78.100000 -0.339780
78.150000 -0.288392
78.200000 -0.226726
78.250000 -0.165060
78.300000 -0.113672
78.350000 -0.058857
78.400000 -0.007469
78.450000 0.043920
78.500000 0.074752
78.550000 0.071327
78.600000 0.043919
78.650000 0.023364
78.700000 0.002809
78.750000 -0.048579
78.800000 -0.113672
78.850000 -0.134227
78.900000 -0.151356
78.950000 -0.219874
79.000000 -0.291818
79.050000 -0.308947
79.100000 -0.305522
79.150000 -0.332928
79.200000 -0.363762
79.250000 -0.377465
79.300000 -0.384317
79.350000 -0.387742
79.400000 -0.374039
79.450000 -0.339780
79.500000 -0.302095
79.550000 -0.264410
79.600000 -0.243856
79.650000 -0.233577
79.700000 -0.209596
79.750000 -0.185615
79.800000 -0.165060
79.850000 -0.144505
79.900000 -0.117097
79.950000 -0.096542
80.000000 -0.086264
80.050000 -0.055431
80.100000 -0.017746
80.150000 0.016513
80.200000 0.054197
80.250000 0.091882
80.300000 0.139844
80.350000 0.180955
80.400000 0.228918
80.450000 0.283732
80.500000 0.341972
80.550000 0.362527
80.600000 0.369379
80.650000 0.417342
80.700000 0.479007
80.750000 0.482434
80.800000 0.458452
80.850000 0.468730
80.900000 0.468730
80.950000 0.424193
81.000000 0.355675
81.050000 0.287158
81.100000 0.201511
81.150000 0.102159
81.200000 -0.000617
81.250000 -0.093116
81.300000 -0.158208
81.350000 -0.216448
81.400000 -0.271262
81.450000 -0.305522
81.500000 -0.308947
81.550000 -0.326077
81.600000 -0.339780
81.650000 -0.298669
81.700000 -0.250707
81.750000 -0.237003
81.800000 -0.223300
81.850000 -0.175338
81.900000 -0.120523
81.950000 -0.079413
82.000000 -0.031450
82.050000 0.013086
82.100000 0.033642
82.150000 0.040494
82.200000 0.054197
82.250000 0.074752
82.300000 0.095308
82.350000 0.102160
82.400000 0.095308
82.450000 0.095307
82.500000 0.085030
82.550000 0.033642
82.600000 -0.028024
82.650000 -0.052005
82.700000 -0.062283
82.750000 -0.103394
82.800000 -0.137652
82.850000 -0.141078
82.900000 -0.141079
82.950000 -0.151356
83.000000 -0.192467
83.050000 -0.257559
83.100000 -0.305521
83.150000 -0.322651
83.200000 -0.374039
83.250000 -0.463112
83.300000 -0.535056
83.350000 -0.565889
83.400000 -0.579593
83.450000 -0.569315
83.500000 -0.545333
83.550000 -0.497371
83.600000 -0.401447
83.650000 -0.250707
83.700000 -0.110246
83.750000 -0.014320
83.800000 0.064474
83.850000 0.136418
83.900000 0.160400
83.950000 0.126141
84.000000 0.081604
84.050000 0.043920
84.100000 -0.010895
84.150000 -0.089691
84.200000 -0.161634
84.250000 -0.185615
84.300000 -0.189041
84.350000 -0.189041
84.400000 -0.158208
84.450000 -0.086264
84.500000 -0.021172
84.550000 0.016512
84.600000 0.050771
84.650000 0.064475
84.700000 0.019938
84.750000 -0.055431
84.800000 -0.141078
84.850000 -0.257559
84.900000 -0.394594
84.950000 -0.521352
85.000000 -0.617277
85.050000 -0.685795
85.100000 -0.720054
85.150000 -0.702924
85.200000 -0.644684
85.250000 -0.545334
85.300000 -0.404872
85.350000 -0.264410
85.400000 -0.137653
85.450000 -0.004043
85.500000 0.112437
85.550000 0.146696
85.600000 0.115863
85.650000 0.057623
85.700000 -0.045153
85.750000 -0.202744
85.800000 -0.353484
85.850000 -0.459687
85.900000 -0.545333
85.950000 -0.613851
86.000000 -0.620703
86.050000 -0.552186
86.100000 -0.432279
86.150000 -0.308947
86.200000 -0.175337
86.250000 -0.034876
86.300000 0.074752
86.350000 0.122715
86.400000 0.139844
86.450000 0.132993
86.500000 0.078179
86.550000 -0.017747
86.600000 -0.134227
86.650000 -0.247281
86.700000 -0.346632
86.750000 -0.418576
86.800000 -0.435706
86.850000 -0.408298
86.900000 -0.363761
86.950000 -0.312373
87.000000 -0.230151
87.050000 -0.127375
87.100000 -0.045153
87.150000 -0.007468
87.200000 0.006235
87.250000 0.002808
87.300000 -0.028024
87.350000 -0.103394
87.400000 -0.209596
87.450000 -0.319225
87.500000 -0.404872
87.550000 -0.487094
87.600000 -0.552186
87.650000 -0.562463
87.700000 -0.517926
87.750000 -0.463112
87.800000 -0.377465
87.850000 -0.247281
87.900000 -0.120524
87.950000 -0.014320
88.000000 0.102160
88.050000 0.204937
88.100000 0.263176
88.150000 0.283732
88.200000 0.273454
88.250000 0.218640
88.300000 0.139844
88.350000 0.047345
88.400000 -0.062283
88.450000 -0.144505
88.500000 -0.202745
88.550000 -0.291818
88.600000 -0.408298
88.650000 -0.490518
88.700000 -0.535056
88.750000 -0.576166
88.800000 -0.620702
88.850000 -0.644684
88.900000 -0.634406
88.950000 -0.596722
89.000000 -0.555612
89.050000 -0.500797
89.100000 -0.422002
89.150000 -0.332928
89.200000 -0.254133
89.250000 -0.192467
89.300000 -0.158208
89.350000 -0.161634
89.400000 -0.189042
89.450000 -0.237003
89.500000 -0.308947
89.550000 -0.384317
89.600000 -0.442557
89.650000 -0.497371
89.700000 -0.548760
89.750000 -0.576167
89.800000 -0.576167
89.850000 -0.552186
89.900000 -0.504223
89.950000 -0.459686
90.000000 -0.425428
90.050000 -0.398020
90.100000 -0.380891
90.150000 -0.380891
90.200000 -0.401446
90.250000 -0.425428
90.300000 -0.442557
90.350000 -0.463113
90.400000 -0.500797
90.450000 -0.545334
90.500000 -0.583018
90.550000 -0.624129
90.600000 -0.661813
90.650000 -0.692646
90.700000 -0.726906
90.750000 -0.768017
90.800000 -0.815979
90.850000 -0.898200
90.900000 -1.000977
90.950000 -1.090050
91.000000 -1.161994
91.050000 -1.233938
91.100000 -1.288752
91.150000 -1.302456
91.200000 -1.295603
91.250000 -1.254493
91.300000 -1.158568
91.350000 -1.021533
91.400000 -0.863941
91.450000 -0.675518
91.500000 -0.497371
91.550000 -0.380891
91.600000 -0.291817
91.650000 -0.202745
91.700000 -0.147931
91.750000 -0.171911
91.800000 -0.254133
91.850000 -0.346632
91.900000 -0.449409
91.950000 -0.572741
92.000000 -0.678944
92.050000 -0.747461
92.100000 -0.764591
92.150000 -0.754313
92.200000 -0.713203
92.250000 -0.620703
92.300000 -0.514501
92.350000 -0.425427
92.400000 -0.336354
92.450000 -0.237004
92.500000 -0.165060
92.550000 -0.141079
92.600000 -0.141078
92.650000 -0.147931
92.700000 -0.185615
92.750000 -0.240429
92.800000 -0.274689
92.850000 -0.302095
92.900000 -0.336354
92.950000 -0.346632
93.000000 -0.322650
93.050000 -0.302096
93.100000 -0.281540
93.150000 -0.250707
93.200000 -0.219874
93.250000 -0.165059
93.300000 -0.096542
93.350000 -0.058857
93.400000 -0.065709
93.450000 -0.058857
93.500000 -0.055431
93.550000 -0.110245
93.600000 -0.182190
93.650000 -0.230151
93.700000 -0.281540
93.750000 -0.350058
93.800000 -0.401446
93.850000 -0.432279
93.900000 -0.469964
93.950000 -0.493946
94.000000 -0.476816
94.050000 -0.432279
94.100000 -0.374040
94.150000 -0.322651
94.200000 -0.250707
94.250000 -0.161634
94.300000 -0.082839
94.350000 -0.038302
94.400000 -0.007469
94.450000 0.047345
94.500000 0.098734
94.550000 0.109011
94.600000 0.091882
94.650000 0.085031
94.700000 0.074753
94.750000 0.047345
94.800000 0.013087
94.850000 -0.004043
94.900000 -0.021173
94.950000 -0.031451
95.000000 -0.024598
95.050000 -0.010895
95.100000 -0.010895
95.150000 -0.010895
95.200000 -0.000617
95.250000 0.002809
95.300000 -0.028024
95.350000 -0.086265
95.400000 -0.147930
95.450000 -0.202745
95.500000 -0.254133
95.550000 -0.302095
95.600000 -0.346632
95.650000 -0.391169
95.700000 -0.411723
95.750000 -0.401447
95.800000 -0.377465
95.850000 -0.343206
95.900000 -0.305521
95.950000 -0.274688
96.000000 -0.257559
96.050000 -0.240430
96.100000 -0.233578
96.150000 -0.254133
96.200000 -0.271262
96.250000 -0.267836
96.300000 -0.274688
96.350000 -0.305521
96.400000 -0.322651
96.450000 -0.315798
96.500000 -0.312373
96.550000 -0.315799
96.600000 -0.288392
96.650000 -0.271263
96.700000 -0.271262
96.750000 -0.260985
96.800000 -0.223299
96.850000 -0.199318
96.900000 -0.182189
96.950000 -0.144505
97.000000 -0.086265
97.050000 -0.041728
97.100000 -0.014321
97.150000 -0.004043
97.200000 -0.024599
97.250000 -0.075986
97.300000 -0.123949
97.350000 -0.182189
97.400000 -0.264410
97.450000 -0.339781
97.500000 -0.360336
97.550000 -0.356909
97.600000 -0.367187
97.650000 -0.343206
97.700000 -0.274688
97.750000 -0.216448
97.800000 -0.178764
97.850000 -0.123949
97.900000 -0.082838
97.950000 -0.099968
98.000000 -0.134227
98.050000 -0.147931
98.100000 -0.195893
98.150000 -0.278115
98.200000 -0.329503
98.250000 -0.319224
98.300000 -0.298670
98.350000 -0.274689
98.400000 -0.254133
98.450000 -0.243855
98.500000 -0.233578
98.550000 -0.226726
98.600000 -0.247281
98.650000 -0.278114
98.700000 -0.305522
98.750000 -0.336354
98.800000 -0.353483
98.850000 -0.329503
98.900000 -0.288392
98.950000 -0.257559
99.000000 -0.199318
99.050000 -0.103394
99.100000 -0.017746
99.150000 0.040493
99.200000 0.061049
99.250000 0.057623
99.300000 0.037067
99.350000 -0.014321
99.400000 -0.086265
99.450000 -0.175337
99.500000 -0.274688
99.550000 -0.380891
99.600000 -0.439132
99.650000 -0.442557
99.700000 -0.422002
99.750000 -0.374039
99.800000 -0.274688
99.850000 -0.123949
99.900000 0.019938
99.950000 0.132993
100.000000 0.215214
100.050000 0.270028
100.100000 0.307713
100.150000 0.328268
100.200000 0.314565
100.250000 0.263176
100.300000 0.187807
100.350000 0.085030
100.400000 -0.007469
100.450000 -0.079412
100.500000 -0.168485
100.550000 -0.298670
100.600000 -0.408298
100.650000 -0.456261
100.700000 -0.487094
100.750000 -0.524778
100.800000 -0.538482
100.850000 -0.517926
100.900000 -0.490519
100.950000 -0.428853
101.000000 -0.332928
101.050000 -0.243856
101.100000 -0.192467
101.150000 -0.144504
101.200000 -0.113672
101.250000 -0.141078
101.300000 -0.209597
101.350000 -0.291817
101.400000 -0.404872
101.450000 -0.531630
101.500000 -0.651537
101.550000 -0.771442
101.600000 -0.860516
101.650000 -0.874219
101.700000 -0.846812
101.750000 -0.815979
101.800000 -0.737183
101.850000 -0.620703
101.900000 -0.493945
101.950000 -0.370614
102.000000 -0.240430
102.050000 -0.130801
102.100000 -0.031450
102.150000 0.057623
102.200000 0.132993
102.250000 0.194659
102.300000 0.228917
102.350000 0.228917
102.400000 0.198085
102.450000 0.146697
102.500000 0.054197
102.550000 -0.123949
102.600000 -0.346632
102.650000 -0.555611
102.700000 -0.737184
102.750000 -0.918755
102.800000 -1.103754
102.850000 -1.237363
102.900000 -1.288752
102.950000 -1.268197
103.000000 -1.182549
103.050000 -1.042088
103.100000 -0.870794
103.150000 -0.692647
103.200000 -0.487093
103.250000 -0.278114
103.300000 -0.120524
103.350000 -0.031450
103.400000 0.019939
103.450000 0.033642
103.500000 0.006234
103.550000 -0.041728
103.600000 -0.096542
103.650000 -0.123950
103.700000 -0.123949
103.750000 -0.123950
103.800000 -0.120523
103.850000 -0.082838
103.900000 -0.024598
103.950000 0.019938
104.000000 0.043919
104.050000 0.067901
104.100000 0.081604
104.150000 0.074753
104.200000 0.043919
104.250000 -0.014321
104.300000 -0.096542
104.350000 -0.158208
104.400000 -0.185616
104.450000 -0.209596
104.500000 -0.233577
104.550000 -0.233578
104.600000 -0.192467
104.650000 -0.120523
104.700000 -0.028024
104.750000 0.081604
104.800000 0.184381
104.850000 0.246047
104.900000 0.263176
104.950000 0.263177
105.000000 0.246047
105.050000 0.201510
105.100000 0.119289
105.150000 0.033642
105.200000 -0.038302
105.250000 -0.106819
105.300000 -0.178764
105.350000 -0.250707
105.400000 -0.302095
105.450000 -0.308948
105.500000 -0.298670
105.550000 -0.295244
105.600000 -0.305521
105.650000 -0.302096
105.700000 -0.312373
105.750000 -0.367187
105.800000 -0.449409
105.850000 -0.528205
105.900000 -0.617277
105.950000 -0.723480
106.000000 -0.819405
106.050000 -0.881071
106.100000 -0.922182
106.150000 -0.935885
106.200000 -0.911903
106.250000 -0.846812
106.300000 -0.764591
106.350000 -0.665240
106.400000 -0.555611
106.450000 -0.449409
106.500000 -0.356910
106.550000 -0.288392
106.600000 -0.237004
106.650000 -0.195893
106.700000 -0.189041
106.750000 -0.223300
106.800000 -0.271262
106.850000 -0.308947
106.900000 -0.363762
106.950000 -0.452835
107.000000 -0.521352
107.050000 -0.555611
107.100000 -0.579593
107.150000 -0.589870
107.200000 -0.569315
107.250000 -0.535056
107.300000 -0.517927
107.350000 -0.490519
107.400000 -0.442557
107.450000 -0.398021
107.500000 -0.346632
107.550000 -0.288391
107.600000 -0.250707
107.650000 -0.230152
107.700000 -0.199319
107.750000 -0.182190
107.800000 -0.202745
107.850000 -0.226725
107.900000 -0.230152
107.950000 -0.257559
108.000000 -0.295244
108.050000 -0.308947
108.100000 -0.329502
108.150000 -0.370613
108.200000 -0.401447
108.250000 -0.415150
108.300000 -0.428854
108.350000 -0.445983
108.400000 -0.449408
108.450000 -0.435705
108.500000 -0.408298
108.550000 -0.387743
108.600000 -0.370614
108.650000 -0.315799
108.700000 -0.223300
108.750000 -0.137653
108.800000 -0.072561
108.850000 0.016512
108.900000 0.098734
108.950000 0.139844
109.000000 0.163825
109.050000 0.191232
109.100000 0.167251
109.150000 0.098734
109.200000 0.047345
109.250000 0.009661
109.300000 -0.062283
109.350000 -0.144504
109.400000 -0.195892
109.450000 -0.237003
109.500000 -0.254133
109.550000 -0.230152
109.600000 -0.175337
109.650000 -0.113672
109.700000 -0.065709
109.750000 -0.031450
109.800000 -0.014321
109.850000 -0.010895
109.900000 -0.017747
109.950000 -0.052005
110.000000 -0.103394
110.050000 -0.154782
110.100000 -0.189041
110.150000 -0.226726
110.200000 -0.260985
110.250000 -0.288392
110.300000 -0.291818
110.350000 -0.254133
110.400000 -0.185615
110.450000 -0.123949
110.500000 -0.079413
110.550000 -0.024598
110.600000 0.037068
110.650000 0.054197
110.700000 0.033642
110.750000 0.013087
110.800000 -0.000617
110.850000 -0.017747
110.900000 -0.028024
110.950000 -0.045154
111.000000 -0.069135
111.050000 -0.103394
111.100000 -0.151356
111.150000 -0.216448
111.200000 -0.260984
111.250000 -0.271263
111.300000 -0.295244
111.350000 -0.356909
111.400000 -0.401447
111.450000 -0.428853
111.500000 -0.469964
111.550000 -0.500797
111.600000 -0.500797
111.650000 -0.500797
111.700000 -0.521352
111.750000 -0.535056
111.800000 -0.514501
111.850000 -0.466538
111.900000 -0.408298
111.950000 -0.367187
112.000000 -0.343206
112.050000 -0.291818
112.100000 -0.226726
112.150000 -0.195892
112.200000 -0.192467
112.250000 -0.178763
112.300000 -0.158208
112.350000 -0.165060
112.400000 -0.185615
112.450000 -0.189041
112.500000 -0.178764
112.550000 -0.185615
112.600000 -0.206170
112.650000 -0.240430
112.700000 -0.264410
112.750000 -0.267836
112.800000 -0.284966
112.850000 -0.326076
112.900000 -0.367187
112.950000 -0.380890
113.000000 -0.377465
113.050000 -0.346632
113.100000 -0.305522
113.150000 -0.260984
113.200000 -0.182189
113.250000 -0.082838
113.300000 -0.004043
113.350000 0.047345
113.400000 0.081604
113.450000 0.081604
113.500000 0.037068
113.550000 -0.028024
113.600000 -0.117097
113.650000 -0.219874
113.700000 -0.305521
113.750000 -0.377465
113.800000 -0.432280
113.850000 -0.459686
113.900000 -0.466538
113.950000 -0.473390
114.000000 -0.445983
114.050000 -0.391168
114.100000 -0.336354
114.150000 -0.291818
114.200000 -0.240429
114.250000 -0.185615
114.300000 -0.127375
114.350000 -0.096542
114.400000 -0.082838
114.450000 -0.065709
114.500000 -0.058857
114.550000 -0.089690
114.600000 -0.123949
114.650000 -0.137652
114.700000 -0.168486
114.750000 -0.209597
114.800000 -0.195893
114.850000 -0.141078
114.900000 -0.086264
114.950000 -0.014321
115.000000 0.091882
115.050000 0.201510
115.100000 0.297435
115.150000 0.379657
115.200000 0.437896
115.250000 0.468730
115.300000 0.461878
115.350000 0.386509
115.400000 0.270028
115.450000 0.153548
115.500000 0.030216
115.550000 -0.127375
115.600000 -0.284966
115.650000 -0.401446
115.700000 -0.500797
115.750000 -0.600148
115.800000 -0.644684
115.850000 -0.637833
115.900000 -0.617277
115.950000 -0.572741
116.000000 -0.497371
116.050000 -0.404872
116.100000 -0.319225
116.150000 -0.247281
116.200000 -0.202745
116.250000 -0.175337
116.300000 -0.161634
116.350000 -0.165060
116.400000 -0.189041
116.450000 -0.216448
116.500000 -0.243855
116.550000 -0.278114
116.600000 -0.305521
116.650000 -0.332929
116.700000 -0.370614
116.750000 -0.398021
116.800000 -0.422001
116.850000 -0.449409
116.900000 -0.469964
116.950000 -0.487094
117.000000 -0.504223
117.050000 -0.493945
117.100000 -0.452834
117.150000 -0.411724
117.200000 -0.353484
117.250000 -0.233577
117.300000 -0.069135
117.350000 0.067901
117.400000 0.177529
117.450000 0.297435
117.500000 0.372805
117.550000 0.376231
117.600000 0.348824
117.650000 0.324842
117.700000 0.273454
117.750000 0.177529
117.800000 0.043920
117.850000 -0.072561
117.900000 -0.137652
117.950000 -0.178763
118.000000 -0.223300
118.050000 -0.209596
118.100000 -0.137653
118.150000 -0.062283
118.200000 0.026790
118.250000 0.150122
118.300000 0.239195
118.350000 0.266602
118.400000 0.280306
118.450000 0.283732
118.500000 0.232344
118.550000 0.139845
118.600000 0.061049
118.650000 -0.010895
118.700000 -0.099968
118.750000 -0.202745
118.800000 -0.274688
118.850000 -0.291817
118.900000 -0.278114
118.950000 -0.291818
119.000000 -0.315799
119.050000 -0.291817
119.100000 -0.233577
119.150000 -0.216448
119.200000 -0.199319
119.250000 -0.144505
119.300000 -0.086264
119.350000 -0.028024
119.400000 0.047346
119.450000 0.105585
119.500000 0.139844
119.550000 0.174104
119.600000 0.194659
119.650000 0.167251
119.700000 0.153548
119.750000 0.136419
119.800000 0.061049
119.850000 -0.041728
119.900000 -0.106819
119.950000 -0.165059
120.000000 -0.240429
120.050000 -0.281540
120.100000 -0.271263
120.150000 -0.260985
120.200000 -0.250707
120.250000 -0.216448
120.300000 -0.189041
120.350000 -0.182190
120.400000 -0.178763
120.450000 -0.178764
120.500000 -0.216448
120.550000 -0.281540
120.600000 -0.356910
120.650000 -0.411724
120.700000 -0.452834
120.750000 -0.480242
120.800000 -0.490520
120.850000 -0.459687
120.900000 -0.398020
120.950000 -0.312373
121.000000 -0.195893
121.050000 -0.048579
121.100000 0.102160
121.150000 0.242621
121.200000 0.365953
121.250000 0.441322
121.300000 0.472156
121.350000 0.458452
121.400000 0.376231
121.450000 0.228917
121.500000 0.057623
121.550000 -0.120524
121.600000 -0.260985
121.650000 -0.356910
121.700000 -0.435705
121.750000 -0.487094
121.800000 -0.473390
121.850000 -0.384316
121.900000 -0.274688
121.950000 -0.144505
122.000000 0.019938
122.050000 0.163826
122.100000 0.263177
122.150000 0.355675
122.200000 0.417341
122.250000 0.400212
122.300000 0.348824
122.350000 0.317991
122.400000 0.246047
122.450000 0.126141
122.500000 0.033642
122.550000 -0.062284
122.600000 -0.199319
122.650000 -0.298669
122.700000 -0.315799
122.750000 -0.360335
122.800000 -0.439131
122.850000 -0.459686
122.900000 -0.435705
122.950000 -0.432279
123.000000 -0.439131
123.050000 -0.404872
123.100000 -0.353483
123.150000 -0.305521
123.200000 -0.264410
123.250000 -0.240429
123.300000 -0.230151
123.350000 -0.230151
123.400000 -0.250707
123.450000 -0.281540
123.500000 -0.319225
123.550000 -0.353484
123.600000 -0.363761
123.650000 -0.343206
123.700000 -0.312373
123.750000 -0.278115
123.800000 -0.219874
123.850000 -0.127375
123.900000 -0.028024
123.950000 0.040493
124.000000 0.078178
124.050000 0.095308
124.100000 0.102159
124.150000 0.088456
124.200000 0.030216
124.250000 -0.055431
124.300000 -0.147930
124.350000 -0.264411
124.400000 -0.408298
124.450000 -0.535056
124.500000 -0.634407
124.550000 -0.720054
124.600000 -0.781720
124.650000 -0.785146
124.700000 -0.757738
124.750000 -0.706351
124.800000 -0.610425
124.850000 -0.476816
124.900000 -0.315799
124.950000 -0.154782
125.000000 -0.014321
125.050000 0.105586
125.100000 0.194658
125.150000 0.222066
125.200000 0.174103
125.250000 0.091881
125.300000 -0.010895
125.350000 -0.154782
125.400000 -0.305522
125.450000 -0.394594
125.500000 -0.418576
125.550000 -0.425428
125.600000 -0.404872
125.650000 -0.322651
125.700000 -0.195892
125.750000 -0.034876
125.800000 0.136419
125.850000 0.273454
125.900000 0.365953
125.950000 0.434471
126.000000 0.455027
126.050000 0.434470
126.100000 0.389934
126.150000 0.317991
126.200000 0.239196
126.250000 0.184381
126.300000 0.136418
126.350000 0.064475
126.400000 0.030216
126.450000 0.057623
126.500000 0.081604
126.550000 0.074752
126.600000 0.078178
126.650000 0.095307
126.700000 0.078179
126.750000 0.040493
126.800000 -0.004043
126.850000 -0.055431
126.900000 -0.137652
126.950000 -0.226726
127.000000 -0.278114
127.050000 -0.315799
127.100000 -0.380891
127.150000 -0.452835
127.200000 -0.449409
127.250000 -0.377465
127.300000 -0.319225
127.350000 -0.267836
127.400000 -0.158208
127.450000 -0.014321
127.500000 0.098733
127.550000 0.177529
127.600000 0.246047
127.650000 0.324843
127.700000 0.383083
127.750000 0.413916
127.800000 0.420767
127.850000 0.417342
127.900000 0.417342
127.950000 0.407064
128.000000 0.379657
128.050000 0.345398
128.100000 0.317991
128.150000 0.290584
128.200000 0.249473
128.250000 0.198085
128.300000 0.136419
128.350000 0.064475
128.400000 -0.014321
128.450000 -0.103394
128.500000 -0.199318
128.550000 -0.302095
128.600000 -0.387742
128.650000 -0.439131
128.700000 -0.480242
128.750000 -0.521353
128.800000 -0.552185
128.850000 -0.569315
128.900000 -0.610426
128.950000 -0.672091
129.000000 -0.730332
129.050000 -0.781720
129.100000 -0.853664
129.150000 -0.942737
129.200000 -1.004403
129.250000 -1.055791
129.300000 -1.107180
129.350000 -1.148290
129.400000 -1.151716
129.450000 -1.110606
129.500000 -1.021532
129.550000 -0.911904
129.600000 -0.791997
129.650000 -0.644684
129.700000 -0.483668
129.750000 -0.353484
129.800000 -0.257559
129.850000 -0.168486
129.900000 -0.099968
129.950000 -0.082838
130.000000 -0.093116
130.050000 -0.127375
130.100000 -0.189041
130.150000 -0.233578
130.200000 -0.254133
130.250000 -0.267837
130.300000 -0.257558
130.350000 -0.206170
130.400000 -0.147931
130.450000 -0.086264
130.500000 -0.000617
130.550000 0.043920
130.600000 0.047346
130.650000 0.067900
130.700000 0.067901
130.750000 0.006235
130.800000 -0.058858
130.850000 -0.082839
130.900000 -0.117097
130.950000 -0.182189
131.000000 -0.213022
131.050000 -0.216449
131.100000 -0.230152
131.150000 -0.240430
131.200000 -0.233578
131.250000 -0.237004
131.300000 -0.254132
131.350000 -0.284966
131.400000 -0.322651
131.450000 -0.350058
131.500000 -0.363761
131.550000 -0.374039
131.600000 -0.387743
131.650000 -0.387742
131.700000 -0.370613
131.750000 -0.350058
131.800000 -0.315799
131.850000 -0.288392
131.900000 -0.295244
131.950000 -0.315799
132.000000 -0.312373
132.050000 -0.291818
132.100000 -0.288392
132.150000 -0.295244
132.200000 -0.281540
132.250000 -0.250707
132.300000 -0.230151
132.350000 -0.254133
132.400000 -0.291817
132.450000 -0.339780
132.500000 -0.425427
132.550000 -0.524778
132.600000 -0.620703
132.650000 -0.730331
132.700000 -0.870793
132.750000 -0.970144
132.800000 -0.994125
132.850000 -0.973570
132.900000 -0.922182
132.950000 -0.836534
133.000000 -0.689221
133.050000 -0.490520
133.100000 -0.267837
133.150000 -0.082838
133.200000 0.054197
133.250000 0.163826
133.300000 0.232343
133.350000 0.225491
133.400000 0.187807
133.450000 0.139844
133.500000 0.040494
133.550000 -0.093116
133.600000 -0.189041
133.650000 -0.260985
133.700000 -0.346632
133.750000 -0.411724
133.800000 -0.428853
133.850000 -0.422001
133.900000 -0.411724
133.950000 -0.398020
134.000000 -0.384317
134.050000 -0.377465
134.100000 -0.370613
134.150000 -0.380891
134.200000 -0.398021
134.250000 -0.415150
134.300000 -0.432279
134.350000 -0.432279
134.400000 -0.404872
134.450000 -0.370613
134.500000 -0.346632
134.550000 -0.298669
134.600000 -0.219874
134.650000 -0.137652
134.700000 -0.048579
134.750000 0.040493
134.800000 0.102159
134.850000 0.136419
134.900000 0.163825
134.950000 0.180955
135.000000 0.177530
135.050000 0.163826
135.100000 0.132992
135.150000 0.081604
135.200000 0.040494
135.250000 0.023364
135.300000 0.013087
135.350000 -0.000617
135.400000 -0.010895
135.450000 -0.004043
135.500000 0.013086
135.550000 0.037068
135.600000 0.057623
135.650000 0.067901
135.700000 0.078179
135.750000 0.071327
135.800000 0.050771
135.850000 0.033641
135.900000 0.006235
135.950000 -0.052005
136.000000 -0.113671
136.050000 -0.130801
136.100000 -0.130800
136.150000 -0.130801
136.200000 -0.099968
136.250000 -0.014320
136.300000 0.088456
136.350000 0.177529
136.400000 0.273454
136.450000 0.389935
136.500000 0.485859
136.550000 0.561228
136.600000 0.636598
136.650000 0.684561
136.700000 0.674283
136.750000 0.633173
136.800000 0.598913
136.850000 0.557803
136.900000 0.496137
136.950000 0.434471
137.000000 0.376230
137.050000 0.297435
137.100000 0.228917
137.150000 0.177530
137.200000 0.115863
137.250000 0.033642
137.300000 -0.045154
137.350000 -0.123949
137.400000 -0.192467
137.450000 -0.243855
137.500000 -0.288391
137.550000 -0.319225
137.600000 -0.315799
137.650000 -0.271263
137.700000 -0.202744
137.750000 -0.127375
137.800000 -0.055432
137.850000 0.006235
137.900000 0.043920
137.950000 0.078178
138.000000 0.115863
138.050000 0.122715
138.100000 0.105586
138.150000 0.074752
138.200000 0.054197
138.250000 0.033642
138.300000 0.023365
138.350000 0.016512
138.400000 0.009661
138.450000 0.013086
138.500000 0.047346
138.550000 0.085030
138.600000 0.105586
138.650000 0.115863
138.700000 0.129567
138.750000 0.112438
138.800000 0.050771
138.850000 -0.017746
138.900000 -0.072561
138.950000 -0.130801
139.000000 -0.199318
139.050000 -0.247281
139.100000 -0.274689
139.150000 -0.284966
139.200000 -0.274688
139.250000 -0.240429
139.300000 -0.202744
139.350000 -0.168486
139.400000 -0.117098
139.450000 -0.052005
139.500000 -0.004043
139.550000 0.040494
139.600000 0.061049
139.650000 0.037068
139.700000 0.009660
139.750000 0.023364
139.800000 0.013086
139.850000 -0.034876
139.900000 -0.055432
139.950000 -0.055432
140.000000 -0.082838
140.050000 -0.106819
140.100000 -0.099968
140.150000 -0.106820
140.200000 -0.127375
140.250000 -0.144505
140.300000 -0.178764
140.350000 -0.243855
140.400000 -0.302095
140.450000 -0.350058
140.500000 -0.415150
140.550000 -0.463112
140.600000 -0.490520
140.650000 -0.524778
140.700000 -0.545333
140.750000 -0.531630
140.800000 -0.521353
140.850000 -0.521353
140.900000 -0.514501
140.950000 -0.507649
141.000000 -0.507648
141.050000 -0.511074
141.100000 -0.531630
141.150000 -0.572741
141.200000 -0.589870
141.250000 -0.586444
141.300000 -0.600148
141.350000 -0.627555
141.400000 -0.620704
141.450000 -0.576166
141.500000 -0.521352
141.550000 -0.469964
141.600000 -0.384316
141.650000 -0.250707
141.700000 -0.093116
141.750000 0.054197
141.800000 0.201510
141.850000 0.369379
141.900000 0.544099
141.950000 0.687987
142.000000 0.811319
142.050000 0.924373
142.100000 0.982613
142.150000 0.958632
142.200000 0.879837
142.250000 0.766782
142.300000 0.595488
142.350000 0.389934
142.400000 0.163826
142.450000 -0.079413
142.500000 -0.305521
142.550000 -0.500797
142.600000 -0.672091
142.650000 -0.791998
142.700000 -0.826257
142.750000 -0.802275
142.800000 -0.726905
142.850000 -0.579593
142.900000 -0.408298
142.950000 -0.250707
143.000000 -0.089690
143.050000 0.074752
143.100000 0.204936
143.150000 0.307713
143.200000 0.417341
143.250000 0.509841
143.300000 0.550951
143.350000 0.564655
143.400000 0.561229
143.450000 0.530396
143.500000 0.492711
143.550000 0.441323
143.600000 0.348824
143.650000 0.218640
143.700000 0.088456
143.750000 -0.045154
143.800000 -0.189041
143.850000 -0.315799
143.900000 -0.408298
143.950000 -0.473390
144.000000 -0.500797
144.050000 -0.483667
144.100000 -0.449409
144.150000 -0.391168
144.200000 -0.291818
144.250000 -0.137653
144.300000 0.019939
144.350000 0.143270
144.400000 0.242621
144.450000 0.338546
144.500000 0.427619
144.550000 0.482433
144.600000 0.499563
144.650000 0.499563
144.700000 0.489285
144.750000 0.434471
144.800000 0.331694
144.850000 0.215214
144.900000 0.112437
144.950000 -0.000617
145.000000 -0.096542
145.050000 -0.178764
145.100000 -0.271262
145.150000 -0.377465
145.200000 -0.449408
145.250000 -0.493946
145.300000 -0.521353
145.350000 -0.504223
145.400000 -0.449409
145.450000 -0.401447
145.500000 -0.350058
145.550000 -0.281540
145.600000 -0.199319
145.650000 -0.113672
145.700000 -0.038302
145.750000 0.030216
145.800000 0.085030
145.850000 0.126141
145.900000 0.129567
145.950000 0.102160
146.000000 0.054197
146.050000 -0.028024
146.100000 -0.123949
146.150000 -0.216448
146.200000 -0.288392
146.250000 -0.346632
146.300000 -0.384317
146.350000 -0.384317
146.400000 -0.336354
146.450000 -0.257559
146.500000 -0.168486
146.550000 -0.075987
146.600000 0.037067
146.650000 0.139845
146.700000 0.215214
146.750000 0.263176
146.800000 0.290584
146.850000 0.270028
146.900000 0.201510
146.950000 0.129567
147.000000 0.043919
147.050000 -0.062283
147.100000 -0.141078
147.150000 -0.168486
147.200000 -0.206171
147.250000 -0.243855
147.300000 -0.219874
147.350000 -0.158208
147.400000 -0.110246
147.450000 -0.031450
147.500000 0.067901
147.550000 0.136419
147.600000 0.191233
147.650000 0.256325
147.700000 0.273454
147.750000 0.211788
147.800000 0.115863
147.850000 0.026790
147.900000 -0.065709
147.950000 -0.195893
148.000000 -0.312373
148.050000 -0.384316
148.100000 -0.432280
148.150000 -0.442557
148.200000 -0.394594
148.250000 -0.312373
148.300000 -0.237004
148.350000 -0.144504
148.400000 -0.017746
148.450000 0.109011
148.500000 0.191233
148.550000 0.235769
148.600000 0.256325
148.650000 0.256325
148.700000 0.239195
148.750000 0.198084
148.800000 0.139845
148.850000 0.095308
148.900000 0.078178
148.950000 0.071326
149.000000 0.074752
149.050000 0.129567
149.100000 0.218640
149.150000 0.297435
149.200000 0.362527
149.250000 0.437897
149.300000 0.489285
149.350000 0.509840
149.400000 0.533822
149.450000 0.533822
149.500000 0.475581
149.550000 0.413915
149.600000 0.389934
149.650000 0.359102
149.700000 0.311139
149.750000 0.304287
149.800000 0.352250
149.850000 0.407064
149.900000 0.444749
149.950000 0.482433
150.000000 0.540674
150.050000 0.609192
150.100000 0.657153
150.150000 0.670858
150.200000 0.667431
150.250000 0.667432
150.300000 0.629747
150.350000 0.540673
150.400000 0.461878
150.450000 0.407064
150.500000 0.321416
150.550000 0.225492
150.600000 0.153548
150.650000 0.085030
150.700000 0.009661
150.750000 -0.045154
150.800000 -0.089690
150.850000 -0.110246
150.900000 -0.086265
150.950000 -0.041728
151.000000 -0.004043
151.050000 0.061049
151.100000 0.139844
151.150000 0.194658
151.200000 0.235770
151.250000 0.294009
151.300000 0.331695
151.350000 0.307713
151.400000 0.249473
151.450000 0.187807
151.500000 0.102159
151.550000 0.002808
151.600000 -0.086264
151.650000 -0.147930
151.700000 -0.189041
151.750000 -0.223300
151.800000 -0.250707
151.850000 -0.264411
151.900000 -0.271263
151.950000 -0.260984
152.000000 -0.267836
152.050000 -0.305521
152.100000 -0.350058
152.150000 -0.398020
152.200000 -0.456260
152.250000 -0.511075
152.300000 -0.548760
152.350000 -0.572741
152.400000 -0.552186
152.450000 -0.480242
152.500000 -0.387742
152.550000 -0.288392
152.600000 -0.147931
152.650000 0.002809
152.700000 0.129567
152.750000 0.252899
152.800000 0.386508
152.850000 0.458452
152.900000 0.475582
152.950000 0.506414
153.000000 0.509841
153.050000 0.458453
153.100000 0.424193
153.150000 0.407064
153.200000 0.369379
153.250000 0.345398
153.300000 0.369379
153.350000 0.379657
153.400000 0.376231
153.450000 0.400212
153.500000 0.413915
153.550000 0.365953
153.600000 0.297435
153.650000 0.228917
153.700000 0.109012
153.750000 -0.024599
153.800000 -0.154782
153.850000 -0.295243
153.900000 -0.411724
153.950000 -0.435705
154.000000 -0.387742
154.050000 -0.326077
154.100000 -0.230152
154.150000 -0.086264
154.200000 0.061049
154.250000 0.198084
154.300000 0.328268
154.350000 0.400212
154.400000 0.383083
154.450000 0.307713
154.500000 0.201511
154.550000 0.054197
154.600000 -0.120523
154.650000 -0.302095
154.700000 -0.466538
154.750000 -0.572741
154.800000 -0.607000
154.850000 -0.603573
154.900000 -0.569314
154.950000 -0.463113
155.000000 -0.322651
155.050000 -0.213022
155.100000 -0.117097
155.150000 -0.007469
155.200000 0.078178
155.250000 0.112438
155.300000 0.102159
155.350000 0.088456
155.400000 0.085030
155.450000 0.054197
155.500000 0.002809
155.550000 -0.031450
155.600000 -0.045154
155.650000 -0.055431
155.700000 -0.052005
155.750000 -0.062283
155.800000 -0.093116
155.850000 -0.089691
155.900000 -0.041728
155.950000 -0.028024
156.000000 -0.048580
156.050000 -0.041728
156.100000 -0.017746
156.150000 -0.028024
156.200000 -0.038301
156.250000 -0.024598
156.300000 -0.034876
156.350000 -0.086264
156.400000 -0.130801
156.450000 -0.178764
156.500000 -0.250707
156.550000 -0.319225
156.600000 -0.346632
156.650000 -0.350058
156.700000 -0.346632
156.750000 -0.326077
156.800000 -0.267836
156.850000 -0.175338
156.900000 -0.079413
156.950000 0.009661
157.000000 0.112437
157.050000 0.225491
157.100000 0.297435
157.150000 0.314565
157.200000 0.311139
157.250000 0.290583
157.300000 0.259750
157.350000 0.242621
157.400000 0.246047
157.450000 0.252899
157.500000 0.263176
157.550000 0.290584
157.600000 0.331694
157.650000 0.372805
157.700000 0.417342
157.750000 0.468730
157.800000 0.496137
157.850000 0.485859
157.900000 0.444748
157.950000 0.383082
158.000000 0.297436
158.050000 0.215214
158.100000 0.160399
158.150000 0.132993
158.200000 0.132993
158.250000 0.167252
158.300000 0.194659
158.350000 0.222066
158.400000 0.280306
158.450000 0.335120
158.500000 0.335121
158.550000 0.300861
158.600000 0.246047
158.650000 0.163826
158.700000 0.054197
158.750000 -0.069135
158.800000 -0.168486
158.850000 -0.233578
158.900000 -0.295244
158.950000 -0.346632
159.000000 -0.346632
159.050000 -0.274689
159.100000 -0.171911
159.150000 -0.065709
159.200000 0.054198
159.250000 0.187807
159.300000 0.290584
159.350000 0.348824
159.400000 0.369379
159.450000 0.352250
159.500000 0.290584
159.550000 0.194659
159.600000 0.095307
159.650000 -0.010895
159.700000 -0.171912
159.750000 -0.343206
159.800000 -0.466538
159.850000 -0.548759
159.900000 -0.641258
159.950000 -0.723480
160.000000 -0.761165
160.050000 -0.778294
160.100000 -0.778295
160.150000 -0.737184
160.200000 -0.658388
160.250000 -0.555611
160.300000 -0.449408
160.350000 -0.360336
160.400000 -0.288392
160.450000 -0.206171
160.500000 -0.127375
160.550000 -0.058857
160.600000 -0.031450
160.650000 -0.052005
160.700000 -0.093116
160.750000 -0.130801
160.800000 -0.175337
160.850000 -0.237004
160.900000 -0.281540
160.950000 -0.312374
161.000000 -0.350057
161.050000 -0.370613
161.100000 -0.353484
161.150000 -0.346632
161.200000 -0.339780
161.250000 -0.281540
161.300000 -0.199319
161.350000 -0.117098
161.400000 -0.034876
161.450000 0.061049
161.500000 0.129567
161.550000 0.180955
161.600000 0.232344
161.650000 0.252899
161.700000 0.215214
161.750000 0.156974
161.800000 0.095307
161.850000 0.013087
161.900000 -0.069135
161.950000 -0.120524
162.000000 -0.161633
162.050000 -0.195892
162.100000 -0.189041
162.150000 -0.147930
162.200000 -0.103394
162.250000 -0.045153
162.300000 0.050772
162.350000 0.132993
162.400000 0.208362
162.450000 0.307713
162.500000 0.407064
162.550000 0.451601
162.600000 0.492711
162.650000 0.533822
162.700000 0.537247
162.750000 0.537248
162.800000 0.550951
162.850000 0.520119
162.900000 0.434471
162.950000 0.362528
163.000000 0.311139
163.050000 0.239195
163.100000 0.170677
163.150000 0.129567
163.200000 0.102160
163.250000 0.085030
163.300000 0.095308
163.350000 0.122715
163.400000 0.163826
163.450000 0.225492
163.500000 0.280306
163.550000 0.307713
163.600000 0.331695
163.650000 0.355676
163.700000 0.331694
163.750000 0.252899
163.800000 0.153548
163.850000 0.054198
163.900000 -0.058857
163.950000 -0.195893
164.000000 -0.312373
164.050000 -0.398021
164.100000 -0.466538
164.150000 -0.538481
164.200000 -0.586444
164.250000 -0.586444
164.300000 -0.586444
164.350000 -0.610426
164.400000 -0.620703
164.450000 -0.617277
164.500000 -0.613852
164.550000 -0.576166
164.600000 -0.511075
164.650000 -0.463112
164.700000 -0.415150
164.750000 -0.339781
164.800000 -0.271262
164.850000 -0.216448
164.900000 -0.130801
164.950000 -0.038302
165.000000 0.030216
165.050000 0.088456
165.100000 0.143271
165.150000 0.132992
165.200000 0.074752
165.250000 0.030215
165.300000 -0.010895
165.350000 -0.075987
165.400000 -0.130801
165.450000 -0.151357
165.500000 -0.154782
165.550000 -0.168486
165.600000 -0.161634
165.650000 -0.120523
165.700000 -0.058857
165.750000 -0.014321
165.800000 -0.007469
165.850000 -0.004043
165.900000 0.009661
165.950000 -0.007469
166.000000 -0.052005
166.050000 -0.058857
166.100000 -0.082838
166.150000 -0.168486
166.200000 -0.264411
166.250000 -0.319225
166.300000 -0.374040
166.350000 -0.442557
166.400000 -0.487094
166.450000 -0.511075
166.500000 -0.559037
166.550000 -0.603574
166.600000 -0.603574
166.650000 -0.572741
166.700000 -0.545333
166.750000 -0.535056
166.800000 -0.511075
166.850000 -0.483667
166.900000 -0.469964
166.950000 -0.473390
167.000000 -0.476815
167.050000 -0.500797
167.100000 -0.538481
167.150000 -0.548759
167.200000 -0.531630
167.250000 -0.524778
167.300000 -0.493945
167.350000 -0.387743
167.400000 -0.267836
167.450000 -0.185615
167.500000 -0.089690
167.550000 0.016513
167.600000 0.057623
167.650000 0.047345
167.700000 0.057623
167.750000 0.037068
167.800000 -0.028024
167.850000 -0.065709
167.900000 -0.079413
167.950000 -0.117097
168.000000 -0.134227
168.050000 -0.069135
168.100000 0.013086
168.150000 0.061049
168.200000 0.115863
168.250000 0.187807
168.300000 0.242621
168.350000 0.270028
168.400000 0.290584
168.450000 0.307713
168.500000 0.304287
168.550000 0.297436
168.600000 0.307713
168.650000 0.348824
168.700000 0.403638
168.750000 0.455026
168.800000 0.502988
168.850000 0.557803
168.900000 0.592062
168.950000 0.574932
169.000000 0.516693
169.050000 0.420768
169.100000 0.290584
169.150000 0.153548
169.200000 0.013087
169.250000 -0.123949
169.300000 -0.257559
169.350000 -0.356909
169.400000 -0.425428
169.450000 -0.480242
169.500000 -0.521353
169.550000 -0.559037
169.600000 -0.583019
169.650000 -0.586444
169.700000 -0.572740
169.750000 -0.565889
169.800000 -0.569315
169.850000 -0.565889
169.900000 -0.541908
169.950000 -0.507648
170.000000 -0.490519
170.050000 -0.466538
170.100000 -0.415150
170.150000 -0.353483
170.200000 -0.326076
170.250000 -0.312373
170.300000 -0.302095
170.350000 -0.322650
170.400000 -0.374039
170.450000 -0.428853
170.500000 -0.476816
170.550000 -0.531630
170.600000 -0.569315
170.650000 -0.555611
170.700000 -0.511074
170.750000 -0.452835
170.800000 -0.380891
170.850000 -0.284966
170.900000 -0.185615
170.950000 -0.113671
171.000000 -0.079412
171.050000 -0.062283
171.100000 -0.062283
171.150000 -0.082839
171.200000 -0.130801
171.250000 -0.206171
171.300000 -0.291818
171.350000 -0.387743
171.400000 -0.480242
171.450000 -0.565889
171.500000 -0.627555
171.550000 -0.654962
171.600000 -0.641258
171.650000 -0.610425
171.700000 -0.565889
171.750000 -0.493946
171.800000 -0.401446
171.850000 -0.308948
171.900000 -0.230152
171.950000 -0.151356
172.000000 -0.072561
172.050000 0.009661
172.100000 0.064475
172.150000 0.078178
172.200000 0.078179
172.250000 0.078178
172.300000 0.074753
172.350000 0.037068
172.400000 -0.031450
172.450000 -0.099968
172.500000 -0.158208
172.550000 -0.219874
172.600000 -0.274689
172.650000 -0.326076
172.700000 -0.363761
172.750000 -0.398020
172.800000 -0.415150
172.850000 -0.408298
172.900000 -0.374039
172.950000 -0.336355
173.000000 -0.291817
173.050000 -0.230152
173.100000 -0.165060
173.150000 -0.127375
173.200000 -0.099967
173.250000 -0.075987
173.300000 -0.062283
173.350000 -0.048580
173.400000 -0.062283
173.450000 -0.120523
173.500000 -0.192467
173.550000 -0.237003
173.600000 -0.267837
173.650000 -0.302095
173.700000 -0.298670
173.750000 -0.257559
173.800000 -0.206170
173.850000 -0.127375
173.900000 -0.014321
173.950000 0.126141
174.000000 0.273454
174.050000 0.427619
174.100000 0.554377
174.150000 0.619469
174.200000 0.643450
174.250000 0.629747
174.300000 0.540674
174.350000 0.403638
174.400000 0.259751
174.450000 0.126140
174.500000 -0.021173
174.550000 -0.151356
174.600000 -0.250707
174.650000 -0.315799
174.700000 -0.356909
174.750000 -0.367188
174.800000 -0.336354
174.850000 -0.271262
174.900000 -0.182189
174.950000 -0.117097
175.000000 -0.086265
175.050000 -0.069135
175.100000 -0.055432
175.150000 -0.075987
175.200000 -0.137653
175.250000 -0.226726
175.300000 -0.322651
175.350000 -0.435705
175.400000 -0.548759
175.450000 -0.658388
175.500000 -0.733757
175.550000 -0.771443
175.600000 -0.771442
175.650000 -0.723480
175.700000 -0.620703
175.750000 -0.487093
175.800000 -0.343207
175.850000 -0.199319
175.900000 -0.062284
175.950000 0.057623
176.000000 0.156974
176.050000 0.208362
176.100000 0.222066
176.150000 0.204936
176.200000 0.184381
176.250000 0.156974
176.300000 0.143271
176.350000 0.139844
176.400000 0.132992
176.450000 0.153548
176.500000 0.218640
176.550000 0.300861
176.600000 0.369379
176.650000 0.417341
176.700000 0.444749
176.750000 0.458453
176.800000 0.465304
176.850000 0.424194
176.900000 0.335120
176.950000 0.239196
177.000000 0.150122
177.050000 0.043920
177.100000 -0.086264
177.150000 -0.216448
177.200000 -0.343206
177.250000 -0.435705
177.300000 -0.487094
177.350000 -0.521353
177.400000 -0.524778
177.450000 -0.469964
177.500000 -0.418576
177.550000 -0.394594
177.600000 -0.339780
177.650000 -0.264411
177.700000 -0.213022
177.750000 -0.195893
177.800000 -0.195893
177.850000 -0.233578
177.900000 -0.281540
177.950000 -0.308947
178.000000 -0.343206
178.050000 -0.377465
178.100000 -0.360336
178.150000 -0.308947
178.200000 -0.271262
178.250000 -0.213022
178.300000 -0.117097
178.350000 -0.038302
178.400000 0.009661
178.450000 0.078178
178.500000 0.143270
178.550000 0.163826
178.600000 0.160400
178.650000 0.184381
178.700000 0.208362
178.750000 0.208362
178.800000 0.211788
178.850000 0.225491
178.900000 0.225492
178.950000 0.198084
179.000000 0.146696
179.050000 0.078179
179.100000 -0.021173
179.150000 -0.151356
179.200000 -0.298670
179.250000 -0.422002
179.300000 -0.548759
179.350000 -0.678944
179.400000 -0.768017
179.450000 -0.815979
179.500000 -0.850238
179.550000 -0.846812
179.600000 -0.791997
179.650000 -0.720054
179.700000 -0.641258
179.750000 -0.555611
179.800000 -0.487093
179.850000 -0.445983
179.900000 -0.415150
179.950000 -0.401446
180.000000 -0.422001
180.050000 -0.445983
180.100000 -0.449409
180.150000 -0.456261
180.200000 -0.463112
180.250000 -0.432279
180.300000 -0.374039
180.350000 -0.302096
180.400000 -0.216448
180.450000 -0.120524
180.500000 -0.048580
180.550000 0.016513
180.600000 0.071327
180.650000 0.095308
180.700000 0.095308
180.750000 0.071326
180.800000 0.002809
180.850000 -0.075987
180.900000 -0.137653
180.950000 -0.216448
181.000000 -0.288391
181.050000 -0.302096
181.100000 -0.284966
181.150000 -0.278115
181.200000 -0.237004
181.250000 -0.141079
181.300000 -0.065709
181.350000 -0.007469
181.400000 0.054197
181.450000 0.088456
181.500000 0.085030
181.550000 0.081605
181.600000 0.067901
181.650000 0.019939
181.700000 -0.058857
181.750000 -0.141079
181.800000 -0.213022
181.850000 -0.257559
181.900000 -0.291818
181.950000 -0.322651
182.000000 -0.322651
182.050000 -0.305521
182.100000 -0.329503
182.150000 -0.363762
182.200000 -0.350058
182.250000 -0.339780
182.300000 -0.377465
182.350000 -0.428854
182.400000 -0.411724
182.450000 -0.374039
182.500000 -0.346632
182.550000 -0.298670
182.600000 -0.223300
182.650000 -0.144505
182.700000 -0.048579
182.750000 0.057623
182.800000 0.132993
182.850000 0.156974
182.900000 0.170677
182.950000 0.167252
183.000000 0.132993
183.050000 0.067901
183.100000 -0.017746
183.150000 -0.113671
183.200000 -0.216448
183.250000 -0.298670
183.300000 -0.374039
183.350000 -0.432279
183.400000 -0.432279
183.450000 -0.380891
183.500000 -0.343206
183.550000 -0.298669
183.600000 -0.219874
183.650000 -0.151356
183.700000 -0.130801
183.750000 -0.113671
183.800000 -0.089690
183.850000 -0.082839
183.900000 -0.096542
183.950000 -0.103394
184.000000 -0.093116
184.050000 -0.065709
184.100000 -0.038302
184.150000 -0.014320
184.200000 0.037067
184.250000 0.105585
184.300000 0.180955
184.350000 0.249473
184.400000 0.294009
184.450000 0.321417
184.500000 0.335120
184.550000 0.324843
184.600000 0.266602
184.650000 0.184381
184.700000 0.119289
184.750000 0.074753
184.800000 0.047346
184.850000 0.050771
184.900000 0.095307
184.950000 0.153548
185.000000 0.232344
185.050000 0.345398
185.100000 0.448175
185.150000 0.523544
185.200000 0.568080
185.250000 0.588636
185.300000 0.564655
185.350000 0.513267
185.400000 0.441322
185.450000 0.335120
185.500000 0.222066
185.550000 0.115863
185.600000 0.002809
185.650000 -0.099968
185.700000 -0.141079
185.750000 -0.141078
185.800000 -0.151356
185.850000 -0.161634
185.900000 -0.141079
185.950000 -0.113672
186.000000 -0.113672
186.050000 -0.110246
186.100000 -0.082839
186.150000 -0.062283
186.200000 -0.031450
186.250000 0.023364
186.300000 0.098733
186.350000 0.191233
186.400000 0.304287
186.450000 0.420767
186.500000 0.502989
186.550000 0.544099
186.600000 0.561229
186.650000 0.578358
186.700000 0.564655
186.750000 0.506415
186.800000 0.431045
186.850000 0.379657
186.900000 0.331694
186.950000 0.276880
187.000000 0.239195
187.050000 0.215214
187.100000 0.184381
187.150000 0.156974
187.200000 0.153548
187.250000 0.143271
187.300000 0.102160
187.350000 0.054197
187.400000 0.019939
187.450000 -0.000618
187.500000 -0.038302
187.550000 -0.106819
187.600000 -0.158209
187.650000 -0.158208
187.700000 -0.147930
187.750000 -0.151357
187.800000 -0.134227
187.850000 -0.106820
187.900000 -0.093116
187.950000 -0.086264
188.000000 -0.062283
188.050000 -0.038301
188.100000 -0.007469
188.150000 0.040493
188.200000 0.071326
188.250000 0.064475
188.300000 0.061049
188.350000 0.050771
188.400000 0.002809
188.450000 -0.052005
188.500000 -0.079412
188.550000 -0.099968
188.600000 -0.103394
188.650000 -0.082838
188.700000 -0.041728
188.750000 -0.004043
