time[ns] Raw_signal[mV]
-11.100000 0.163415
-11.050000 0.084620
-11.000000 0.016101
-10.950000 -0.045564
-10.900000 -0.124360
-10.850000 -0.189452
-10.800000 -0.206581
-10.750000 -0.199730
-10.700000 -0.196304
-10.650000 -0.196304
-10.600000 -0.165470
-10.550000 -0.093526
-10.500000 -0.021583
-10.450000 0.022954
-10.400000 0.050360
-10.350000 0.088046
-10.300000 0.101749
-10.250000 0.084619
-10.200000 0.067490
-10.150000 0.064064
-10.100000 0.046935
-10.050000 0.026380
-10.000000 0.012676
-9.950000 0.016102
-9.900000 0.019528
-9.850000 0.002399
-9.800000 -0.028434
-9.750000 -0.062693
-9.700000 -0.120934
-9.650000 -0.206581
-9.600000 -0.278525
-9.550000 -0.316210
-9.500000 -0.333339
-9.450000 -0.353895
-9.400000 -0.353895
-9.350000 -0.326487
-9.300000 -0.261395
-9.250000 -0.162045
-9.200000 -0.045564
-9.150000 0.081193
-9.100000 0.221656
-9.050000 0.355265
-9.000000 0.444338
-8.950000 0.485449
-8.900000 0.492300
-8.850000 0.464893
-8.800000 0.399801
-8.750000 0.297025
-8.700000 0.166841
-8.650000 0.012676
-8.600000 -0.110657
-8.550000 -0.199729
-8.500000 -0.268247
-8.450000 -0.292228
-8.400000 -0.271672
-8.350000 -0.240840
-8.300000 -0.179174
-8.250000 -0.052416
-8.200000 0.094897
-8.150000 0.211378
-8.100000 0.327858
-8.050000 0.434061
-8.000000 0.512856
-7.950000 0.571096
-7.900000 0.622484
-7.850000 0.629336
-7.800000 0.612207
-7.750000 0.625911
-7.700000 0.656744
-7.650000 0.660169
-7.600000 0.643040
-7.550000 0.632763
-7.500000 0.615633
-7.450000 0.577948
-7.400000 0.547115
-7.350000 0.526560
-7.300000 0.488875
-7.250000 0.427208
-7.200000 0.379246
-7.150000 0.351839
-7.100000 0.303877
-7.050000 0.235358
-7.000000 0.201100
-6.950000 0.214804
-6.900000 0.218230
-6.850000 0.173693
-6.800000 0.149712
-6.750000 0.156564
-6.700000 0.149712
-6.650000 0.132582
-6.600000 0.146286
-6.550000 0.190822
-6.500000 0.242210
-6.450000 0.300450
-6.400000 0.355265
-6.350000 0.406653
-6.300000 0.447764
-6.250000 0.478597
-6.200000 0.478597
-6.150000 0.437486
-6.100000 0.375821
-6.050000 0.297025
-6.000000 0.201100
-5.950000 0.094897
-5.900000 -0.007879
-5.850000 -0.079823
-5.800000 -0.120933
-5.750000 -0.127785
-5.700000 -0.103805
-5.650000 -0.062694
-5.600000 0.005824
-5.550000 0.101749
-5.500000 0.201100
-5.450000 0.286747
-5.400000 0.362117
-5.350000 0.430634
-5.300000 0.451190
-5.250000 0.434061
-5.200000 0.440912
-5.150000 0.475171
-5.100000 0.482023
-5.050000 0.458041
-5.000000 0.471746
-4.950000 0.516282
-4.900000 0.536838
-4.850000 0.526560
-4.800000 0.557393
-4.750000 0.612207
-4.700000 0.663595
-4.650000 0.684151
-4.600000 0.687577
-4.550000 0.677299
-4.500000 0.660170
-4.450000 0.625911
-4.400000 0.598503
-4.350000 0.581373
-4.300000 0.553966
-4.250000 0.523134
-4.200000 0.499152
-4.150000 0.451189
-4.100000 0.392950
-4.050000 0.324432
-4.000000 0.238785
-3.950000 0.170267
-3.900000 0.139434
-3.850000 0.094898
-3.800000 0.022953
-3.750000 -0.004453
-3.700000 0.040083
-3.650000 0.094897
-3.600000 0.146285
-3.550000 0.242210
-3.500000 0.372394
-3.450000 0.482023
-3.400000 0.574522
-3.350000 0.691002
-3.300000 0.804057
-3.250000 0.793779
-3.200000 0.684150
-3.150000 0.684150
-3.100000 0.780075
-3.050000 0.735539
-3.000000 0.557392
-2.950000 0.553967
-2.900000 0.663595
-2.850000 0.605355
-2.800000 0.454615
-2.750000 0.389524
-2.700000 0.269618
-2.650000 0.105175
-2.600000 0.101749
-2.550000 0.064065
-2.500000 -0.203155
-2.450000 -0.381301
-2.400000 -0.329913
-2.350000 -0.429264
-2.300000 -0.648521
-2.250000 -0.634817
-2.200000 -0.525189
-2.150000 -0.573151
-2.100000 -0.504634
-2.050000 -0.179174
-2.000000 0.029805
-1.950000 0.012676
-1.900000 0.084620
-1.850000 0.324432
-1.800000 0.598503
-1.750000 0.834889
-1.700000 0.947944
-1.650000 0.896556
-1.600000 0.886278
-1.550000 0.958222
-1.500000 0.882852
-1.450000 0.697854
-1.400000 0.694428
-1.350000 0.762946
-1.300000 0.694428
-1.250000 0.608781
-1.200000 0.560819
-1.150000 0.437487
-1.100000 0.434060
-1.050000 0.632762
-1.000000 0.615632
-0.950000 0.321007
-0.900000 0.252488
-0.850000 0.406653
-0.800000 0.358691
-0.750000 0.249062
-0.700000 0.358691
-0.650000 0.386098
-0.600000 0.231932
-0.550000 0.218230
-0.500000 0.324432
-0.450000 0.252488
-0.400000 0.156563
-0.350000 0.255914
-0.300000 0.331284
-0.250000 0.276470
-0.200000 0.252488
-0.150000 0.300450
-0.100000 0.321006
-0.050000 0.338135
0.000000 0.399802
0.050000 0.488875
0.100000 0.581374
0.150000 0.615633
0.200000 0.577948
0.250000 0.632762
0.300000 0.756094
0.350000 0.687576
0.400000 0.478597
0.450000 0.437487
0.500000 0.519708
0.550000 0.464894
0.600000 0.368969
0.650000 0.362117
0.700000 0.341561
0.750000 0.249062
0.800000 0.255914
0.850000 0.423782
0.900000 0.673873
0.950000 1.040443
1.000000 1.639974
1.050000 2.486169
1.100000 3.572176
1.150000 4.993920
1.200000 6.819922
1.250000 9.019345
1.300000 11.527093
1.350000 14.350024
1.400000 17.460733
1.450000 20.708474
1.500000 23.959650
1.550000 27.217674
1.600000 30.503096
1.650000 33.709730
1.700000 36.745066
1.750000 39.643371
1.800000 42.394364
1.850000 44.915814
1.900000 47.224864
1.950000 49.359204
2.000000 51.277694
2.050000 52.904994
2.100000 54.199974
2.150000 55.142104
2.200000 55.734774
2.250000 55.912924
2.300000 55.566904
2.350000 54.734424
2.400000 53.545634
2.450000 52.017684
2.500000 50.106034
2.550000 47.906624
2.600000 45.501644
2.650000 42.897964
2.700000 40.136704
2.750000 37.324044
2.800000 34.518234
2.850000 31.712434
2.900000 28.951174
2.950000 26.350924
3.000000 23.956224
3.050000 21.767084
3.100000 19.838297
3.150000 18.265823
3.200000 17.022220
3.250000 16.080100
3.300000 15.487424
3.350000 15.237329
3.400000 15.230483
3.450000 15.463443
3.500000 15.960194
3.550000 16.648798
3.600000 17.409350
3.650000 18.228131
3.700000 19.091458
3.750000 19.944502
3.800000 20.742735
3.850000 21.475880
3.900000 22.075412
3.950000 22.479665
4.000000 22.733182
4.050000 22.839383
4.100000 22.757156
4.150000 22.472814
4.200000 22.024019
4.250000 21.421067
4.300000 20.694772
4.350000 19.852010
4.400000 18.861920
4.450000 17.796471
4.500000 16.734446
4.550000 15.641584
4.600000 14.473363
4.650000 13.308554
4.700000 12.191716
4.750000 11.088578
4.800000 10.023126
4.850000 9.070729
4.900000 8.231386
4.950000 7.518802
5.000000 6.932974
5.050000 6.487609
5.100000 6.182704
5.150000 6.052520
5.200000 6.083353
5.250000 6.234092
5.300000 6.518442
5.350000 6.888440
5.400000 7.278985
5.450000 7.717502
5.500000 8.217683
5.550000 8.690455
5.600000 9.091286
5.650000 9.481839
5.700000 9.834707
5.750000 10.077938
5.800000 10.242389
5.850000 10.355441
5.900000 10.379423
5.950000 10.321181
6.000000 10.242381
6.050000 10.125908
6.100000 9.923779
6.150000 9.663408
6.200000 9.382486
6.250000 9.063877
6.300000 8.683604
6.350000 8.245090
6.400000 7.772317
6.450000 7.282415
6.500000 6.758254
6.550000 6.162149
6.600000 5.542062
6.650000 4.969939
6.700000 4.414945
6.750000 3.846247
6.800000 3.356344
6.850000 3.013756
6.900000 2.749963
6.950000 2.503298
7.000000 2.366263
7.050000 2.373114
7.100000 2.455335
7.150000 2.564964
7.200000 2.712277
7.250000 2.890424
7.300000 3.058292
7.350000 3.222735
7.400000 3.397456
7.450000 3.568749
7.500000 3.709211
7.550000 3.818840
7.600000 3.911338
7.650000 4.014115
7.700000 4.130595
7.750000 4.240224
7.800000 4.339575
7.850000 4.418371
7.900000 4.466333
7.950000 4.476611
8.000000 4.438926
8.050000 4.356705
8.100000 4.209391
8.150000 3.983283
8.200000 3.692082
8.250000 3.346067
8.300000 2.979497
8.350000 2.609501
8.400000 2.253208
8.450000 1.917471
8.500000 1.585159
8.550000 1.269978
8.600000 1.016461
8.650000 0.824612
8.700000 0.649891
8.750000 0.509430
8.800000 0.444339
8.850000 0.430634
8.900000 0.423783
8.950000 0.434060
9.000000 0.488875
9.050000 0.567670
9.100000 0.667021
9.150000 0.821186
9.200000 0.989055
9.250000 1.146646
9.300000 1.297385
9.350000 1.454975
9.400000 1.612567
9.450000 1.742751
9.500000 1.835249
9.550000 1.903768
9.600000 1.975711
9.650000 2.040803
9.700000 2.075062
9.750000 2.105895
9.800000 2.140153
9.850000 2.136728
9.900000 2.081914
9.950000 2.023673
10.000000 1.965433
10.050000 1.859230
10.100000 1.705066
10.150000 1.540623
10.200000 1.352199
10.250000 1.139794
10.300000 0.934241
10.350000 0.718409
10.400000 0.485448
10.450000 0.283321
10.500000 0.125730
10.550000 -0.025009
10.600000 -0.141489
10.650000 -0.175748
10.700000 -0.179174
10.750000 -0.179174
10.800000 -0.124359
10.850000 -0.014731
10.900000 0.081194
10.950000 0.173692
11.000000 0.283322
11.050000 0.399802
11.100000 0.506005
11.150000 0.622485
11.200000 0.721835
11.250000 0.797205
11.300000 0.872574
11.350000 0.917111
11.400000 0.920536
11.450000 0.927388
11.500000 0.941093
11.550000 0.903407
11.600000 0.852019
11.650000 0.838316
11.700000 0.807483
11.750000 0.721836
11.800000 0.663595
11.850000 0.667021
11.900000 0.649891
11.950000 0.595077
12.000000 0.571096
12.050000 0.560818
12.100000 0.509430
12.150000 0.440913
12.200000 0.389524
12.250000 0.334710
12.300000 0.242211
12.350000 0.122305
12.400000 0.009250
12.450000 -0.100378
12.500000 -0.227137
12.550000 -0.353894
12.600000 -0.446393
12.650000 -0.504633
12.700000 -0.556021
12.750000 -0.607410
12.800000 -0.614262
12.850000 -0.573151
12.900000 -0.535466
12.950000 -0.504633
13.000000 -0.412134
13.050000 -0.281951
13.100000 -0.179174
13.150000 -0.052416
13.200000 0.142860
13.250000 0.338136
13.300000 0.492300
13.350000 0.622485
13.400000 0.738965
13.450000 0.845167
13.500000 0.951370
13.550000 1.016462
13.600000 0.992481
13.650000 0.903407
13.700000 0.817760
13.750000 0.728687
13.800000 0.595078
13.850000 0.444338
13.900000 0.303876
13.950000 0.159989
14.000000 0.002398
14.050000 -0.158619
14.100000 -0.333339
14.150000 -0.525188
14.200000 -0.679354
14.250000 -0.782131
14.300000 -0.857500
14.350000 -0.908888
14.400000 -0.912314
14.450000 -0.871204
14.500000 -0.812964
14.550000 -0.723890
14.600000 -0.597133
14.650000 -0.497781
14.700000 -0.436116
14.750000 -0.391579
14.800000 -0.343616
14.850000 -0.316209
14.900000 -0.316209
14.950000 -0.309358
15.000000 -0.292228
15.050000 -0.275099
15.100000 -0.285377
15.150000 -0.299080
15.200000 -0.285377
15.250000 -0.227136
15.300000 -0.148341
15.350000 -0.083249
15.400000 -0.028435
15.450000 0.036657
15.500000 0.112027
15.550000 0.166841
15.600000 0.201100
15.650000 0.218230
15.700000 0.228507
15.750000 0.197674
15.800000 0.136008
15.850000 0.067490
15.900000 -0.021583
15.950000 -0.155193
16.000000 -0.302506
16.050000 -0.436115
16.100000 -0.566299
16.150000 -0.675928
16.200000 -0.747872
16.250000 -0.778705
16.300000 -0.754724
16.350000 -0.686205
16.400000 -0.614262
16.450000 -0.542318
16.500000 -0.439542
16.550000 -0.309358
16.600000 -0.189452
16.650000 -0.083249
16.700000 0.002399
16.750000 0.060638
16.800000 0.118879
16.850000 0.159989
16.900000 0.173693
16.950000 0.183970
17.000000 0.214803
17.050000 0.252488
17.100000 0.279895
17.150000 0.300450
17.200000 0.297024
17.250000 0.262765
17.300000 0.214803
17.350000 0.159989
17.400000 0.067490
17.450000 -0.066119
17.500000 -0.196304
17.550000 -0.312784
17.600000 -0.436115
17.650000 -0.549170
17.700000 -0.621114
17.750000 -0.669076
17.800000 -0.703335
17.850000 -0.706761
17.900000 -0.686205
17.950000 -0.675928
18.000000 -0.655373
18.050000 -0.603984
18.100000 -0.569725
18.150000 -0.590281
18.200000 -0.627966
18.250000 -0.627966
18.300000 -0.617687
18.350000 -0.610836
18.400000 -0.562874
18.450000 -0.470375
18.500000 -0.377876
18.550000 -0.275099
18.600000 -0.134638
18.650000 -0.001028
18.700000 0.088046
18.750000 0.149712
18.800000 0.207952
18.850000 0.221655
18.900000 0.173693
18.950000 0.115453
19.000000 0.088046
19.050000 0.060638
19.100000 0.019528
19.150000 -0.011305
19.200000 -0.004454
19.250000 -0.021583
19.300000 -0.079823
19.350000 -0.134638
19.400000 -0.172322
19.450000 -0.230562
19.500000 -0.309358
19.550000 -0.384728
19.600000 -0.449819
19.650000 -0.511485
19.700000 -0.586855
19.750000 -0.686205
19.800000 -0.778704
19.850000 -0.819816
19.900000 -0.850648
19.950000 -0.912315
20.000000 -0.980832
20.050000 -1.025369
20.100000 -1.069905
20.150000 -1.121294
20.200000 -1.138423
20.250000 -1.121294
20.300000 -1.090461
20.350000 -1.049350
20.400000 -0.963703
20.450000 -0.843796
20.500000 -0.713613
20.550000 -0.597133
20.600000 -0.497782
20.650000 -0.401857
20.700000 -0.292228
20.750000 -0.206581
20.800000 -0.158618
20.850000 -0.124360
20.900000 -0.093526
20.950000 -0.090101
21.000000 -0.107230
21.050000 -0.127785
21.100000 -0.148341
21.150000 -0.168897
21.200000 -0.203155
21.250000 -0.247691
21.300000 -0.292228
21.350000 -0.323061
21.400000 -0.347043
21.450000 -0.391579
21.500000 -0.473800
21.550000 -0.573151
21.600000 -0.689631
21.650000 -0.819815
21.700000 -0.943147
21.750000 -1.042498
21.800000 -1.124719
21.850000 -1.172682
21.900000 -1.179534
21.950000 -1.162405
22.000000 -1.097312
22.050000 -0.929444
22.100000 -0.713612
22.150000 -0.501208
22.200000 -0.275099
22.250000 -0.001027
22.300000 0.266192
22.350000 0.492300
22.400000 0.694428
22.450000 0.886278
22.500000 1.026740
22.550000 1.081554
22.600000 1.071276
22.650000 1.037017
22.700000 0.958222
22.750000 0.817761
22.800000 0.646465
22.850000 0.471745
22.900000 0.286747
22.950000 0.067491
23.000000 -0.148341
23.050000 -0.316210
23.100000 -0.470375
23.150000 -0.614262
23.200000 -0.720464
23.250000 -0.768427
23.300000 -0.795834
23.350000 -0.823242
23.400000 -0.823242
23.450000 -0.788982
23.500000 -0.775279
23.550000 -0.788983
23.600000 -0.802686
23.650000 -0.806112
23.700000 -0.795834
23.750000 -0.775278
23.800000 -0.751297
23.850000 -0.713613
23.900000 -0.651946
23.950000 -0.583429
24.000000 -0.521763
24.050000 -0.439542
24.100000 -0.336765
24.150000 -0.261395
24.200000 -0.206581
24.250000 -0.144915
24.300000 -0.117508
24.350000 -0.158618
24.400000 -0.210007
24.450000 -0.220284
24.500000 -0.227136
24.550000 -0.257970
24.600000 -0.292228
24.650000 -0.275099
24.700000 -0.220285
24.750000 -0.199729
24.800000 -0.230563
24.850000 -0.216859
24.900000 -0.158618
24.950000 -0.179174
25.000000 -0.275099
25.050000 -0.364172
25.100000 -0.460097
25.150000 -0.610836
25.200000 -0.765001
25.250000 -0.867778
25.300000 -0.953425
25.350000 -1.039072
25.400000 -1.083609
25.450000 -1.073331
25.500000 -1.021943
25.550000 -0.960277
25.600000 -0.898611
25.650000 -0.806112
25.700000 -0.686205
25.750000 -0.593707
25.800000 -0.528614
25.850000 -0.446393
25.900000 -0.357320
25.950000 -0.305932
26.000000 -0.254544
26.050000 -0.168896
26.100000 -0.096952
26.150000 -0.055842
26.200000 0.002398
26.250000 0.067490
26.300000 0.105175
26.350000 0.129156
26.400000 0.153137
26.450000 0.136008
26.500000 0.091472
26.550000 0.060638
26.600000 0.022954
26.650000 -0.048990
26.700000 -0.131212
26.750000 -0.206581
26.800000 -0.275098
26.850000 -0.333339
26.900000 -0.398431
26.950000 -0.470374
27.000000 -0.525189
27.050000 -0.573152
27.100000 -0.624540
27.150000 -0.662224
27.200000 -0.693058
27.250000 -0.720464
27.300000 -0.713612
27.350000 -0.658798
27.400000 -0.586854
27.450000 -0.511486
27.500000 -0.429263
27.550000 -0.360746
27.600000 -0.326487
27.650000 -0.288802
27.700000 -0.261396
27.750000 -0.285376
27.800000 -0.329913
27.850000 -0.367597
27.900000 -0.422412
27.950000 -0.487504
28.000000 -0.514911
28.050000 -0.521763
28.100000 -0.535467
28.150000 -0.532040
28.200000 -0.494356
28.250000 -0.442968
28.300000 -0.384728
28.350000 -0.329913
28.400000 -0.329913
28.450000 -0.384727
28.500000 -0.460097
28.550000 -0.552596
28.600000 -0.658799
28.650000 -0.785556
28.700000 -0.936295
28.750000 -1.063053
28.800000 -1.131572
28.850000 -1.165831
28.900000 -1.165830
28.950000 -1.114442
29.000000 -1.049350
29.050000 -0.994536
29.100000 -0.902037
29.150000 -0.768427
29.200000 -0.665650
29.250000 -0.590280
29.300000 -0.518337
29.350000 -0.487504
29.400000 -0.494356
29.450000 -0.501207
29.500000 -0.538892
29.550000 -0.634817
29.600000 -0.720464
29.650000 -0.758149
29.700000 -0.788983
29.750000 -0.809538
29.800000 -0.771853
29.850000 -0.706761
29.900000 -0.672502
29.950000 -0.651947
30.000000 -0.631391
30.050000 -0.610836
30.100000 -0.583429
30.150000 -0.580003
30.200000 -0.627966
30.250000 -0.710187
30.300000 -0.806112
30.350000 -0.926018
30.400000 -1.059628
30.450000 -1.172682
30.500000 -1.248052
30.550000 -1.282310
30.600000 -1.272033
30.650000 -1.227497
30.700000 -1.162404
30.750000 -1.073331
30.800000 -0.987684
30.850000 -0.943148
30.900000 -0.912315
30.950000 -0.878055
31.000000 -0.860926
31.050000 -0.874629
31.100000 -0.898611
31.150000 -0.932870
31.200000 -0.984258
31.250000 -1.025369
31.300000 -1.032221
31.350000 -1.032221
31.400000 -1.032220
31.450000 -1.018517
31.500000 -1.004813
31.550000 -1.028794
31.600000 -1.059627
31.650000 -1.063053
31.700000 -1.090460
31.750000 -1.165830
31.800000 -1.217219
31.850000 -1.237773
31.900000 -1.258330
31.950000 -1.296014
32.000000 -1.319995
32.050000 -1.316569
32.100000 -1.296014
32.150000 -1.268606
32.200000 -1.254903
32.250000 -1.220644
32.300000 -1.172682
32.350000 -1.121293
32.400000 -1.052776
32.450000 -0.970554
32.500000 -0.932869
32.550000 -0.912314
32.600000 -0.847222
32.650000 -0.771853
32.700000 -0.751298
32.750000 -0.751298
32.800000 -0.734168
32.850000 -0.741020
32.900000 -0.768427
32.950000 -0.792408
33.000000 -0.826667
33.050000 -0.871204
33.100000 -0.881482
33.150000 -0.860926
33.200000 -0.847223
33.250000 -0.826667
33.300000 -0.806112
33.350000 -0.806112
33.400000 -0.792408
33.450000 -0.741020
33.500000 -0.703335
33.550000 -0.706761
33.600000 -0.713613
33.650000 -0.693057
33.700000 -0.679354
33.750000 -0.703335
33.800000 -0.730743
33.850000 -0.713613
33.900000 -0.693057
33.950000 -0.710187
34.000000 -0.741020
34.050000 -0.758150
34.100000 -0.758150
34.150000 -0.761576
34.200000 -0.775279
34.250000 -0.788982
34.300000 -0.771853
34.350000 -0.730742
34.400000 -0.669077
34.450000 -0.603984
34.500000 -0.542318
34.550000 -0.494356
34.600000 -0.466948
34.650000 -0.453245
34.700000 -0.466949
34.750000 -0.497782
34.800000 -0.514911
34.850000 -0.552596
34.900000 -0.638243
34.950000 -0.723890
35.000000 -0.788983
35.050000 -0.867777
35.100000 -0.936296
35.150000 -0.980832
35.200000 -0.991110
35.250000 -0.977406
35.300000 -0.973980
35.350000 -0.994536
35.400000 -1.004814
35.450000 -1.004814
35.500000 -1.025369
35.550000 -1.076757
35.600000 -1.124720
35.650000 -1.162405
35.700000 -1.213793
35.750000 -1.244625
35.800000 -1.230922
35.850000 -1.203515
35.900000 -1.172682
35.950000 -1.111016
36.000000 -1.045924
36.050000 -1.004814
36.100000 -0.973980
36.150000 -0.939722
36.200000 -0.936295
36.250000 -0.991110
36.300000 -1.080183
36.350000 -1.165830
36.400000 -1.248051
36.450000 -1.326847
36.500000 -1.388513
36.550000 -1.409068
36.600000 -1.395365
36.650000 -1.350829
36.700000 -1.299440
36.750000 -1.237774
36.800000 -1.162404
36.850000 -1.076757
36.900000 -1.018517
36.950000 -0.994535
37.000000 -0.970555
37.050000 -0.926018
37.100000 -0.878055
37.150000 -0.840371
37.200000 -0.785556
37.250000 -0.710187
37.300000 -0.655373
37.350000 -0.621114
37.400000 -0.559448
37.450000 -0.480652
37.500000 -0.446394
37.550000 -0.456671
37.600000 -0.487504
37.650000 -0.538892
37.700000 -0.621113
37.750000 -0.713613
37.800000 -0.788982
37.850000 -0.864352
37.900000 -0.970554
37.950000 -1.066479
38.000000 -1.121294
38.050000 -1.141849
38.100000 -1.169256
38.150000 -1.189811
38.200000 -1.186385
38.250000 -1.182960
38.300000 -1.210367
38.350000 -1.227496
38.400000 -1.200089
38.450000 -1.158978
38.500000 -1.138423
38.550000 -1.121293
38.600000 -1.107590
38.650000 -1.090461
38.700000 -1.063054
38.750000 -1.045924
38.800000 -1.042498
38.850000 -1.032221
38.900000 -1.032220
38.950000 -1.056201
39.000000 -1.083608
39.050000 -1.097312
39.100000 -1.128145
39.150000 -1.186386
39.200000 -1.227496
39.250000 -1.244626
39.300000 -1.302866
39.350000 -1.391939
39.400000 -1.453605
39.450000 -1.491290
39.500000 -1.535826
39.550000 -1.559807
39.600000 -1.528974
39.650000 -1.504994
39.700000 -1.498141
39.750000 -1.457031
39.800000 -1.378236
39.850000 -1.306292
39.900000 -1.241199
39.950000 -1.155553
40.000000 -1.069905
40.050000 -1.021943
40.100000 -1.001388
40.150000 -0.973981
40.200000 -0.943148
40.250000 -0.919166
40.300000 -0.898611
40.350000 -0.881481
40.400000 -0.864352
40.450000 -0.840371
40.500000 -0.816389
40.550000 -0.788982
40.600000 -0.727316
40.650000 -0.679353
40.700000 -0.679354
40.750000 -0.689632
40.800000 -0.672502
40.850000 -0.672502
40.900000 -0.703335
40.950000 -0.723891
41.000000 -0.730743
41.050000 -0.734168
41.100000 -0.744446
41.150000 -0.771853
41.200000 -0.819815
41.250000 -0.840370
41.300000 -0.843797
41.350000 -0.898610
41.400000 -0.973981
41.450000 -1.001388
41.500000 -1.035647
41.550000 -1.121294
41.600000 -1.182960
41.650000 -1.189811
41.700000 -1.200089
41.750000 -1.206941
41.800000 -1.162404
41.850000 -1.114442
41.900000 -1.093887
41.950000 -1.049350
42.000000 -0.984258
42.050000 -0.953425
42.100000 -0.963703
42.150000 -0.963703
42.200000 -0.946573
42.250000 -0.939722
42.300000 -0.953425
42.350000 -0.956851
42.400000 -0.946573
42.450000 -0.936296
42.500000 -0.908888
42.550000 -0.854075
42.600000 -0.795834
42.650000 -0.744446
42.700000 -0.689632
42.750000 -0.651947
42.800000 -0.607410
42.850000 -0.556022
42.900000 -0.532041
42.950000 -0.545744
43.000000 -0.556022
43.050000 -0.573151
43.100000 -0.614262
43.150000 -0.675928
43.200000 -0.730742
43.250000 -0.802686
43.300000 -0.895184
43.350000 -0.994536
43.400000 -1.093887
43.450000 -1.182959
43.500000 -1.254904
43.550000 -1.316569
43.600000 -1.371384
43.650000 -1.415920
43.700000 -1.450179
43.750000 -1.453605
43.800000 -1.419346
43.850000 -1.367958
43.900000 -1.316569
43.950000 -1.241199
44.000000 -1.155553
44.050000 -1.090460
44.100000 -1.039073
44.150000 -0.973980
44.200000 -0.908889
44.250000 -0.895185
44.300000 -0.919166
44.350000 -0.970555
44.400000 -1.028794
44.450000 -1.107590
44.500000 -1.213793
44.550000 -1.343977
44.600000 -1.460457
44.650000 -1.549530
44.700000 -1.614622
44.750000 -1.672862
44.800000 -1.686565
44.850000 -1.638603
44.900000 -1.570085
44.950000 -1.494715
45.000000 -1.391939
45.050000 -1.237774
45.100000 -1.080183
45.150000 -0.956851
45.200000 -0.850649
45.250000 -0.761575
45.300000 -0.710187
45.350000 -0.703335
45.400000 -0.717038
45.450000 -0.754723
45.500000 -0.830093
45.550000 -0.926018
45.600000 -1.025369
45.650000 -1.117867
45.700000 -1.189811
45.750000 -1.241200
45.800000 -1.268607
45.850000 -1.265182
45.900000 -1.213793
45.950000 -1.152127
46.000000 -1.097312
46.050000 -1.021943
46.100000 -0.905462
46.150000 -0.782131
46.200000 -0.679354
46.250000 -0.576577
46.300000 -0.501208
46.350000 -0.480652
46.400000 -0.480652
46.450000 -0.487504
46.500000 -0.518337
46.550000 -0.580003
46.600000 -0.617688
46.650000 -0.641669
46.700000 -0.686206
46.750000 -0.710187
46.800000 -0.686206
46.850000 -0.658799
46.900000 -0.648521
46.950000 -0.638243
47.000000 -0.627965
47.050000 -0.624540
47.100000 -0.624540
47.150000 -0.648521
47.200000 -0.734168
47.250000 -0.833518
47.300000 -0.922592
47.350000 -1.025369
47.400000 -1.131572
47.450000 -1.196664
47.500000 -1.227496
47.550000 -1.234348
47.600000 -1.217219
47.650000 -1.172682
47.700000 -1.104164
47.750000 -1.008239
47.800000 -0.891759
47.850000 -0.799260
47.900000 -0.730743
47.950000 -0.658799
48.000000 -0.569725
48.050000 -0.528615
48.100000 -0.562873
48.150000 -0.617688
48.200000 -0.672502
48.250000 -0.744446
48.300000 -0.860926
48.350000 -0.977406
48.400000 -1.073331
48.450000 -1.162404
48.500000 -1.265181
48.550000 -1.343977
48.600000 -1.388513
48.650000 -1.391939
48.700000 -1.354255
48.750000 -1.316570
48.800000 -1.268607
48.850000 -1.165830
48.900000 -1.035647
48.950000 -0.915741
49.000000 -0.792408
49.050000 -0.627965
49.100000 -0.480652
49.150000 -0.391579
49.200000 -0.305932
49.250000 -0.227136
49.300000 -0.223711
49.350000 -0.278524
49.400000 -0.343617
49.450000 -0.446393
49.500000 -0.621114
49.550000 -0.826667
49.600000 -1.025369
49.650000 -1.217218
49.700000 -1.388513
49.750000 -1.515271
49.800000 -1.583788
49.850000 -1.600918
49.900000 -1.559808
49.950000 -1.467308
50.000000 -1.333699
50.050000 -1.158979
50.100000 -0.994535
50.150000 -0.860926
50.200000 -0.741020
50.250000 -0.634818
50.300000 -0.580003
50.350000 -0.556022
50.400000 -0.538893
50.450000 -0.552596
50.500000 -0.593706
50.550000 -0.610836
50.600000 -0.631391
50.650000 -0.682779
50.700000 -0.730742
50.750000 -0.775279
50.800000 -0.847222
50.850000 -0.939722
50.900000 -0.994536
50.950000 -1.028795
51.000000 -1.056202
51.050000 -1.069906
51.100000 -1.059628
51.150000 -1.035647
51.200000 -0.980832
51.250000 -0.908888
51.300000 -0.840370
51.350000 -0.761575
51.400000 -0.682779
51.450000 -0.641669
51.500000 -0.627965
51.550000 -0.603984
51.600000 -0.586855
51.650000 -0.583429
51.700000 -0.562873
51.750000 -0.542318
51.800000 -0.552596
51.850000 -0.576577
51.900000 -0.583429
51.950000 -0.610836
52.000000 -0.669076
52.050000 -0.734168
52.100000 -0.809537
52.150000 -0.919166
52.200000 -1.042498
52.250000 -1.152127
52.300000 -1.248051
52.350000 -1.354254
52.400000 -1.433050
52.450000 -1.470734
52.500000 -1.481012
52.550000 -1.481012
52.600000 -1.457031
52.650000 -1.409068
52.700000 -1.361106
52.750000 -1.309717
52.800000 -1.244626
52.850000 -1.155552
52.900000 -1.069905
52.950000 -0.984258
53.000000 -0.905463
53.050000 -0.854075
53.100000 -0.833519
53.150000 -0.806112
53.200000 -0.799260
53.250000 -0.836945
53.300000 -0.898611
53.350000 -0.946574
53.400000 -1.028794
53.450000 -1.138423
53.500000 -1.224071
53.550000 -1.299440
53.600000 -1.388513
53.650000 -1.453605
53.700000 -1.470734
53.750000 -1.494716
53.800000 -1.515271
53.850000 -1.487864
53.900000 -1.446753
53.950000 -1.429624
54.000000 -1.391938
54.050000 -1.340550
54.100000 -1.319996
54.150000 -1.299440
54.200000 -1.251478
54.250000 -1.210367
54.300000 -1.176107
54.350000 -1.128146
54.400000 -1.090461
54.450000 -1.073332
54.500000 -1.059628
54.550000 -1.059627
54.600000 -1.069905
54.650000 -1.056202
54.700000 -1.042498
54.750000 -1.052776
54.800000 -1.049350
54.850000 -1.035647
54.900000 -1.052776
54.950000 -1.100738
55.000000 -1.121294
55.050000 -1.145275
55.100000 -1.200089
55.150000 -1.261755
55.200000 -1.292588
55.250000 -1.313144
55.300000 -1.347403
55.350000 -1.374809
55.400000 -1.381661
55.450000 -1.374810
55.500000 -1.347402
55.550000 -1.326847
55.600000 -1.299440
55.650000 -1.261755
55.700000 -1.224070
55.750000 -1.213792
55.800000 -1.230922
55.850000 -1.258330
55.900000 -1.299440
55.950000 -1.340551
56.000000 -1.367958
56.050000 -1.388514
56.100000 -1.422772
56.150000 -1.439901
56.200000 -1.426198
56.250000 -1.405643
56.300000 -1.388513
56.350000 -1.357680
56.400000 -1.306292
56.450000 -1.254903
56.500000 -1.220645
56.550000 -1.206941
56.600000 -1.217219
56.650000 -1.217218
56.700000 -1.200089
56.750000 -1.179534
56.800000 -1.165830
56.850000 -1.134997
56.900000 -1.073331
56.950000 -1.021943
57.000000 -0.994536
57.050000 -0.963702
57.100000 -0.919166
57.150000 -0.888333
57.200000 -0.895185
57.250000 -0.912314
57.300000 -0.953425
57.350000 -1.042498
57.400000 -1.172682
57.450000 -1.313144
57.500000 -1.457031
57.550000 -1.573511
57.600000 -1.648881
57.650000 -1.703695
57.700000 -1.737954
57.750000 -1.731102
57.800000 -1.700269
57.850000 -1.652307
57.900000 -1.604344
57.950000 -1.556381
58.000000 -1.498141
58.050000 -1.412494
58.100000 -1.326847
58.150000 -1.282311
58.200000 -1.241200
58.250000 -1.169256
58.300000 -1.097313
58.350000 -1.056202
58.400000 -1.011665
58.450000 -0.939722
58.500000 -0.878055
58.550000 -0.840370
58.600000 -0.806112
58.650000 -0.765001
58.700000 -0.741020
58.750000 -0.744445
58.800000 -0.747872
58.850000 -0.751297
58.900000 -0.788983
58.950000 -0.854074
59.000000 -0.922592
59.050000 -0.994535
59.100000 -1.083609
59.150000 -1.189812
59.200000 -1.289162
59.250000 -1.391939
59.300000 -1.508420
59.350000 -1.624899
59.400000 -1.693418
59.450000 -1.717399
59.500000 -1.710547
59.550000 -1.672862
59.600000 -1.607770
59.650000 -1.501568
59.700000 -1.367958
59.750000 -1.230922
59.800000 -1.107590
59.850000 -1.004813
59.900000 -0.912315
59.950000 -0.840370
60.000000 -0.809537
60.050000 -0.795834
60.100000 -0.809538
60.150000 -0.854074
60.200000 -0.898611
60.250000 -0.919166
60.300000 -0.956851
60.350000 -1.018517
60.400000 -1.025368
60.450000 -0.984258
60.500000 -0.946573
60.550000 -0.898611
60.600000 -0.806112
60.650000 -0.717039
60.700000 -0.665650
60.750000 -0.614262
60.800000 -0.566300
60.850000 -0.559447
60.900000 -0.603985
60.950000 -0.641669
61.000000 -0.689631
61.050000 -0.771853
61.100000 -0.850648
61.150000 -0.881481
61.200000 -0.888333
61.250000 -0.884908
61.300000 -0.850649
61.350000 -0.768427
61.400000 -0.686206
61.450000 -0.607410
61.500000 -0.535467
61.550000 -0.497781
61.600000 -0.494356
61.650000 -0.511486
61.700000 -0.569726
61.750000 -0.675928
61.800000 -0.792408
61.850000 -0.895185
61.900000 -1.011666
61.950000 -1.134997
62.000000 -1.210366
62.050000 -1.237774
62.100000 -1.265181
62.150000 -1.299439
62.200000 -1.313144
62.250000 -1.316569
62.300000 -1.323421
62.350000 -1.326847
62.400000 -1.309718
62.450000 -1.299440
62.500000 -1.302865
62.550000 -1.309717
62.600000 -1.292588
62.650000 -1.254904
62.700000 -1.224071
62.750000 -1.196664
62.800000 -1.134997
62.850000 -1.035647
62.900000 -0.963702
62.950000 -0.929444
63.000000 -0.881482
63.050000 -0.823241
63.100000 -0.802686
63.150000 -0.812963
63.200000 -0.802686
63.250000 -0.782131
63.300000 -0.802685
63.350000 -0.857500
63.400000 -0.915741
63.450000 -0.970554
63.500000 -1.042498
63.550000 -1.145275
63.600000 -1.237773
63.650000 -1.285737
63.700000 -1.316570
63.750000 -1.354254
63.800000 -1.374810
63.850000 -1.350829
63.900000 -1.309718
63.950000 -1.258329
64.000000 -1.172682
64.050000 -1.073331
64.100000 -0.980832
64.150000 -0.891759
64.200000 -0.788982
64.250000 -0.710186
64.300000 -0.648521
64.350000 -0.610836
64.400000 -0.586854
64.450000 -0.573151
64.500000 -0.580003
64.550000 -0.624540
64.600000 -0.662225
64.650000 -0.682780
64.700000 -0.730742
64.750000 -0.799260
64.800000 -0.833519
64.850000 -0.857500
64.900000 -0.895185
64.950000 -0.902036
65.000000 -0.871203
65.050000 -0.857500
65.100000 -0.847222
65.150000 -0.802685
65.200000 -0.754723
65.250000 -0.741020
65.300000 -0.734168
65.350000 -0.703335
65.400000 -0.675928
65.450000 -0.669076
65.500000 -0.693058
65.550000 -0.741020
65.600000 -0.809538
65.650000 -0.881481
65.700000 -0.973980
65.750000 -1.093887
65.800000 -1.196663
65.850000 -1.251478
65.900000 -1.289163
65.950000 -1.316569
66.000000 -1.323421
66.050000 -1.306292
66.100000 -1.278885
66.150000 -1.227497
66.200000 -1.172682
66.250000 -1.124720
66.300000 -1.080182
66.350000 -1.059628
66.400000 -1.066479
66.450000 -1.073332
66.500000 -1.090461
66.550000 -1.131571
66.600000 -1.189812
66.650000 -1.248052
66.700000 -1.292588
66.750000 -1.309717
66.800000 -1.313144
66.850000 -1.337124
66.900000 -1.378236
66.950000 -1.395365
67.000000 -1.374810
67.050000 -1.367957
67.100000 -1.395365
67.150000 -1.422771
67.200000 -1.426198
67.250000 -1.436476
67.300000 -1.474160
67.350000 -1.525548
67.400000 -1.570085
67.450000 -1.618048
67.500000 -1.638603
67.550000 -1.631752
67.600000 -1.604344
67.650000 -1.552956
67.700000 -1.487864
67.750000 -1.412494
67.800000 -1.333699
67.850000 -1.237773
67.900000 -1.114442
67.950000 -1.001387
68.000000 -0.908888
68.050000 -0.819816
68.100000 -0.741020
68.150000 -0.703335
68.200000 -0.675928
68.250000 -0.641669
68.300000 -0.614262
68.350000 -0.586855
68.400000 -0.559448
68.450000 -0.535467
68.500000 -0.511485
68.550000 -0.497781
68.600000 -0.518337
68.650000 -0.569725
68.700000 -0.631391
68.750000 -0.703335
68.800000 -0.788982
68.850000 -0.847222
68.900000 -0.902037
68.950000 -1.011665
69.000000 -1.158978
69.050000 -1.285736
69.100000 -1.381662
69.150000 -1.494715
69.200000 -1.614622
69.250000 -1.720825
69.300000 -1.799620
69.350000 -1.847583
69.400000 -1.857860
69.450000 -1.837305
69.500000 -1.789343
69.550000 -1.679714
69.600000 -1.522122
69.650000 -1.367957
69.700000 -1.224070
69.750000 -1.080183
69.800000 -0.943148
69.850000 -0.836945
69.900000 -0.744446
69.950000 -0.689632
70.000000 -0.675928
70.050000 -0.672503
70.100000 -0.675928
70.150000 -0.706761
70.200000 -0.761575
70.250000 -0.809537
70.300000 -0.847223
70.350000 -0.874629
70.400000 -0.884907
70.450000 -0.884907
70.500000 -0.878056
70.550000 -0.874630
70.600000 -0.878056
70.650000 -0.867778
70.700000 -0.854074
70.750000 -0.857500
70.800000 -0.871204
70.850000 -0.874630
70.900000 -0.874630
70.950000 -0.881482
71.000000 -0.881481
71.050000 -0.871203
71.100000 -0.867777
71.150000 -0.867778
71.200000 -0.854075
71.250000 -0.840371
71.300000 -0.833519
71.350000 -0.799260
71.400000 -0.741019
71.450000 -0.696483
71.500000 -0.669076
71.550000 -0.627965
71.600000 -0.576577
71.650000 -0.538893
71.700000 -0.532041
71.750000 -0.549170
71.800000 -0.573151
71.850000 -0.614262
71.900000 -0.689632
71.950000 -0.778704
72.000000 -0.843797
72.050000 -0.874630
72.100000 -0.888333
72.150000 -0.898611
72.200000 -0.891759
72.250000 -0.871204
72.300000 -0.847222
72.350000 -0.812963
72.400000 -0.792408
72.450000 -0.806112
72.500000 -0.830093
72.550000 -0.847223
72.600000 -0.871204
72.650000 -0.929444
72.700000 -1.018517
72.750000 -1.093886
72.800000 -1.155553
72.850000 -1.220644
72.900000 -1.282311
72.950000 -1.306291
73.000000 -1.292588
73.050000 -1.272033
73.100000 -1.268607
73.150000 -1.278885
73.200000 -1.292588
73.250000 -1.306292
73.300000 -1.326847
73.350000 -1.367958
73.400000 -1.433050
73.450000 -1.508420
73.500000 -1.594066
73.550000 -1.679713
73.600000 -1.758510
73.650000 -1.803045
73.700000 -1.809897
73.750000 -1.799620
73.800000 -1.765361
73.850000 -1.686566
73.900000 -1.559807
73.950000 -1.426198
74.000000 -1.302865
74.050000 -1.186385
74.100000 -1.069905
74.150000 -0.980832
74.200000 -0.936295
74.250000 -0.929444
74.300000 -0.926018
74.350000 -0.932870
74.400000 -0.977406
74.450000 -1.039072
74.500000 -1.087035
74.550000 -1.124719
74.600000 -1.152127
74.650000 -1.107590
74.700000 -1.001388
74.750000 -0.895185
74.800000 -0.785556
74.850000 -0.638244
74.900000 -0.484078
74.950000 -0.360746
75.000000 -0.237414
75.050000 -0.117508
75.100000 -0.055842
75.150000 -0.079823
75.200000 -0.131212
75.250000 -0.213433
75.300000 -0.347042
75.350000 -0.508060
75.400000 -0.662224
75.450000 -0.802686
75.500000 -0.932870
75.550000 -1.039072
75.600000 -1.114442
75.650000 -1.141849
75.700000 -1.134997
75.750000 -1.128145
75.800000 -1.121294
75.850000 -1.080183
75.900000 -1.021943
75.950000 -0.984258
76.000000 -0.949999
76.050000 -0.922592
76.100000 -0.926018
76.150000 -0.929444
76.200000 -0.905463
76.250000 -0.871204
76.300000 -0.850648
76.350000 -0.823241
76.400000 -0.782131
76.450000 -0.737594
76.500000 -0.706761
76.550000 -0.699909
76.600000 -0.730742
76.650000 -0.747872
76.700000 -0.747872
76.750000 -0.782131
76.800000 -0.864352
76.850000 -0.929443
76.900000 -0.977407
76.950000 -1.039072
77.000000 -1.080183
77.050000 -1.083609
77.100000 -1.076757
77.150000 -1.032221
77.200000 -0.915740
77.250000 -0.785556
77.300000 -0.675928
77.350000 -0.562874
77.400000 -0.449819
77.450000 -0.384727
77.500000 -0.357320
77.550000 -0.353894
77.600000 -0.418986
77.650000 -0.566299
77.700000 -0.727316
77.750000 -0.860926
77.800000 -0.994536
77.850000 -1.138423
77.900000 -1.251478
77.950000 -1.306292
78.000000 -1.299440
78.050000 -1.251477
78.100000 -1.189812
78.150000 -1.128145
78.200000 -1.059627
78.250000 -0.967128
78.300000 -0.902037
78.350000 -0.902036
78.400000 -0.915740
78.450000 -0.912314
78.500000 -0.908888
78.550000 -0.919166
78.600000 -0.915740
78.650000 -0.905463
78.700000 -0.898611
78.750000 -0.898611
78.800000 -0.902037
78.850000 -0.902037
78.900000 -0.908888
78.950000 -0.953425
79.000000 -1.039073
79.050000 -1.141848
79.100000 -1.244626
79.150000 -1.361106
79.200000 -1.481012
79.250000 -1.566659
79.300000 -1.611196
79.350000 -1.604344
79.400000 -1.539252
79.450000 -1.433050
79.500000 -1.319995
79.550000 -1.193237
79.600000 -1.039072
79.650000 -0.898610
79.700000 -0.816390
79.750000 -0.771853
79.800000 -0.720465
79.850000 -0.703336
79.900000 -0.751297
79.950000 -0.802686
80.000000 -0.833519
80.050000 -0.878055
80.100000 -0.915740
80.150000 -0.898611
80.200000 -0.843796
80.250000 -0.775278
80.300000 -0.686206
80.350000 -0.593707
80.400000 -0.525189
80.450000 -0.456671
80.500000 -0.395005
80.550000 -0.360746
80.600000 -0.350468
80.650000 -0.333338
80.700000 -0.336764
80.750000 -0.350468
80.800000 -0.347043
80.850000 -0.333339
80.900000 -0.326487
80.950000 -0.309358
81.000000 -0.281951
81.050000 -0.264821
81.100000 -0.275099
81.150000 -0.319636
81.200000 -0.391579
81.250000 -0.463522
81.300000 -0.573151
81.350000 -0.737594
81.400000 -0.902036
81.450000 -1.028794
81.500000 -1.134997
81.550000 -1.193237
81.600000 -1.172682
81.650000 -1.104164
81.700000 -1.015091
81.750000 -0.898611
81.800000 -0.768427
81.850000 -0.658798
81.900000 -0.586854
81.950000 -0.566299
82.000000 -0.593706
82.050000 -0.662225
82.100000 -0.802685
82.150000 -1.004814
82.200000 -1.206941
82.250000 -1.381661
82.300000 -1.542678
82.350000 -1.652307
82.400000 -1.686565
82.450000 -1.666010
82.500000 -1.614622
82.550000 -1.504994
82.600000 -1.343977
82.650000 -1.179534
82.700000 -1.021943
82.750000 -0.874630
82.800000 -0.730742
82.850000 -0.607410
82.900000 -0.518337
82.950000 -0.463523
83.000000 -0.436116
83.050000 -0.439542
83.100000 -0.456671
83.150000 -0.456671
83.200000 -0.463523
83.250000 -0.511485
83.300000 -0.556022
83.350000 -0.559448
83.400000 -0.566300
83.450000 -0.603984
83.500000 -0.638243
83.550000 -0.645095
83.600000 -0.641669
83.650000 -0.614262
83.700000 -0.583429
83.750000 -0.556022
83.800000 -0.525188
83.850000 -0.501207
83.900000 -0.511485
83.950000 -0.556022
84.000000 -0.600558
84.050000 -0.658799
84.100000 -0.737594
84.150000 -0.812963
84.200000 -0.881482
84.250000 -0.946573
84.300000 -0.973980
84.350000 -0.970555
84.400000 -0.956851
84.450000 -0.912315
84.500000 -0.847222
84.550000 -0.771853
84.600000 -0.693057
84.650000 -0.614262
84.700000 -0.552596
84.750000 -0.532041
84.800000 -0.545744
84.850000 -0.552596
84.900000 -0.569725
84.950000 -0.610836
85.000000 -0.634817
85.050000 -0.627965
85.100000 -0.655372
85.150000 -0.723891
85.200000 -0.771853
85.250000 -0.799260
85.300000 -0.854074
85.350000 -0.929444
85.400000 -0.994535
85.450000 -1.039072
85.500000 -1.052775
85.550000 -1.056202
85.600000 -1.049350
85.650000 -1.011665
85.700000 -0.939721
85.750000 -0.847223
85.800000 -0.730742
85.850000 -0.607410
85.900000 -0.484079
85.950000 -0.364172
86.000000 -0.268247
86.050000 -0.223710
86.100000 -0.223711
86.150000 -0.244265
86.200000 -0.299080
86.250000 -0.408709
86.300000 -0.532041
86.350000 -0.631391
86.400000 -0.703335
86.450000 -0.778705
86.500000 -0.854075
86.550000 -0.895185
86.600000 -0.905462
86.650000 -0.905463
86.700000 -0.908888
86.750000 -0.912315
86.800000 -0.932869
86.850000 -0.984258
86.900000 -1.076757
86.950000 -1.172682
87.000000 -1.244626
87.050000 -1.313144
87.100000 -1.385087
87.150000 -1.443327
87.200000 -1.446753
87.250000 -1.395365
87.300000 -1.330273
87.350000 -1.254903
87.400000 -1.145275
87.450000 -0.991110
87.500000 -0.836945
87.550000 -0.696484
87.600000 -0.586854
87.650000 -0.504633
87.700000 -0.449819
87.750000 -0.442968
87.800000 -0.477226
87.850000 -0.532040
87.900000 -0.593707
87.950000 -0.686205
88.000000 -0.788982
88.050000 -0.888333
88.100000 -0.987683
88.150000 -1.069905
88.200000 -1.114442
88.250000 -1.145275
88.300000 -1.169256
88.350000 -1.152127
88.400000 -1.107590
88.450000 -1.076757
88.500000 -1.056202
88.550000 -1.049350
88.600000 -1.063053
88.650000 -1.093886
88.700000 -1.138423
88.750000 -1.179534
88.800000 -1.206941
88.850000 -1.210366
88.900000 -1.206941
88.950000 -1.189811
89.000000 -1.107590
89.050000 -0.936295
89.100000 -0.741020
89.150000 -0.576577
89.200000 -0.412134
89.250000 -0.233988
89.300000 -0.079823
89.350000 0.012676
89.400000 0.074342
89.450000 0.108601
89.500000 0.067490
89.550000 -0.025009
89.600000 -0.093526
89.650000 -0.155193
89.700000 -0.247692
89.750000 -0.309358
89.800000 -0.278525
89.850000 -0.220285
89.900000 -0.186025
89.950000 -0.100379
90.000000 0.022953
90.050000 0.091472
90.100000 0.115453
90.150000 0.115452
90.200000 0.053787
90.250000 -0.066119
90.300000 -0.192877
90.350000 -0.326487
90.400000 -0.463523
90.450000 -0.552596
90.500000 -0.621113
90.550000 -0.693058
90.600000 -0.717039
90.650000 -0.655373
90.700000 -0.580003
90.750000 -0.549170
90.800000 -0.511485
90.850000 -0.477226
90.900000 -0.487504
90.950000 -0.542318
91.000000 -0.610836
91.050000 -0.734168
91.100000 -0.895184
91.150000 -1.049350
91.200000 -1.176107
91.250000 -1.289162
91.300000 -1.385087
91.350000 -1.439901
91.400000 -1.433050
91.450000 -1.371383
91.500000 -1.289162
91.550000 -1.186385
91.600000 -1.066479
91.650000 -0.963703
91.700000 -0.902037
91.750000 -0.867777
91.800000 -0.850648
91.850000 -0.867778
91.900000 -0.915741
91.950000 -0.970555
92.000000 -1.039073
92.050000 -1.107590
92.100000 -1.141849
92.150000 -1.162405
92.200000 -1.186385
92.250000 -1.182959
92.300000 -1.152127
92.350000 -1.117868
92.400000 -1.056202
92.450000 -0.967129
92.500000 -0.912315
92.550000 -0.884908
92.600000 -0.830093
92.650000 -0.778705
92.700000 -0.765001
92.750000 -0.758149
92.800000 -0.734168
92.850000 -0.727316
92.900000 -0.713613
92.950000 -0.662224
93.000000 -0.627965
93.050000 -0.638244
93.100000 -0.645095
93.150000 -0.634817
93.200000 -0.655372
93.250000 -0.693057
93.300000 -0.720464
93.350000 -0.737594
93.400000 -0.758149
93.450000 -0.802686
93.500000 -0.874630
93.550000 -0.922592
93.600000 -0.936296
93.650000 -0.943148
93.700000 -0.956851
93.750000 -0.963703
93.800000 -0.960277
93.850000 -0.929444
93.900000 -0.871203
93.950000 -0.830093
94.000000 -0.788982
94.050000 -0.717038
94.100000 -0.658798
94.150000 -0.658798
94.200000 -0.648521
94.250000 -0.627966
94.300000 -0.627965
94.350000 -0.658798
94.400000 -0.693057
94.450000 -0.761575
94.500000 -0.860926
94.550000 -0.946574
94.600000 -1.008239
94.650000 -1.083608
94.700000 -1.169256
94.750000 -1.230922
94.800000 -1.289162
94.850000 -1.333699
94.900000 -1.350828
94.950000 -1.371384
95.000000 -1.405642
95.050000 -1.409069
95.100000 -1.361106
95.150000 -1.306292
95.200000 -1.251477
95.250000 -1.206941
95.300000 -1.189812
95.350000 -1.179534
95.400000 -1.169257
95.450000 -1.179534
95.500000 -1.224070
95.550000 -1.278884
95.600000 -1.354254
95.650000 -1.439901
95.700000 -1.511845
95.750000 -1.570085
95.800000 -1.618047
95.850000 -1.645455
95.900000 -1.618048
95.950000 -1.580363
96.000000 -1.546104
96.050000 -1.481012
96.100000 -1.385088
96.150000 -1.309717
96.200000 -1.224070
96.250000 -1.104164
96.300000 -1.015091
96.350000 -0.977406
96.400000 -0.926017
96.450000 -0.871203
96.500000 -0.867778
96.550000 -0.878055
96.600000 -0.864352
96.650000 -0.867778
96.700000 -0.902036
96.750000 -0.905462
96.800000 -0.884908
96.850000 -0.864352
96.900000 -0.830093
96.950000 -0.792408
97.000000 -0.761575
97.050000 -0.706761
97.100000 -0.641669
97.150000 -0.617687
97.200000 -0.617688
97.250000 -0.593707
97.300000 -0.590281
97.350000 -0.627965
97.400000 -0.638243
97.450000 -0.600558
97.500000 -0.597133
97.550000 -0.614262
97.600000 -0.607410
97.650000 -0.593706
97.700000 -0.600559
97.750000 -0.610836
97.800000 -0.645095
97.850000 -0.699909
97.900000 -0.788982
97.950000 -0.905463
98.000000 -1.028795
98.050000 -1.117868
98.100000 -1.210367
98.150000 -1.323421
98.200000 -1.388513
98.250000 -1.381662
98.300000 -1.350829
98.350000 -1.313143
98.400000 -1.217218
98.450000 -1.087035
98.500000 -0.977406
98.550000 -0.884907
98.600000 -0.792408
98.650000 -0.703335
98.700000 -0.651946
98.750000 -0.648521
98.800000 -0.658798
98.850000 -0.675928
98.900000 -0.703335
98.950000 -0.723891
99.000000 -0.727316
99.050000 -0.754724
99.100000 -0.806112
99.150000 -0.836945
99.200000 -0.854074
99.250000 -0.891759
99.300000 -0.936296
99.350000 -0.960277
99.400000 -1.011666
99.450000 -1.083609
99.500000 -1.134998
99.550000 -1.145275
99.600000 -1.141849
99.650000 -1.121293
99.700000 -1.066479
99.750000 -1.001388
99.800000 -0.932870
99.850000 -0.860926
99.900000 -0.806111
99.950000 -0.771853
100.000000 -0.754723
100.050000 -0.758149
100.100000 -0.799260
100.150000 -0.819816
100.200000 -0.809538
100.250000 -0.819815
100.300000 -0.850648
100.350000 -0.854074
100.400000 -0.854074
100.450000 -0.888334
100.500000 -0.922592
100.550000 -0.939722
100.600000 -0.949999
100.650000 -0.991110
100.700000 -1.045924
100.750000 -1.093887
100.800000 -1.121293
100.850000 -1.145275
100.900000 -1.176108
100.950000 -1.193237
101.000000 -1.169256
101.050000 -1.100738
101.100000 -1.021943
101.150000 -0.943148
101.200000 -0.867778
101.250000 -0.795834
101.300000 -0.730742
101.350000 -0.682780
101.400000 -0.648521
101.450000 -0.645095
101.500000 -0.672502
101.550000 -0.717038
101.600000 -0.758149
101.650000 -0.806112
101.700000 -0.867778
101.750000 -0.898611
101.800000 -0.895185
101.850000 -0.902037
101.900000 -0.902036
101.950000 -0.854075
102.000000 -0.812964
102.050000 -0.785557
102.100000 -0.730742
102.150000 -0.648521
102.200000 -0.597132
102.250000 -0.573151
102.300000 -0.562873
102.350000 -0.600558
102.400000 -0.655373
102.450000 -0.686205
102.500000 -0.727316
102.550000 -0.819815
102.600000 -0.898611
102.650000 -0.922592
102.700000 -0.960277
102.750000 -1.015091
102.800000 -1.028795
102.850000 -0.987684
102.900000 -0.949999
102.950000 -0.936295
103.000000 -0.915741
103.050000 -0.884907
103.100000 -0.864352
103.150000 -0.878055
103.200000 -0.902037
103.250000 -0.926018
103.300000 -0.949999
103.350000 -0.997962
103.400000 -1.049350
103.450000 -1.087034
103.500000 -1.111016
103.550000 -1.114442
103.600000 -1.076757
103.650000 -1.015091
103.700000 -0.956851
103.750000 -0.888333
103.800000 -0.792408
103.850000 -0.706761
103.900000 -0.669076
103.950000 -0.669076
104.000000 -0.689632
104.050000 -0.744445
104.100000 -0.843796
104.150000 -0.956851
104.200000 -1.045924
104.250000 -1.128146
104.300000 -1.189811
104.350000 -1.196663
104.400000 -1.134997
104.450000 -1.045924
104.500000 -0.926018
104.550000 -0.771853
104.600000 -0.603985
104.650000 -0.484078
104.700000 -0.425838
104.750000 -0.418986
104.800000 -0.449819
104.850000 -0.514911
104.900000 -0.627966
104.950000 -0.792408
105.000000 -0.967128
105.050000 -1.111016
105.100000 -1.248052
105.150000 -1.371384
105.200000 -1.422772
105.250000 -1.409068
105.300000 -1.405643
105.350000 -1.412494
105.400000 -1.398790
105.450000 -1.395365
105.500000 -1.426198
105.550000 -1.481012
105.600000 -1.532400
105.650000 -1.580363
105.700000 -1.638603
105.750000 -1.696843
105.800000 -1.724250
105.850000 -1.720825
105.900000 -1.717398
105.950000 -1.696844
106.000000 -1.624900
106.050000 -1.515271
106.100000 -1.398791
106.150000 -1.289163
106.200000 -1.169256
106.250000 -1.076757
106.300000 -1.025368
106.350000 -0.994535
106.400000 -0.980832
106.450000 -0.963702
106.500000 -0.943148
106.550000 -0.949999
106.600000 -0.963702
106.650000 -0.936296
106.700000 -0.891759
106.750000 -0.881482
106.800000 -0.850648
106.850000 -0.768427
106.900000 -0.703335
106.950000 -0.665650
107.000000 -0.610836
107.050000 -0.559448
107.100000 -0.549170
107.150000 -0.559447
107.200000 -0.562873
107.250000 -0.569725
107.300000 -0.580003
107.350000 -0.597133
107.400000 -0.614262
107.450000 -0.610836
107.500000 -0.573151
107.550000 -0.552596
107.600000 -0.552596
107.650000 -0.542318
107.700000 -0.528614
107.750000 -0.542318
107.800000 -0.583429
107.850000 -0.627965
107.900000 -0.699909
107.950000 -0.799260
108.000000 -0.871203
108.050000 -0.915740
108.100000 -0.956851
108.150000 -0.984258
108.200000 -0.970554
108.250000 -0.939721
108.300000 -0.912314
108.350000 -0.867778
108.400000 -0.782131
108.450000 -0.717039
108.500000 -0.706761
108.550000 -0.686206
108.600000 -0.631391
108.650000 -0.607410
108.700000 -0.634817
108.750000 -0.665650
108.800000 -0.689632
108.850000 -0.730742
108.900000 -0.788982
108.950000 -0.850648
109.000000 -0.912314
109.050000 -0.956850
109.100000 -1.001388
109.150000 -1.059628
109.200000 -1.111016
109.250000 -1.124720
109.300000 -1.111016
109.350000 -1.111016
109.400000 -1.093886
109.450000 -1.028795
109.500000 -0.960277
109.550000 -0.926018
109.600000 -0.888333
109.650000 -0.823241
109.700000 -0.802686
109.750000 -0.840371
109.800000 -0.878055
109.850000 -0.898611
109.900000 -0.970554
109.950000 -1.083608
110.000000 -1.165830
110.050000 -1.203515
110.100000 -1.258330
110.150000 -1.330273
110.200000 -1.391939
110.250000 -1.415920
110.300000 -1.405643
110.350000 -1.361106
110.400000 -1.299440
110.450000 -1.244626
110.500000 -1.200089
110.550000 -1.138423
110.600000 -1.066479
110.650000 -1.021942
110.700000 -1.004814
110.750000 -0.967129
110.800000 -0.912314
110.850000 -0.884907
110.900000 -0.902037
110.950000 -0.922592
111.000000 -0.908889
111.050000 -0.884907
111.100000 -0.874629
111.150000 -0.867778
111.200000 -0.850648
111.250000 -0.809537
111.300000 -0.751298
111.350000 -0.720465
111.400000 -0.713613
111.450000 -0.696483
111.500000 -0.672502
111.550000 -0.689632
111.600000 -0.737594
111.650000 -0.771852
111.700000 -0.802686
111.750000 -0.867778
111.800000 -0.939722
111.850000 -0.984258
111.900000 -1.028795
111.950000 -1.080183
112.000000 -1.104164
112.050000 -1.097313
112.100000 -1.080183
112.150000 -1.028794
112.200000 -0.946573
112.250000 -0.874630
112.300000 -0.792409
112.350000 -0.693057
112.400000 -0.614262
112.450000 -0.562873
112.500000 -0.501208
112.550000 -0.446393
112.600000 -0.429264
112.650000 -0.436116
112.700000 -0.484078
112.750000 -0.573151
112.800000 -0.665650
112.850000 -0.765001
112.900000 -0.898611
112.950000 -1.045924
113.000000 -1.141849
113.050000 -1.193238
113.100000 -1.220644
113.150000 -1.217219
113.200000 -1.193238
113.250000 -1.176108
113.300000 -1.165830
113.350000 -1.145275
113.400000 -1.128146
113.450000 -1.100738
113.500000 -1.076757
113.550000 -1.076757
113.600000 -1.100739
113.650000 -1.107590
113.700000 -1.073331
113.750000 -1.028794
113.800000 -0.963703
113.850000 -0.854074
113.900000 -0.710187
113.950000 -0.559448
114.000000 -0.422412
114.050000 -0.312783
114.100000 -0.240840
114.150000 -0.203156
114.200000 -0.189452
114.250000 -0.227136
114.300000 -0.319636
114.350000 -0.460097
114.400000 -0.617688
114.450000 -0.758149
114.500000 -0.891759
114.550000 -1.032221
114.600000 -1.131571
114.650000 -1.158979
114.700000 -1.152127
114.750000 -1.128146
114.800000 -1.069905
114.850000 -0.973981
114.900000 -0.871203
114.950000 -0.765001
115.000000 -0.662224
115.050000 -0.569725
115.100000 -0.504633
115.150000 -0.477226
115.200000 -0.487504
115.250000 -0.521762
115.300000 -0.562874
115.350000 -0.614262
115.400000 -0.699909
115.450000 -0.785557
115.500000 -0.878056
115.550000 -0.960277
115.600000 -1.001387
115.650000 -0.994536
115.700000 -0.970555
115.750000 -0.908888
115.800000 -0.809538
115.850000 -0.703335
115.900000 -0.617688
115.950000 -0.518337
116.000000 -0.422412
116.050000 -0.381301
116.100000 -0.401857
116.150000 -0.466948
116.200000 -0.562873
116.250000 -0.672502
116.300000 -0.782130
116.350000 -0.891759
116.400000 -0.987684
116.450000 -1.028795
116.500000 -1.039072
116.550000 -1.025369
116.600000 -0.956851
116.650000 -0.819816
116.700000 -0.686206
116.750000 -0.593707
116.800000 -0.487504
116.850000 -0.377875
116.900000 -0.340191
116.950000 -0.381301
117.000000 -0.432690
117.050000 -0.501208
117.100000 -0.593707
117.150000 -0.693057
117.200000 -0.775278
117.250000 -0.833519
117.300000 -0.881481
117.350000 -0.919167
117.400000 -0.926017
117.450000 -0.912314
117.500000 -0.898611
117.550000 -0.888333
117.600000 -0.854074
117.650000 -0.819815
117.700000 -0.799260
117.750000 -0.795834
117.800000 -0.809537
117.850000 -0.830093
117.900000 -0.854074
117.950000 -0.888333
118.000000 -0.949999
118.050000 -0.994536
118.100000 -1.021942
118.150000 -1.045924
118.200000 -1.049350
118.250000 -1.011665
118.300000 -0.967128
118.350000 -0.949999
118.400000 -0.908888
118.450000 -0.816390
118.500000 -0.737594
118.550000 -0.720465
118.600000 -0.706761
118.650000 -0.689631
118.700000 -0.703335
118.750000 -0.751298
118.800000 -0.799260
118.850000 -0.857500
118.900000 -0.926017
118.950000 -0.991110
119.000000 -1.042498
119.050000 -1.076757
119.100000 -1.107590
119.150000 -1.117868
119.200000 -1.111016
119.250000 -1.087034
119.300000 -1.066479
119.350000 -1.066480
119.400000 -1.073331
119.450000 -1.073331
119.500000 -1.080183
119.550000 -1.104165
119.600000 -1.114441
119.650000 -1.093887
119.700000 -1.073331
119.750000 -1.066479
119.800000 -1.042498
119.850000 -0.984258
119.900000 -0.936295
119.950000 -0.902037
120.000000 -0.840370
120.050000 -0.775278
120.100000 -0.771853
120.150000 -0.792408
120.200000 -0.792409
120.250000 -0.816390
120.300000 -0.881482
120.350000 -0.929444
120.400000 -0.932870
120.450000 -0.943148
120.500000 -0.960277
120.550000 -0.956851
120.600000 -0.949999
120.650000 -0.963703
120.700000 -0.984258
120.750000 -1.008239
120.800000 -1.049350
120.850000 -1.093887
120.900000 -1.141849
120.950000 -1.237774
121.000000 -1.350828
121.050000 -1.412495
121.100000 -1.457031
121.150000 -1.504993
121.200000 -1.501567
121.250000 -1.429624
121.300000 -1.323421
121.350000 -1.193237
121.400000 -1.035646
121.450000 -0.871204
121.500000 -0.703335
121.550000 -0.549170
121.600000 -0.429264
121.650000 -0.353894
121.700000 -0.312784
121.750000 -0.319636
121.800000 -0.364172
121.850000 -0.398431
121.900000 -0.432690
121.950000 -0.504633
122.000000 -0.600558
122.050000 -0.651947
122.100000 -0.679354
122.150000 -0.720465
122.200000 -0.751297
122.250000 -0.734168
122.300000 -0.717039
122.350000 -0.727316
122.400000 -0.730742
122.450000 -0.720464
122.500000 -0.706761
122.550000 -0.703335
122.600000 -0.706761
122.650000 -0.710187
122.700000 -0.699909
122.750000 -0.689631
122.800000 -0.693057
122.850000 -0.713613
122.900000 -0.741019
122.950000 -0.782130
123.000000 -0.833519
123.050000 -0.884907
123.100000 -0.967128
123.150000 -1.080183
123.200000 -1.196664
123.250000 -1.299440
123.300000 -1.402217
123.350000 -1.498142
123.400000 -1.549530
123.450000 -1.566660
123.500000 -1.556382
123.550000 -1.508419
123.600000 -1.405643
123.650000 -1.261755
123.700000 -1.087034
123.750000 -0.905462
123.800000 -0.751298
123.850000 -0.603984
123.900000 -0.480652
123.950000 -0.436116
124.000000 -0.422412
124.050000 -0.405283
124.100000 -0.415561
124.150000 -0.480652
124.200000 -0.556022
124.250000 -0.621113
124.300000 -0.686205
124.350000 -0.730742
124.400000 -0.734168
124.450000 -0.703335
124.500000 -0.638243
124.550000 -0.549170
124.600000 -0.453245
124.650000 -0.336765
124.700000 -0.196303
124.750000 -0.072971
124.800000 -0.018157
124.850000 -0.001027
124.900000 0.002398
124.950000 -0.007880
125.000000 -0.042138
125.050000 -0.093527
125.100000 -0.172322
125.150000 -0.257969
125.200000 -0.333339
125.250000 -0.381302
125.300000 -0.436115
125.350000 -0.504634
125.400000 -0.569726
125.450000 -0.614262
125.500000 -0.655373
125.550000 -0.730743
125.600000 -0.823241
125.650000 -0.905463
125.700000 -0.997961
125.750000 -1.093886
125.800000 -1.176108
125.850000 -1.237774
125.900000 -1.292588
125.950000 -1.337125
126.000000 -1.347403
126.050000 -1.350828
126.100000 -1.337124
126.150000 -1.309717
126.200000 -1.282311
126.250000 -1.258329
126.300000 -1.203515
126.350000 -1.131571
126.400000 -1.083609
126.450000 -1.018517
126.500000 -0.949999
126.550000 -0.919166
126.600000 -0.919166
126.650000 -0.891759
126.700000 -0.864352
126.750000 -0.871203
126.800000 -0.888333
126.850000 -0.891759
126.900000 -0.915741
126.950000 -0.946574
127.000000 -0.949999
127.050000 -0.943147
127.100000 -0.932869
127.150000 -0.902037
127.200000 -0.854074
127.250000 -0.802686
127.300000 -0.734168
127.350000 -0.655373
127.400000 -0.597132
127.450000 -0.556022
127.500000 -0.525189
127.550000 -0.494355
127.600000 -0.436116
127.650000 -0.388153
127.700000 -0.377876
127.750000 -0.371024
127.800000 -0.323062
127.850000 -0.299080
127.900000 -0.316209
127.950000 -0.333338
128.000000 -0.333339
128.050000 -0.343616
128.100000 -0.357320
128.150000 -0.371024
128.200000 -0.395005
128.250000 -0.395005
128.300000 -0.381301
128.350000 -0.412135
128.400000 -0.446393
128.450000 -0.442968
128.500000 -0.446393
128.550000 -0.480652
128.600000 -0.490930
128.650000 -0.456671
128.700000 -0.442967
128.750000 -0.449819
128.800000 -0.439541
128.850000 -0.422412
128.900000 -0.388153
128.950000 -0.336764
129.000000 -0.281951
129.050000 -0.244266
129.100000 -0.210007
129.150000 -0.186025
129.200000 -0.182600
129.250000 -0.172322
129.300000 -0.165470
129.350000 -0.192878
129.400000 -0.244265
129.450000 -0.312784
129.500000 -0.422412
129.550000 -0.559447
129.600000 -0.672502
129.650000 -0.782131
129.700000 -0.915740
129.750000 -1.025369
129.800000 -1.087035
129.850000 -1.104164
129.900000 -1.093886
129.950000 -1.052776
130.000000 -1.004813
130.050000 -0.960277
130.100000 -0.926018
130.150000 -0.898611
130.200000 -0.884907
130.250000 -0.898611
130.300000 -0.949999
130.350000 -1.021943
130.400000 -1.097312
130.450000 -1.172682
130.500000 -1.244625
130.550000 -1.306292
130.600000 -1.330273
130.650000 -1.316569
130.700000 -1.285737
130.750000 -1.265181
130.800000 -1.248051
130.850000 -1.213793
130.900000 -1.182959
130.950000 -1.182960
131.000000 -1.200089
131.050000 -1.196663
131.100000 -1.196664
131.150000 -1.217218
131.200000 -1.203515
131.250000 -1.138423
131.300000 -1.056201
131.350000 -0.970555
131.400000 -0.867778
131.450000 -0.747872
131.500000 -0.634818
131.550000 -0.552596
131.600000 -0.514911
131.650000 -0.508059
131.700000 -0.504634
131.750000 -0.535467
131.800000 -0.600558
131.850000 -0.672502
131.900000 -0.747872
131.950000 -0.823241
132.000000 -0.864351
132.050000 -0.884907
132.100000 -0.902037
132.150000 -0.929443
132.200000 -0.912314
132.250000 -0.881482
132.300000 -0.871204
132.350000 -0.857501
132.400000 -0.836945
132.450000 -0.840371
132.500000 -0.864352
132.550000 -0.867778
132.600000 -0.867777
132.650000 -0.871204
132.700000 -0.833519
132.750000 -0.751298
132.800000 -0.696483
132.850000 -0.665651
132.900000 -0.621114
132.950000 -0.586855
133.000000 -0.593706
133.050000 -0.621114
133.100000 -0.648521
133.150000 -0.696483
133.200000 -0.761575
133.250000 -0.836945
133.300000 -0.908888
133.350000 -0.977407
133.400000 -1.042498
133.450000 -1.073331
133.500000 -1.080182
133.550000 -1.087035
133.600000 -1.083609
133.650000 -1.042498
133.700000 -0.984258
133.750000 -0.963703
133.800000 -0.991110
133.850000 -1.025369
133.900000 -1.042498
133.950000 -1.056202
134.000000 -1.080183
134.050000 -1.107591
134.100000 -1.141849
134.150000 -1.165830
134.200000 -1.141849
134.250000 -1.090461
134.300000 -1.063054
134.350000 -1.039072
134.400000 -0.977406
134.450000 -0.888333
134.500000 -0.812964
134.550000 -0.785557
134.600000 -0.795834
134.650000 -0.806112
134.700000 -0.802686
134.750000 -0.819816
134.800000 -0.847222
134.850000 -0.850649
134.900000 -0.833518
134.950000 -0.833519
135.000000 -0.847222
135.050000 -0.847222
135.100000 -0.836945
135.150000 -0.854074
135.200000 -0.905462
135.250000 -0.956851
135.300000 -1.008240
135.350000 -1.076757
135.400000 -1.148701
135.450000 -1.210366
135.500000 -1.289162
135.550000 -1.350829
135.600000 -1.326847
135.650000 -1.254904
135.700000 -1.189812
135.750000 -1.093887
135.800000 -0.953425
135.850000 -0.823241
135.900000 -0.723890
135.950000 -0.621113
136.000000 -0.511486
136.050000 -0.432690
136.100000 -0.401857
136.150000 -0.391579
136.200000 -0.395005
136.250000 -0.422412
136.300000 -0.487504
136.350000 -0.556021
136.400000 -0.614262
136.450000 -0.655372
136.500000 -0.696483
136.550000 -0.741020
136.600000 -0.768427
136.650000 -0.754724
136.700000 -0.710187
136.750000 -0.679354
136.800000 -0.679353
136.850000 -0.693057
136.900000 -0.706761
136.950000 -0.744446
137.000000 -0.799260
137.050000 -0.830093
137.100000 -0.850649
137.150000 -0.878055
137.200000 -0.888333
137.250000 -0.854074
137.300000 -0.819815
137.350000 -0.788982
137.400000 -0.713613
137.450000 -0.603984
137.500000 -0.518337
137.550000 -0.463522
137.600000 -0.429263
137.650000 -0.446394
137.700000 -0.504633
137.750000 -0.569725
137.800000 -0.655373
137.850000 -0.765001
137.900000 -0.830092
137.950000 -0.833519
138.000000 -0.819815
138.050000 -0.771852
138.100000 -0.672502
138.150000 -0.573151
138.200000 -0.490930
138.250000 -0.398430
138.300000 -0.340190
138.350000 -0.367598
138.400000 -0.429264
138.450000 -0.487504
138.500000 -0.610836
138.550000 -0.806112
138.600000 -0.997961
138.650000 -1.169257
138.700000 -1.323421
138.750000 -1.429624
138.800000 -1.481012
138.850000 -1.484438
138.900000 -1.433050
138.950000 -1.313144
139.000000 -1.145275
139.050000 -0.977406
139.100000 -0.850649
139.150000 -0.737594
139.200000 -0.624540
139.250000 -0.535466
139.300000 -0.504633
139.350000 -0.514911
139.400000 -0.549170
139.450000 -0.597132
139.500000 -0.648521
139.550000 -0.679354
139.600000 -0.727317
139.650000 -0.792408
139.700000 -0.836945
139.750000 -0.840371
139.800000 -0.860926
139.850000 -0.908888
139.900000 -0.943147
139.950000 -0.973981
140.000000 -1.021943
140.050000 -1.059628
140.100000 -1.083609
140.150000 -1.134997
140.200000 -1.193238
140.250000 -1.203515
140.300000 -1.206941
140.350000 -1.230922
140.400000 -1.227496
140.450000 -1.203515
140.500000 -1.200089
140.550000 -1.189811
140.600000 -1.145275
140.650000 -1.100738
140.700000 -1.076757
140.750000 -1.035646
140.800000 -0.980832
140.850000 -0.915741
140.900000 -0.860926
140.950000 -0.812964
141.000000 -0.765001
141.050000 -0.713613
141.100000 -0.679354
141.150000 -0.682779
141.200000 -0.693058
141.250000 -0.696483
141.300000 -0.727316
141.350000 -0.778704
141.400000 -0.809538
141.450000 -0.826667
141.500000 -0.871204
141.550000 -0.943147
141.600000 -0.967129
141.650000 -0.946573
141.700000 -0.932870
141.750000 -0.932870
141.800000 -0.902037
141.850000 -0.843797
141.900000 -0.812963
141.950000 -0.819815
142.000000 -0.830093
142.050000 -0.819816
142.100000 -0.819815
142.150000 -0.847223
142.200000 -0.867778
142.250000 -0.895185
142.300000 -0.960277
142.350000 -1.032220
142.400000 -1.080183
142.450000 -1.111016
142.500000 -1.162404
142.550000 -1.230922
142.600000 -1.272033
142.650000 -1.261756
142.700000 -1.224070
142.750000 -1.179534
142.800000 -1.131571
142.850000 -1.056201
142.900000 -0.973980
142.950000 -0.908889
143.000000 -0.854074
143.050000 -0.785556
143.100000 -0.754724
143.150000 -0.765001
143.200000 -0.782131
143.250000 -0.788982
143.300000 -0.806112
143.350000 -0.819815
143.400000 -0.823241
143.450000 -0.809538
143.500000 -0.775279
143.550000 -0.713613
143.600000 -0.651946
143.650000 -0.593706
143.700000 -0.528615
143.750000 -0.490930
143.800000 -0.511485
143.850000 -0.556022
143.900000 -0.617688
143.950000 -0.699909
144.000000 -0.768427
144.050000 -0.802686
144.100000 -0.819815
144.150000 -0.826667
144.200000 -0.792408
144.250000 -0.723890
144.300000 -0.651946
144.350000 -0.566299
144.400000 -0.487504
144.450000 -0.439541
144.500000 -0.425838
144.550000 -0.439542
144.600000 -0.508060
144.650000 -0.651947
144.700000 -0.833519
144.750000 -1.018517
144.800000 -1.179534
144.850000 -1.292588
144.900000 -1.367958
144.950000 -1.409068
145.000000 -1.388513
145.050000 -1.302865
145.100000 -1.176108
145.150000 -1.015091
145.200000 -0.826667
145.250000 -0.651946
145.300000 -0.508059
145.350000 -0.395005
145.400000 -0.333339
145.450000 -0.316210
145.500000 -0.343616
145.550000 -0.439541
145.600000 -0.569725
145.650000 -0.658798
145.700000 -0.741020
145.750000 -0.857501
145.800000 -0.956851
145.850000 -0.994536
145.900000 -1.021943
145.950000 -1.035646
146.000000 -0.987684
146.050000 -0.926018
146.100000 -0.884907
146.150000 -0.843797
146.200000 -0.806112
146.250000 -0.788982
146.300000 -0.768427
146.350000 -0.747872
146.400000 -0.761575
146.450000 -0.785557
146.500000 -0.799260
146.550000 -0.819815
146.600000 -0.826667
146.650000 -0.806112
146.700000 -0.795834
146.750000 -0.812963
146.800000 -0.816389
146.850000 -0.812963
146.900000 -0.830093
146.950000 -0.816390
147.000000 -0.785557
147.050000 -0.795834
147.100000 -0.823241
147.150000 -0.809538
147.200000 -0.802686
147.250000 -0.843797
147.300000 -0.881481
147.350000 -0.898611
147.400000 -0.929443
147.450000 -0.970554
147.500000 -1.015091
147.550000 -1.059628
147.600000 -1.063053
147.650000 -1.025369
147.700000 -1.001388
147.750000 -0.960276
147.800000 -0.864352
147.850000 -0.758149
147.900000 -0.672502
147.950000 -0.559448
148.000000 -0.422412
148.050000 -0.319636
148.100000 -0.233988
148.150000 -0.151767
148.200000 -0.096953
148.250000 -0.079823
148.300000 -0.093526
148.350000 -0.148341
148.400000 -0.230562
148.450000 -0.305932
148.500000 -0.401857
148.550000 -0.545744
148.600000 -0.675928
148.650000 -0.754724
148.700000 -0.830093
148.750000 -0.878056
148.800000 -0.867778
148.850000 -0.823241
148.900000 -0.768427
148.950000 -0.686206
149.000000 -0.586855
149.050000 -0.501207
149.100000 -0.442967
149.150000 -0.398431
149.200000 -0.360746
149.250000 -0.323061
149.300000 -0.319635
149.350000 -0.336765
149.400000 -0.340191
149.450000 -0.360746
149.500000 -0.442968
149.550000 -0.528615
149.600000 -0.583429
149.650000 -0.662224
149.700000 -0.754723
149.750000 -0.823241
149.800000 -0.864352
149.850000 -0.908888
149.900000 -0.929444
149.950000 -0.915740
150.000000 -0.871203
150.050000 -0.819815
150.100000 -0.761575
150.150000 -0.713613
150.200000 -0.669076
150.250000 -0.614262
150.300000 -0.576577
150.350000 -0.566299
150.400000 -0.569726
150.450000 -0.576577
150.500000 -0.624539
150.550000 -0.720465
150.600000 -0.823242
150.650000 -0.908889
150.700000 -1.001388
150.750000 -1.093886
150.800000 -1.165830
150.850000 -1.213793
150.900000 -1.272033
150.950000 -1.340550
151.000000 -1.385088
151.050000 -1.361106
151.100000 -1.306291
151.150000 -1.258330
151.200000 -1.176108
151.250000 -1.039072
151.300000 -0.895185
151.350000 -0.765001
151.400000 -0.655373
151.450000 -0.542318
151.500000 -0.436116
151.550000 -0.384728
151.600000 -0.405283
151.650000 -0.456671
151.700000 -0.511485
151.750000 -0.580003
151.800000 -0.679354
151.850000 -0.768427
151.900000 -0.826667
151.950000 -0.871204
152.000000 -0.881481
152.050000 -0.847222
152.100000 -0.788982
152.150000 -0.703335
152.200000 -0.580003
152.250000 -0.432690
152.300000 -0.329913
152.350000 -0.268247
152.400000 -0.213433
152.450000 -0.172322
152.500000 -0.175748
152.550000 -0.233988
152.600000 -0.302506
152.650000 -0.350468
152.700000 -0.408708
152.750000 -0.470375
152.800000 -0.497781
152.850000 -0.470375
152.900000 -0.449820
152.950000 -0.429263
153.000000 -0.367597
153.050000 -0.302506
153.100000 -0.257970
153.150000 -0.227136
153.200000 -0.206581
153.250000 -0.213433
153.300000 -0.233988
153.350000 -0.254543
153.400000 -0.316210
153.450000 -0.395005
153.500000 -0.442967
153.550000 -0.473800
153.600000 -0.525188
153.650000 -0.576577
153.700000 -0.603984
153.750000 -0.614262
153.800000 -0.614262
153.850000 -0.583429
153.900000 -0.532041
153.950000 -0.501207
154.000000 -0.466949
154.050000 -0.425838
154.100000 -0.412134
154.150000 -0.418987
154.200000 -0.432689
154.250000 -0.453245
154.300000 -0.501207
154.350000 -0.566299
154.400000 -0.651947
154.450000 -0.727316
154.500000 -0.778704
154.550000 -0.809538
154.600000 -0.854075
154.650000 -0.908888
154.700000 -0.970554
154.750000 -1.039073
154.800000 -1.090460
154.850000 -1.134997
154.900000 -1.186385
154.950000 -1.230922
155.000000 -1.254903
155.050000 -1.296014
155.100000 -1.350829
155.150000 -1.378235
155.200000 -1.361106
155.250000 -1.354254
155.300000 -1.357680
155.350000 -1.337125
155.400000 -1.313144
155.450000 -1.313143
155.500000 -1.323421
155.550000 -1.319995
155.600000 -1.316569
155.650000 -1.323422
155.700000 -1.319995
155.750000 -1.296014
155.800000 -1.254904
155.850000 -1.213793
155.900000 -1.182959
155.950000 -1.165831
156.000000 -1.141849
156.050000 -1.111016
156.100000 -1.097312
156.150000 -1.107590
156.200000 -1.097312
156.250000 -1.056202
156.300000 -1.021943
156.350000 -0.991109
156.400000 -0.936296
156.450000 -0.860926
156.500000 -0.802686
156.550000 -0.737594
156.600000 -0.645095
156.650000 -0.562873
156.700000 -0.511486
156.750000 -0.470374
156.800000 -0.432690
156.850000 -0.398431
156.900000 -0.391580
156.950000 -0.415561
157.000000 -0.449820
157.050000 -0.477227
157.100000 -0.511485
157.150000 -0.556021
157.200000 -0.597132
157.250000 -0.631391
157.300000 -0.655373
157.350000 -0.672502
157.400000 -0.669076
157.450000 -0.648521
157.500000 -0.641669
157.550000 -0.638243
157.600000 -0.610836
157.650000 -0.586855
157.700000 -0.590281
157.750000 -0.600559
157.800000 -0.597133
157.850000 -0.607410
157.900000 -0.648520
157.950000 -0.693058
158.000000 -0.730742
158.050000 -0.761575
158.100000 -0.788982
158.150000 -0.836945
158.200000 -0.895185
158.250000 -0.926018
158.300000 -0.932870
158.350000 -0.953425
158.400000 -0.977407
158.450000 -0.967128
158.500000 -0.943147
158.550000 -0.929444
158.600000 -0.902037
158.650000 -0.840371
158.700000 -0.771853
158.750000 -0.730742
158.800000 -0.710186
158.850000 -0.699910
158.900000 -0.703335
158.950000 -0.713612
159.000000 -0.713613
159.050000 -0.710187
159.100000 -0.717039
159.150000 -0.717038
159.200000 -0.686206
159.250000 -0.641669
159.300000 -0.590281
159.350000 -0.521762
159.400000 -0.449819
159.450000 -0.384728
159.500000 -0.329913
159.550000 -0.299080
159.600000 -0.299080
159.650000 -0.326487
159.700000 -0.377876
159.750000 -0.456671
159.800000 -0.525189
159.850000 -0.562873
159.900000 -0.593706
159.950000 -0.638244
160.000000 -0.655372
160.050000 -0.651946
160.100000 -0.638243
160.150000 -0.631391
160.200000 -0.638243
160.250000 -0.645095
160.300000 -0.682780
160.350000 -0.754723
160.400000 -0.857500
160.450000 -0.956851
160.500000 -1.069906
160.550000 -1.213793
160.600000 -1.343976
160.650000 -1.415920
160.700000 -1.470734
160.750000 -1.522123
160.800000 -1.539253
160.850000 -1.528975
160.900000 -1.522123
160.950000 -1.508419
161.000000 -1.491290
161.050000 -1.481012
161.100000 -1.460457
161.150000 -1.446753
161.200000 -1.457031
161.250000 -1.460456
161.300000 -1.446754
161.350000 -1.422772
161.400000 -1.381661
161.450000 -1.306291
161.500000 -1.220645
161.550000 -1.121293
161.600000 -1.001387
161.650000 -0.867778
161.700000 -0.741020
161.750000 -0.648521
161.800000 -0.597132
161.850000 -0.576577
161.900000 -0.583429
161.950000 -0.610836
162.000000 -0.658799
162.050000 -0.693057
162.100000 -0.734168
162.150000 -0.809538
162.200000 -0.871203
162.250000 -0.888333
162.300000 -0.902036
162.350000 -0.943147
162.400000 -0.956851
162.450000 -0.919166
162.500000 -0.891759
162.550000 -0.881482
162.600000 -0.854074
162.650000 -0.833519
162.700000 -0.840371
162.750000 -0.854074
162.800000 -0.864352
162.850000 -0.864352
162.900000 -0.854074
162.950000 -0.847223
163.000000 -0.843797
163.050000 -0.847223
163.100000 -0.878055
163.150000 -0.929444
163.200000 -0.980832
163.250000 -1.025369
163.300000 -1.090460
163.350000 -1.138423
163.400000 -1.158979
163.450000 -1.165830
163.500000 -1.186386
163.550000 -1.203515
163.600000 -1.210367
163.650000 -1.210367
163.700000 -1.213793
163.750000 -1.230922
163.800000 -1.265181
163.850000 -1.302866
163.900000 -1.350828
163.950000 -1.402216
164.000000 -1.426198
164.050000 -1.426198
164.100000 -1.443327
164.150000 -1.426197
164.200000 -1.333699
164.250000 -1.196663
164.300000 -1.087035
164.350000 -0.980832
164.400000 -0.850648
164.450000 -0.737594
164.500000 -0.669076
164.550000 -0.645095
164.600000 -0.672502
164.650000 -0.751297
164.700000 -0.850648
164.750000 -0.977406
164.800000 -1.117867
164.850000 -1.220644
164.900000 -1.289162
164.950000 -1.337125
165.000000 -1.350829
165.050000 -1.309717
165.100000 -1.244626
165.150000 -1.152127
165.200000 -1.011665
165.250000 -0.857500
165.300000 -0.761576
165.350000 -0.703335
165.400000 -0.638243
165.450000 -0.586855
165.500000 -0.607410
165.550000 -0.662224
165.600000 -0.689632
165.650000 -0.706761
165.700000 -0.741020
165.750000 -0.795834
165.800000 -0.830093
165.850000 -0.823241
165.900000 -0.819815
165.950000 -0.823241
166.000000 -0.823242
166.050000 -0.819816
166.100000 -0.833518
166.150000 -0.864352
166.200000 -0.871204
166.250000 -0.864352
166.300000 -0.871204
166.350000 -0.891759
166.400000 -0.908889
166.450000 -0.926017
166.500000 -0.960277
166.550000 -0.997962
166.600000 -0.991110
166.650000 -0.953425
166.700000 -0.929444
166.750000 -0.905463
166.800000 -0.840371
166.850000 -0.778704
166.900000 -0.765001
166.950000 -0.737594
167.000000 -0.675928
167.050000 -0.638243
167.100000 -0.651946
167.150000 -0.675928
167.200000 -0.703335
167.250000 -0.734168
167.300000 -0.751297
167.350000 -0.761575
167.400000 -0.799260
167.450000 -0.840371
167.500000 -0.836945
167.550000 -0.823241
167.600000 -0.857500
167.650000 -0.902036
167.700000 -0.932870
167.750000 -0.967129
167.800000 -1.015091
167.850000 -1.052776
167.900000 -1.069905
167.950000 -1.069905
168.000000 -1.032220
168.050000 -0.963702
168.100000 -0.898611
168.150000 -0.847223
168.200000 -0.754724
168.250000 -0.651947
168.300000 -0.580003
168.350000 -0.545744
168.400000 -0.521763
168.450000 -0.501208
168.500000 -0.490929
168.550000 -0.490930
168.600000 -0.525189
168.650000 -0.576577
168.700000 -0.614262
168.750000 -0.665651
168.800000 -0.747871
168.850000 -0.819816
168.900000 -0.884907
168.950000 -0.980832
169.000000 -1.090461
169.050000 -1.193238
169.100000 -1.306292
169.150000 -1.409069
169.200000 -1.439902
169.250000 -1.415920
169.300000 -1.371384
169.350000 -1.302866
169.400000 -1.203515
169.450000 -1.090461
169.500000 -0.977406
169.550000 -0.884907
169.600000 -0.819815
169.650000 -0.792408
169.700000 -0.819816
169.750000 -0.884907
169.800000 -0.963703
169.850000 -1.045924
169.900000 -1.138423
169.950000 -1.244626
170.000000 -1.333699
170.050000 -1.385087
170.100000 -1.405642
170.150000 -1.405643
170.200000 -1.371383
170.250000 -1.296015
170.300000 -1.224070
170.350000 -1.169256
170.400000 -1.063054
170.450000 -0.929443
170.500000 -0.840371
170.550000 -0.768427
170.600000 -0.665650
170.650000 -0.590280
170.700000 -0.566300
170.750000 -0.535466
170.800000 -0.484078
170.850000 -0.466949
170.900000 -0.473800
170.950000 -0.480652
171.000000 -0.511485
171.050000 -0.562873
171.100000 -0.624539
171.150000 -0.713613
171.200000 -0.833519
171.250000 -0.946573
171.300000 -1.056202
171.350000 -1.158978
171.400000 -1.217218
171.450000 -1.227496
171.500000 -1.220645
171.550000 -1.172682
171.600000 -1.049350
171.650000 -0.898611
171.700000 -0.744446
171.750000 -0.566299
171.800000 -0.391579
171.850000 -0.254543
171.900000 -0.148341
171.950000 -0.093526
172.000000 -0.103804
172.050000 -0.172322
172.100000 -0.257970
172.150000 -0.381301
172.200000 -0.538893
172.250000 -0.689631
172.300000 -0.812964
172.350000 -0.929444
172.400000 -1.008239
172.450000 -1.008239
172.500000 -0.963703
172.550000 -0.919166
172.600000 -0.847222
172.650000 -0.730742
172.700000 -0.621114
172.750000 -0.542318
172.800000 -0.494356
172.850000 -0.456671
172.900000 -0.429264
172.950000 -0.422412
173.000000 -0.480652
173.050000 -0.569725
173.100000 -0.669076
173.150000 -0.778705
173.200000 -0.891759
173.250000 -0.973981
173.300000 -1.045924
173.350000 -1.117867
173.400000 -1.138423
173.450000 -1.100739
173.500000 -1.073331
173.550000 -1.056202
173.600000 -1.004813
173.650000 -0.926017
173.700000 -0.850648
173.750000 -0.775279
173.800000 -0.679354
173.850000 -0.583429
173.900000 -0.532040
173.950000 -0.532040
174.000000 -0.569725
174.050000 -0.617687
174.100000 -0.699909
174.150000 -0.833519
174.200000 -0.987684
174.250000 -1.128146
174.300000 -1.251477
174.350000 -1.340551
174.400000 -1.378236
174.450000 -1.374810
174.500000 -1.337125
174.550000 -1.258329
174.600000 -1.162404
174.650000 -1.052775
174.700000 -0.926018
174.750000 -0.812964
174.800000 -0.765002
174.850000 -0.754723
174.900000 -0.747871
174.950000 -0.788982
175.000000 -0.884908
175.050000 -0.994536
175.100000 -1.090460
175.150000 -1.158979
175.200000 -1.203515
175.250000 -1.203515
175.300000 -1.172682
175.350000 -1.128145
175.400000 -1.063053
175.450000 -0.977406
175.500000 -0.884908
175.550000 -0.812963
175.600000 -0.734168
175.650000 -0.651946
175.700000 -0.597132
175.750000 -0.556021
175.800000 -0.504633
175.850000 -0.463523
175.900000 -0.432690
175.950000 -0.422412
176.000000 -0.412134
176.050000 -0.418986
176.100000 -0.439542
176.150000 -0.453246
176.200000 -0.453245
176.250000 -0.480652
176.300000 -0.552596
176.350000 -0.631391
176.400000 -0.662224
176.450000 -0.679354
176.500000 -0.706761
176.550000 -0.730742
176.600000 -0.737593
176.650000 -0.730743
176.700000 -0.723890
176.750000 -0.741019
176.800000 -0.775279
176.850000 -0.799260
176.900000 -0.830092
176.950000 -0.884907
177.000000 -0.943147
177.050000 -0.973980
177.100000 -1.018517
177.150000 -1.076757
177.200000 -1.114442
177.250000 -1.128145
177.300000 -1.128145
177.350000 -1.114442
177.400000 -1.080183
177.450000 -1.042498
177.500000 -1.008239
177.550000 -0.973980
177.600000 -0.967128
177.650000 -0.991110
177.700000 -1.025369
177.750000 -1.073331
177.800000 -1.128145
177.850000 -1.148701
177.900000 -1.152126
177.950000 -1.165830
178.000000 -1.169256
178.050000 -1.145275
178.100000 -1.134998
178.150000 -1.148701
178.200000 -1.141849
178.250000 -1.145275
178.300000 -1.179534
178.350000 -1.203515
178.400000 -1.217219
178.450000 -1.251478
178.500000 -1.278885
178.550000 -1.244626
178.600000 -1.172682
178.650000 -1.104165
178.700000 -1.018517
178.750000 -0.902037
178.800000 -0.751298
178.850000 -0.586854
178.900000 -0.456671
178.950000 -0.395005
179.000000 -0.357320
179.050000 -0.326487
179.100000 -0.343616
179.150000 -0.415561
179.200000 -0.494355
179.250000 -0.559448
179.300000 -0.610836
179.350000 -0.641669
179.400000 -0.658798
179.450000 -0.658799
179.500000 -0.614262
179.550000 -0.552596
179.600000 -0.511485
179.650000 -0.470375
179.700000 -0.429264
179.750000 -0.439542
179.800000 -0.480653
179.850000 -0.525189
179.900000 -0.573151
179.950000 -0.634817
180.000000 -0.679354
180.050000 -0.720465
180.100000 -0.754724
180.150000 -0.741019
180.200000 -0.693057
180.250000 -0.669076
180.300000 -0.651947
180.350000 -0.621113
180.400000 -0.603985
180.450000 -0.600558
180.500000 -0.597132
180.550000 -0.614262
180.600000 -0.641669
180.650000 -0.672502
180.700000 -0.710186
180.750000 -0.765001
180.800000 -0.816390
180.850000 -0.840370
180.900000 -0.857500
180.950000 -0.871203
181.000000 -0.864352
181.050000 -0.836945
181.100000 -0.819816
181.150000 -0.812964
181.200000 -0.816389
181.250000 -0.830093
181.300000 -0.836945
181.350000 -0.867778
181.400000 -0.953425
181.450000 -1.069905
181.500000 -1.169256
181.550000 -1.261755
181.600000 -1.357680
181.650000 -1.436476
181.700000 -1.494715
181.750000 -1.525549
181.800000 -1.511845
181.850000 -1.463883
181.900000 -1.385087
181.950000 -1.261755
182.000000 -1.128145
182.050000 -1.028795
182.100000 -0.926018
182.150000 -0.809538
182.200000 -0.741019
182.250000 -0.727316
182.300000 -0.717038
182.350000 -0.727316
182.400000 -0.778705
182.450000 -0.826667
182.500000 -0.860926
182.550000 -0.915740
182.600000 -0.977406
182.650000 -0.987684
182.700000 -0.991109
182.750000 -1.004813
182.800000 -1.004813
182.850000 -0.997962
182.900000 -0.994536
182.950000 -0.963703
183.000000 -0.939722
183.050000 -0.960277
183.100000 -0.949999
183.150000 -0.874630
183.200000 -0.806112
183.250000 -0.751298
183.300000 -0.689632
183.350000 -0.624540
183.400000 -0.580003
183.450000 -0.535467
183.500000 -0.508059
183.550000 -0.521762
183.600000 -0.535466
183.650000 -0.569725
183.700000 -0.655373
183.750000 -0.761575
183.800000 -0.843796
183.850000 -0.929444
183.900000 -1.015091
183.950000 -1.073332
184.000000 -1.097313
184.050000 -1.076757
184.100000 -1.018517
184.150000 -0.956851
184.200000 -0.908889
184.250000 -0.840371
184.300000 -0.768426
184.350000 -0.751298
184.400000 -0.754723
184.450000 -0.761575
184.500000 -0.819815
184.550000 -0.943147
184.600000 -1.052776
184.650000 -1.134998
184.700000 -1.220644
184.750000 -1.265181
184.800000 -1.237774
184.850000 -1.196663
184.900000 -1.155552
184.950000 -1.063054
185.000000 -0.936296
185.050000 -0.799260
185.100000 -0.672502
185.150000 -0.580003
185.200000 -0.521762
185.250000 -0.453245
185.300000 -0.377875
185.350000 -0.336765
185.400000 -0.302506
185.450000 -0.237414
185.500000 -0.203155
185.550000 -0.220284
185.600000 -0.227136
185.650000 -0.206581
185.700000 -0.210007
185.750000 -0.233988
185.800000 -0.254544
185.850000 -0.292228
185.900000 -0.353895
185.950000 -0.422412
186.000000 -0.484078
186.050000 -0.559448
186.100000 -0.641669
186.150000 -0.717038
186.200000 -0.799260
186.250000 -0.891759
186.300000 -0.963703
186.350000 -1.018517
186.400000 -1.076757
186.450000 -1.124720
186.500000 -1.138423
186.550000 -1.131572
186.600000 -1.117868
186.650000 -1.063053
186.700000 -0.970555
186.750000 -0.878055
186.800000 -0.771853
186.850000 -0.648521
186.900000 -0.552596
186.950000 -0.521763
187.000000 -0.508059
187.050000 -0.501207
187.100000 -0.545744
187.150000 -0.624539
187.200000 -0.689632
187.250000 -0.765001
187.300000 -0.854074
187.350000 -0.905463
187.400000 -0.915740
187.450000 -0.912314
187.500000 -0.881481
187.550000 -0.816389
187.600000 -0.741019
187.650000 -0.689632
187.700000 -0.641669
187.750000 -0.586855
187.800000 -0.532041
187.850000 -0.480652
187.900000 -0.442967
187.950000 -0.405283
188.000000 -0.357321
188.050000 -0.316210
188.100000 -0.292228
188.150000 -0.281951
188.200000 -0.292228
188.250000 -0.333338
188.300000 -0.384727
188.350000 -0.442968
188.400000 -0.511486
188.450000 -0.576578
188.500000 -0.641669
188.550000 -0.696484
188.600000 -0.741020
188.650000 -0.754724
188.700000 -0.741020
188.750000 -0.734168
188.800000 -0.723890
188.850000 -0.710187
188.900000 -0.699909
