time[ns] Raw_signal[mV]
-11.100000 -0.015143
-11.050000 -0.028846
-11.000000 -0.066530
-10.950000 -0.090512
-10.900000 -0.087086
-10.850000 -0.087086
-10.800000 -0.076809
-10.750000 -0.049401
-10.700000 -0.025420
-10.650000 -0.004865
-10.600000 0.022542
-10.550000 0.049950
-10.500000 0.049949
-10.450000 0.049950
-10.400000 0.049950
-10.350000 0.008839
-10.300000 -0.052827
-10.250000 -0.069957
-10.200000 -0.069957
-10.150000 -0.093938
-10.100000 -0.111068
-10.050000 -0.097364
-10.000000 -0.083660
-9.950000 -0.073383
-9.900000 -0.039124
-9.850000 0.012265
-9.800000 0.049949
-9.750000 0.070505
-9.700000 0.067079
-9.650000 0.046523
-9.600000 0.015691
-9.550000 -0.018568
-9.500000 -0.056254
-9.450000 -0.066531
-9.400000 -0.063105
-9.350000 -0.052827
-9.300000 -0.028846
-9.250000 0.015691
-9.200000 0.056802
-9.150000 0.080782
-9.100000 0.121893
-9.050000 0.159578
-9.000000 0.156152
-8.950000 0.135597
-8.900000 0.128745
-8.850000 0.111616
-8.800000 0.060228
-8.750000 0.015691
-8.700000 -0.001438
-8.650000 -0.025420
-8.600000 -0.056253
-8.550000 -0.080235
-8.500000 -0.104216
-8.450000 -0.141900
-8.400000 -0.165881
-8.350000 -0.169308
-8.300000 -0.189863
-8.250000 -0.224122
-8.200000 -0.258381
-8.150000 -0.268658
-8.100000 -0.278936
-8.050000 -0.282362
-8.000000 -0.258381
-7.950000 -0.210418
-7.900000 -0.159030
-7.850000 -0.104216
-7.800000 -0.039123
-7.750000 0.036246
-7.700000 0.111616
-7.650000 0.186985
-7.600000 0.262355
-7.550000 0.324021
-7.500000 0.368557
-7.450000 0.430223
-7.400000 0.498741
-7.350000 0.526149
-7.300000 0.509019
-7.250000 0.481612
-7.200000 0.430223
-7.150000 0.341151
-7.100000 0.245225
-7.050000 0.152726
-7.000000 0.036246
-6.950000 -0.087086
-6.900000 -0.179585
-6.850000 -0.254955
-6.800000 -0.313194
-6.750000 -0.323472
-6.700000 -0.306343
-6.650000 -0.278936
-6.600000 -0.234399
-6.550000 -0.179585
-6.500000 -0.124771
-6.450000 -0.076808
-6.400000 -0.035698
-6.350000 -0.028845
-6.300000 -0.063105
-6.250000 -0.087086
-6.200000 -0.090512
-6.150000 -0.100790
-6.100000 -0.117919
-6.050000 -0.124770
-6.000000 -0.114494
-5.950000 -0.087086
-5.900000 -0.052827
-5.850000 -0.028846
-5.800000 -0.011717
-5.750000 0.022542
-5.700000 0.043097
-5.650000 0.032820
-5.600000 0.001987
-5.550000 -0.025420
-5.500000 -0.049401
-5.450000 -0.069956
-5.400000 -0.100790
-5.350000 -0.138474
-5.300000 -0.179585
-5.250000 -0.213844
-5.200000 -0.251529
-5.150000 -0.299491
-5.100000 -0.344028
-5.050000 -0.395417
-5.000000 -0.446804
-4.950000 -0.484490
-4.900000 -0.525600
-4.850000 -0.573562
-4.800000 -0.576989
-4.750000 -0.511896
-4.700000 -0.436527
-4.650000 -0.364583
-4.600000 -0.268658
-4.550000 -0.162456
-4.500000 -0.069957
-4.450000 0.019117
-4.400000 0.101337
-4.350000 0.152726
-4.300000 0.190411
-4.250000 0.231522
-4.200000 0.265780
-4.150000 0.282911
-4.100000 0.293188
-4.050000 0.320595
-4.000000 0.354854
-3.950000 0.375409
-3.900000 0.378835
-3.850000 0.399390
-3.800000 0.413094
-3.750000 0.402816
-3.700000 0.378835
-3.650000 0.361705
-3.600000 0.310317
-3.550000 0.214392
-3.500000 0.118468
-3.450000 0.019117
-3.400000 -0.111068
-3.350000 -0.213844
-3.300000 -0.237825
-3.250000 -0.292640
-3.200000 -0.429675
-3.150000 -0.457083
-3.100000 -0.316620
-3.050000 -0.268658
-3.000000 -0.323473
-2.950000 -0.220696
-2.900000 -0.011716
-2.850000 0.022543
-2.800000 -0.035697
-2.750000 -0.004864
-2.700000 -0.032272
-2.650000 -0.114493
-2.600000 -0.032272
-2.550000 0.029394
-2.500000 -0.148753
-2.450000 -0.241251
-2.400000 -0.124771
-2.350000 -0.169307
-2.300000 -0.340602
-2.250000 -0.261807
-2.200000 -0.121345
-2.150000 -0.203567
-2.100000 -0.200140
-2.050000 0.049949
-2.000000 0.135596
-1.950000 -0.015142
-1.900000 -0.056253
-1.850000 0.043098
-1.800000 0.125319
-1.750000 0.221244
-1.700000 0.262355
-1.650000 0.152726
-1.600000 0.080782
-1.550000 0.135597
-1.500000 0.077357
-1.450000 -0.042550
-1.400000 0.056801
-1.350000 0.221243
-1.300000 0.207541
-1.250000 0.180133
-1.200000 0.200688
-1.150000 0.111616
-1.100000 0.108189
-1.050000 0.310317
-1.000000 0.289762
-0.950000 -0.001439
-0.900000 -0.045976
-0.850000 0.121893
-0.800000 0.084209
-0.750000 -0.011717
-0.700000 0.121893
-0.650000 0.173282
-0.600000 0.029394
-0.550000 -0.001439
-0.500000 0.073930
-0.450000 0.008838
-0.400000 -0.076809
-0.350000 -0.028846
-0.300000 0.012264
-0.250000 -0.018569
-0.200000 -0.015142
-0.150000 0.025968
-0.100000 0.063653
-0.050000 0.104764
0.000000 0.145874
0.050000 0.214392
0.100000 0.317169
0.150000 0.317169
0.200000 0.200689
0.250000 0.190411
0.300000 0.262354
0.350000 0.156152
0.400000 -0.069957
0.450000 -0.107641
0.500000 -0.025421
0.550000 -0.052827
0.600000 -0.076808
0.650000 0.015690
0.700000 0.073930
0.750000 0.053376
0.800000 0.125319
0.850000 0.313743
0.900000 0.495315
0.950000 0.694017
1.000000 0.978365
1.050000 1.317529
1.100000 1.718358
1.150000 2.297333
1.200000 3.078436
1.250000 4.027408
1.300000 5.151100
1.350000 6.473493
1.400000 7.939773
1.450000 9.416332
1.500000 10.827800
1.550000 12.198156
1.600000 13.510267
1.650000 14.603126
1.700000 15.418497
1.750000 16.052286
1.800000 16.511354
1.850000 16.689502
1.900000 16.679220
1.950000 16.658669
2.000000 16.651817
2.050000 16.596999
2.100000 16.525057
2.150000 16.470242
2.200000 16.432551
2.250000 16.401721
2.300000 16.292090
2.350000 16.018027
2.400000 15.606916
2.450000 15.099883
2.500000 14.448962
2.550000 13.640454
2.600000 12.753155
2.650000 11.817883
2.700000 10.817519
2.750000 9.851423
2.800000 9.012078
2.850000 8.251531
2.900000 7.559501
2.950000 7.052469
3.000000 6.733861
3.050000 6.480345
3.100000 6.291921
3.150000 6.230255
3.200000 6.233681
3.250000 6.226830
3.300000 6.271366
3.350000 6.377569
3.400000 6.456364
3.450000 6.511178
3.500000 6.624233
3.550000 6.792101
3.600000 6.949692
3.650000 7.107283
3.700000 7.282003
3.750000 7.456724
3.800000 7.593759
3.850000 7.713666
3.900000 7.792461
3.950000 7.778757
4.000000 7.686258
4.050000 7.562927
4.100000 7.395057
4.150000 7.144968
4.200000 6.846915
4.250000 6.521456
4.300000 6.182293
4.350000 5.839704
4.400000 5.490263
4.450000 5.168230
4.500000 4.911288
4.550000 4.698882
4.600000 4.469348
4.650000 4.246665
4.700000 4.095925
4.750000 3.972594
4.800000 3.825280
4.850000 3.725930
4.900000 3.695097
4.950000 3.664264
5.000000 3.602597
5.050000 3.571765
5.100000 3.568339
5.150000 3.564912
5.200000 3.558061
5.250000 3.575190
5.300000 3.595746
5.350000 3.623153
5.400000 3.667689
5.450000 3.701948
5.500000 3.701948
5.550000 3.684818
5.600000 3.671115
5.650000 3.630004
5.700000 3.571765
5.750000 3.523802
5.800000 3.458710
5.850000 3.362786
5.900000 3.290842
5.950000 3.260009
6.000000 3.225750
6.050000 3.188065
6.100000 3.177787
6.150000 3.164083
6.200000 3.136677
6.250000 3.122973
6.300000 3.078437
6.350000 2.999641
6.400000 2.927697
6.450000 2.855753
6.500000 2.718718
6.550000 2.533720
6.600000 2.365851
6.650000 2.228815
6.700000 2.081503
6.750000 1.923912
6.800000 1.810857
6.850000 1.769746
6.900000 1.742339
6.950000 1.718358
7.000000 1.735488
7.050000 1.800579
7.100000 1.865671
7.150000 1.927337
7.200000 2.016411
7.250000 2.122613
7.300000 2.204834
7.350000 2.276778
7.400000 2.338445
7.450000 2.372703
7.500000 2.382981
7.550000 2.362425
7.600000 2.314463
7.650000 2.263075
7.700000 2.221964
7.750000 2.187705
7.800000 2.126038
7.850000 2.040391
7.900000 1.968448
7.950000 1.917059
8.000000 1.858819
8.050000 1.776598
8.100000 1.711506
8.150000 1.684099
8.200000 1.649840
8.250000 1.601877
8.300000 1.567618
8.350000 1.564193
8.400000 1.567618
8.450000 1.571045
8.500000 1.567619
8.550000 1.543638
8.600000 1.512805
8.650000 1.499101
8.700000 1.485397
8.750000 1.444287
8.800000 1.392899
8.850000 1.355213
8.900000 1.327806
8.950000 1.324380
9.000000 1.351787
9.050000 1.392898
9.100000 1.434009
9.150000 1.512805
9.200000 1.598452
9.250000 1.619007
9.300000 1.619007
9.350000 1.646414
9.400000 1.632711
9.450000 1.560767
9.500000 1.502527
9.550000 1.478546
9.600000 1.413454
9.650000 1.324381
9.700000 1.300399
9.750000 1.300399
9.800000 1.296973
9.850000 1.290121
9.900000 1.272993
9.950000 1.249011
10.000000 1.231882
10.050000 1.194197
10.100000 1.118827
10.150000 1.036605
10.200000 0.971514
10.250000 0.916700
10.300000 0.868737
10.350000 0.844756
10.400000 0.827627
10.450000 0.841330
10.500000 0.889292
10.550000 0.944107
10.600000 0.971514
10.650000 0.981792
10.700000 0.974939
10.750000 0.978366
10.800000 0.971514
10.850000 0.933829
10.900000 0.872163
10.950000 0.807071
11.000000 0.762534
11.050000 0.728275
11.100000 0.694017
11.150000 0.694017
11.200000 0.735128
11.250000 0.807071
11.300000 0.885867
11.350000 0.968088
11.400000 1.029754
11.450000 1.060587
11.500000 1.077716
11.550000 1.057162
11.600000 0.988643
11.650000 0.923552
11.700000 0.851608
11.750000 0.745405
11.800000 0.625499
11.850000 0.563833
11.900000 0.533000
11.950000 0.533000
12.000000 0.591240
12.050000 0.700868
12.100000 0.803645
12.150000 0.896144
12.200000 0.992069
12.250000 1.077717
12.300000 1.156512
12.350000 1.218178
12.400000 1.228456
12.450000 1.201048
12.500000 1.156512
12.550000 1.074291
12.600000 0.971514
12.650000 0.889292
12.700000 0.810497
12.750000 0.728276
12.800000 0.687165
12.850000 0.687165
12.900000 0.676888
12.950000 0.649480
13.000000 0.649480
13.050000 0.670035
13.100000 0.711146
13.150000 0.765961
13.200000 0.820774
13.250000 0.868738
13.300000 0.899570
13.350000 0.906422
13.400000 0.875589
13.450000 0.837905
13.500000 0.810497
13.550000 0.762534
13.600000 0.687165
13.650000 0.587814
13.700000 0.481612
13.750000 0.382260
13.800000 0.279484
13.850000 0.186985
13.900000 0.135596
13.950000 0.111615
14.000000 0.097912
14.050000 0.111615
14.100000 0.156152
14.150000 0.207540
14.200000 0.286336
14.250000 0.392538
14.300000 0.509019
14.350000 0.622073
14.400000 0.731701
14.450000 0.831052
14.500000 0.923551
14.550000 1.026328
14.600000 1.101698
14.650000 1.105124
14.700000 1.074291
14.750000 1.022902
14.800000 0.916700
14.850000 0.779664
14.900000 0.646054
14.950000 0.491890
15.000000 0.317168
15.050000 0.180133
15.100000 0.094486
15.150000 -0.004865
15.200000 -0.097364
15.250000 -0.107642
15.300000 -0.083660
15.350000 -0.059679
15.400000 0.012265
15.450000 0.121893
15.500000 0.200689
15.550000 0.269206
15.600000 0.365132
15.650000 0.430223
15.700000 0.443927
15.750000 0.457630
15.800000 0.447353
15.850000 0.378835
15.900000 0.317169
15.950000 0.306892
16.000000 0.303466
16.050000 0.313743
16.100000 0.365131
16.150000 0.416520
16.200000 0.454205
16.250000 0.505593
16.300000 0.560407
16.350000 0.601518
16.400000 0.635777
16.450000 0.646054
16.500000 0.611795
16.550000 0.570685
16.600000 0.546704
16.650000 0.526149
16.700000 0.505593
16.750000 0.512444
16.800000 0.533000
16.850000 0.556981
16.900000 0.591241
16.950000 0.608369
17.000000 0.618647
17.050000 0.642628
17.100000 0.652906
17.150000 0.618647
17.200000 0.598092
17.250000 0.577537
17.300000 0.509019
17.350000 0.423372
17.400000 0.378835
17.450000 0.344576
17.500000 0.293187
17.550000 0.279484
17.600000 0.306891
17.650000 0.327447
17.700000 0.348002
17.750000 0.395964
17.800000 0.440500
17.850000 0.454204
17.900000 0.461056
17.950000 0.485037
18.000000 0.515870
18.050000 0.546704
18.100000 0.563833
18.150000 0.570685
18.200000 0.570685
18.250000 0.580963
18.300000 0.580962
18.350000 0.553555
18.400000 0.505593
18.450000 0.447353
18.500000 0.385687
18.550000 0.327446
18.600000 0.269207
18.650000 0.197263
18.700000 0.121893
18.750000 0.056801
18.800000 0.008839
18.850000 -0.015142
18.900000 -0.015143
18.950000 -0.004864
19.000000 0.019116
19.050000 0.060227
19.100000 0.094486
19.150000 0.135596
19.200000 0.197263
19.250000 0.245225
19.300000 0.262355
19.350000 0.293188
19.400000 0.344576
19.450000 0.378834
19.500000 0.385687
19.550000 0.402816
19.600000 0.430223
19.650000 0.440501
19.700000 0.419945
19.750000 0.392539
19.800000 0.375409
19.850000 0.358280
19.900000 0.327446
19.950000 0.282910
20.000000 0.228096
20.050000 0.152726
20.100000 0.091060
20.150000 0.063653
20.200000 0.056801
20.250000 0.056801
20.300000 0.073931
20.350000 0.125319
20.400000 0.183559
20.450000 0.255503
20.500000 0.354854
20.550000 0.454205
20.600000 0.526148
20.650000 0.580963
20.700000 0.642628
20.750000 0.694017
20.800000 0.704294
20.850000 0.670036
20.900000 0.622074
20.950000 0.580962
21.000000 0.533000
21.050000 0.478186
21.100000 0.454205
21.150000 0.471334
21.200000 0.491889
21.250000 0.526148
21.300000 0.587815
21.350000 0.635777
21.400000 0.670036
21.450000 0.704294
21.500000 0.724850
21.550000 0.683739
21.600000 0.604943
21.650000 0.519296
21.700000 0.399390
21.750000 0.221244
21.800000 0.063653
21.850000 -0.039124
21.900000 -0.128196
21.950000 -0.193288
22.000000 -0.196715
22.050000 -0.165882
22.100000 -0.141901
22.150000 -0.083660
22.200000 -0.008290
22.250000 0.032820
22.300000 0.046524
22.350000 0.060227
22.400000 0.049950
22.450000 0.022543
22.500000 0.005412
22.550000 -0.039124
22.600000 -0.083660
22.650000 -0.056253
22.700000 0.019116
22.750000 0.087634
22.800000 0.180133
22.850000 0.317169
22.900000 0.426797
22.950000 0.485038
23.000000 0.560407
23.050000 0.618647
23.100000 0.591240
23.150000 0.512445
23.200000 0.419946
23.250000 0.300040
23.300000 0.180134
23.350000 0.077356
23.400000 -0.004865
23.450000 -0.049401
23.500000 -0.052827
23.550000 -0.018569
23.600000 0.056801
23.650000 0.152726
23.700000 0.231522
23.750000 0.306892
23.800000 0.402816
23.850000 0.454205
23.900000 0.454204
23.950000 0.454205
24.000000 0.440501
24.050000 0.385686
24.100000 0.324020
24.150000 0.282910
24.200000 0.207540
24.250000 0.128745
24.300000 0.111616
24.350000 0.142449
24.400000 0.169855
24.450000 0.210967
24.500000 0.289762
24.550000 0.409668
24.600000 0.536426
24.650000 0.656332
24.700000 0.769386
24.750000 0.868737
24.800000 0.940681
24.850000 0.968088
24.900000 0.950959
24.950000 0.899570
25.000000 0.817349
25.050000 0.724850
25.100000 0.625499
25.150000 0.502167
25.200000 0.354854
25.250000 0.224670
25.300000 0.145875
25.350000 0.077356
25.400000 0.001987
25.450000 -0.042549
25.500000 -0.035697
25.550000 -0.015143
25.600000 -0.001439
25.650000 0.012265
25.700000 0.032821
25.750000 0.043098
25.800000 0.036246
25.850000 -0.004865
25.900000 -0.039124
25.950000 -0.045976
26.000000 -0.028846
26.050000 0.001987
26.100000 0.046523
26.150000 0.087634
26.200000 0.132171
26.250000 0.204115
26.300000 0.276058
26.350000 0.317169
26.400000 0.368557
26.450000 0.461056
26.500000 0.512444
26.550000 0.505593
26.600000 0.509019
26.650000 0.522722
26.700000 0.505593
26.750000 0.471334
26.800000 0.457630
26.850000 0.440501
26.900000 0.430223
26.950000 0.447353
27.000000 0.467908
27.050000 0.478185
27.100000 0.509019
27.150000 0.529574
27.200000 0.519297
27.250000 0.519297
27.300000 0.522722
27.350000 0.488463
27.400000 0.419945
27.450000 0.348002
27.500000 0.269207
27.550000 0.152726
27.600000 0.043097
27.650000 -0.035697
27.700000 -0.121345
27.750000 -0.224121
27.800000 -0.289214
27.850000 -0.302918
27.900000 -0.296065
27.950000 -0.282362
28.000000 -0.237826
28.050000 -0.162456
28.100000 -0.097364
28.150000 -0.049401
28.200000 0.015690
28.250000 0.115042
28.300000 0.210967
28.350000 0.258928
28.400000 0.296613
28.450000 0.354854
28.500000 0.392538
28.550000 0.399390
28.600000 0.392538
28.650000 0.382261
28.700000 0.378835
28.750000 0.378835
28.800000 0.354854
28.850000 0.324021
28.900000 0.337724
28.950000 0.361706
29.000000 0.358279
29.050000 0.358280
29.100000 0.389113
29.150000 0.402816
29.200000 0.385687
29.250000 0.378835
29.300000 0.371983
29.350000 0.337724
29.400000 0.310317
29.450000 0.279484
29.500000 0.204114
29.550000 0.128745
29.600000 0.094486
29.650000 0.077357
29.700000 0.056801
29.750000 0.063653
29.800000 0.097912
29.850000 0.115041
29.900000 0.142449
29.950000 0.180134
30.000000 0.200689
30.050000 0.234948
30.100000 0.286336
30.150000 0.289761
30.200000 0.262355
30.250000 0.279484
30.300000 0.313743
30.350000 0.300039
30.400000 0.269206
30.450000 0.258929
30.500000 0.258929
30.550000 0.241799
30.600000 0.200689
30.650000 0.166430
30.700000 0.180133
30.750000 0.204114
30.800000 0.197262
30.850000 0.197263
30.900000 0.224670
30.950000 0.252077
31.000000 0.265781
31.050000 0.303466
31.100000 0.341150
31.150000 0.354854
31.200000 0.371983
31.250000 0.382260
31.300000 0.348002
31.350000 0.296614
31.400000 0.265781
31.450000 0.241799
31.500000 0.200689
31.550000 0.159578
31.600000 0.121893
31.650000 0.073931
31.700000 0.036246
31.750000 0.012264
31.800000 -0.008291
31.850000 -0.025420
31.900000 -0.008290
31.950000 0.025968
32.000000 0.067078
32.050000 0.132171
32.100000 0.207541
32.150000 0.289762
32.200000 0.395965
32.250000 0.481612
32.300000 0.495315
32.350000 0.488463
32.400000 0.485038
32.450000 0.437075
32.500000 0.337724
32.550000 0.241799
32.600000 0.156152
32.650000 0.043098
32.700000 -0.049401
32.750000 -0.100789
32.800000 -0.145327
32.850000 -0.169307
32.900000 -0.152178
32.950000 -0.107642
33.000000 -0.035698
33.050000 0.046523
33.100000 0.097912
33.150000 0.111616
33.200000 0.145874
33.250000 0.204114
33.300000 0.245225
33.350000 0.252077
33.400000 0.262355
33.450000 0.265781
33.500000 0.234948
33.550000 0.186985
33.600000 0.139023
33.650000 0.097912
33.700000 0.053375
33.750000 -0.001439
33.800000 -0.056253
33.850000 -0.073383
33.900000 -0.049401
33.950000 -0.015142
34.000000 0.046523
34.050000 0.142449
34.100000 0.245225
34.150000 0.348002
34.200000 0.461056
34.250000 0.553555
34.300000 0.608369
34.350000 0.642629
34.400000 0.659758
34.450000 0.615221
34.500000 0.526149
34.550000 0.450779
34.600000 0.378835
34.650000 0.286336
34.700000 0.183559
34.750000 0.091060
34.800000 0.019117
34.850000 -0.032272
34.900000 -0.083661
34.950000 -0.155604
35.000000 -0.200141
35.050000 -0.200140
35.100000 -0.224122
35.150000 -0.272084
35.200000 -0.282362
35.250000 -0.261807
35.300000 -0.248103
35.350000 -0.213844
35.400000 -0.145326
35.450000 -0.090512
35.500000 -0.042549
35.550000 0.029394
35.600000 0.087634
35.650000 0.115041
35.700000 0.149301
35.750000 0.186985
35.800000 0.207541
35.850000 0.214392
35.900000 0.217818
35.950000 0.217818
36.000000 0.234947
36.050000 0.272633
36.100000 0.320594
36.150000 0.358279
36.200000 0.406242
36.250000 0.464482
36.300000 0.512445
36.350000 0.543278
36.400000 0.580962
36.450000 0.611795
36.500000 0.601517
36.550000 0.556982
36.600000 0.522723
36.650000 0.488463
36.700000 0.426798
36.750000 0.348002
36.800000 0.286336
36.850000 0.245226
36.900000 0.200688
36.950000 0.169856
37.000000 0.169855
37.050000 0.190411
37.100000 0.210966
37.150000 0.245225
37.200000 0.282910
37.250000 0.282910
37.300000 0.255503
37.350000 0.224670
37.400000 0.176707
37.450000 0.142449
37.500000 0.125319
37.550000 0.094486
37.600000 0.053375
37.650000 0.036246
37.700000 0.036246
37.750000 0.036246
37.800000 0.043098
37.850000 0.043098
37.900000 0.029394
37.950000 0.039672
38.000000 0.053376
38.050000 0.043097
38.100000 0.025968
38.150000 0.032820
38.200000 0.036246
38.250000 0.039672
38.300000 0.053375
38.350000 0.080783
38.400000 0.108189
38.450000 0.152727
38.500000 0.163004
38.550000 0.139023
38.600000 0.118468
38.650000 0.101338
38.700000 0.056801
38.750000 0.008839
38.800000 -0.025420
38.850000 -0.056253
38.900000 -0.069957
38.950000 -0.028846
39.000000 0.025968
39.050000 0.070504
39.100000 0.132171
39.150000 0.197263
39.200000 0.245225
39.250000 0.289762
39.300000 0.324021
39.350000 0.317169
39.400000 0.272632
39.450000 0.221244
39.500000 0.142448
39.550000 0.060227
39.600000 -0.001439
39.650000 -0.063104
39.700000 -0.131622
39.750000 -0.172733
39.800000 -0.186437
39.850000 -0.189862
39.900000 -0.203566
39.950000 -0.220696
40.000000 -0.234399
40.050000 -0.234399
40.100000 -0.234400
40.150000 -0.230973
40.200000 -0.241251
40.250000 -0.258381
40.300000 -0.241251
40.350000 -0.179585
40.400000 -0.121345
40.450000 -0.090512
40.500000 -0.032272
40.550000 0.060227
40.600000 0.121894
40.650000 0.135597
40.700000 0.145875
40.750000 0.142448
40.800000 0.128745
40.850000 0.111616
40.900000 0.070505
40.950000 -0.004865
41.000000 -0.069956
41.050000 -0.104215
41.100000 -0.121345
41.150000 -0.121345
41.200000 -0.080235
41.250000 -0.025420
41.300000 0.019116
41.350000 0.053375
41.400000 0.091060
41.450000 0.121893
41.500000 0.145874
41.550000 0.163003
41.600000 0.156152
41.650000 0.142448
41.700000 0.156152
41.750000 0.169856
41.800000 0.135597
41.850000 0.070505
41.900000 0.032820
41.950000 0.015690
42.000000 -0.015143
42.050000 -0.035698
42.100000 -0.045975
42.150000 -0.045975
42.200000 -0.028846
42.250000 0.005413
42.300000 0.025969
42.350000 0.060227
42.400000 0.111615
42.450000 0.135596
42.500000 0.128745
42.550000 0.135597
42.600000 0.149300
42.650000 0.128745
42.700000 0.084209
42.750000 0.032820
42.800000 -0.032272
42.850000 -0.104216
42.900000 -0.131623
42.950000 -0.135049
43.000000 -0.135048
43.050000 -0.104216
43.100000 -0.039124
43.150000 0.036246
43.200000 0.121893
43.250000 0.207540
43.300000 0.286336
43.350000 0.341150
43.400000 0.378835
43.450000 0.392539
43.500000 0.375409
43.550000 0.341150
43.600000 0.289762
43.650000 0.207540
43.700000 0.115041
43.750000 0.025968
43.800000 -0.063105
43.850000 -0.128197
43.900000 -0.138474
43.950000 -0.124771
44.000000 -0.100790
44.050000 -0.032272
44.100000 0.087635
44.150000 0.190411
44.200000 0.265781
44.250000 0.344576
44.300000 0.395965
44.350000 0.416519
44.400000 0.406243
44.450000 0.371984
44.500000 0.286336
44.550000 0.197263
44.600000 0.118467
44.650000 0.029394
44.700000 -0.066531
44.750000 -0.124771
44.800000 -0.145326
44.850000 -0.165881
44.900000 -0.179585
44.950000 -0.169307
45.000000 -0.135049
45.050000 -0.104215
45.100000 -0.090512
45.150000 -0.107641
45.200000 -0.135048
45.250000 -0.141901
45.300000 -0.141900
45.350000 -0.152178
45.400000 -0.176159
45.450000 -0.176159
45.500000 -0.145326
45.550000 -0.104216
45.600000 -0.056253
45.650000 0.005413
45.700000 0.084209
45.750000 0.156152
45.800000 0.210967
45.850000 0.241800
45.900000 0.258929
45.950000 0.276058
46.000000 0.310317
46.050000 0.341150
46.100000 0.354854
46.150000 0.389112
46.200000 0.461057
46.250000 0.526148
46.300000 0.560407
46.350000 0.587814
46.400000 0.615222
46.450000 0.615221
46.500000 0.560407
46.550000 0.478186
46.600000 0.378835
46.650000 0.255502
46.700000 0.104763
46.750000 -0.039124
46.800000 -0.141900
46.850000 -0.213844
46.900000 -0.251529
46.950000 -0.234399
47.000000 -0.148753
47.050000 -0.025420
47.100000 0.104763
47.150000 0.252077
47.200000 0.375409
47.250000 0.467908
47.300000 0.556981
47.350000 0.618647
47.400000 0.611795
47.450000 0.553556
47.500000 0.481612
47.550000 0.389112
47.600000 0.262354
47.650000 0.145875
47.700000 0.046524
47.750000 -0.039123
47.800000 -0.093938
47.850000 -0.131622
47.900000 -0.176160
47.950000 -0.183011
48.000000 -0.159029
48.050000 -0.138474
48.100000 -0.111068
48.150000 -0.069956
48.200000 -0.021994
48.250000 0.032820
48.300000 0.094486
48.350000 0.135597
48.400000 0.176707
48.450000 0.224669
48.500000 0.248651
48.550000 0.238374
48.600000 0.241800
48.650000 0.241800
48.700000 0.234947
48.750000 0.252077
48.800000 0.286335
48.850000 0.310318
48.900000 0.351428
48.950000 0.419946
49.000000 0.467908
49.050000 0.491889
49.100000 0.519297
49.150000 0.519297
49.200000 0.485037
49.250000 0.457630
49.300000 0.423372
49.350000 0.330872
49.400000 0.238374
49.450000 0.186986
49.500000 0.125319
49.550000 0.039671
49.600000 -0.018568
49.650000 -0.063105
49.700000 -0.107641
49.750000 -0.111067
49.800000 -0.087087
49.850000 -0.080235
49.900000 -0.090512
49.950000 -0.100789
50.000000 -0.121345
50.050000 -0.148752
50.100000 -0.159029
50.150000 -0.169307
50.200000 -0.196715
50.250000 -0.203566
50.300000 -0.165882
50.350000 -0.128197
50.400000 -0.093938
50.450000 -0.018569
50.500000 0.073931
50.550000 0.142449
50.600000 0.217819
50.650000 0.313743
50.700000 0.382261
50.750000 0.413094
50.800000 0.447353
50.850000 0.461056
50.900000 0.416520
50.950000 0.361706
51.000000 0.310317
51.050000 0.214392
51.100000 0.121893
51.150000 0.070505
51.200000 0.029394
51.250000 -0.011717
51.300000 -0.021994
51.350000 -0.008291
51.400000 -0.001439
51.450000 0.008839
51.500000 0.032820
51.550000 0.073930
51.600000 0.108190
51.650000 0.142449
51.700000 0.142448
51.750000 0.125319
51.800000 0.111616
51.850000 0.091061
51.900000 0.046524
51.950000 -0.008290
52.000000 -0.059679
52.050000 -0.107641
52.100000 -0.135049
52.150000 -0.135049
52.200000 -0.128197
52.250000 -0.111067
52.300000 -0.066531
52.350000 -0.008291
52.400000 0.039671
52.450000 0.101338
52.500000 0.173282
52.550000 0.231521
52.600000 0.258929
52.650000 0.279485
52.700000 0.296614
52.750000 0.313743
52.800000 0.327447
52.850000 0.337724
52.900000 0.324020
52.950000 0.293187
53.000000 0.279484
53.050000 0.279484
53.100000 0.248651
53.150000 0.190411
53.200000 0.139022
53.250000 0.091060
53.300000 0.036246
53.350000 -0.015143
53.400000 -0.076809
53.450000 -0.138474
53.500000 -0.183012
53.550000 -0.213844
53.600000 -0.230973
53.650000 -0.241252
53.700000 -0.237826
53.750000 -0.227548
53.800000 -0.189863
53.850000 -0.135049
53.900000 -0.087086
53.950000 -0.087086
54.000000 -0.104216
54.050000 -0.087086
54.100000 -0.073382
54.150000 -0.093938
54.200000 -0.097364
54.250000 -0.080234
54.300000 -0.076809
54.350000 -0.080234
54.400000 -0.049401
54.450000 -0.001438
54.500000 0.029395
54.550000 0.043097
54.600000 0.067079
54.650000 0.101338
54.700000 0.149300
54.750000 0.207541
54.800000 0.241800
54.850000 0.269207
54.900000 0.300040
54.950000 0.334298
55.000000 0.368557
55.050000 0.399390
55.100000 0.409668
55.150000 0.409668
55.200000 0.416519
55.250000 0.399390
55.300000 0.330873
55.350000 0.245225
55.400000 0.159577
55.450000 0.094486
55.500000 0.032820
55.550000 -0.042550
55.600000 -0.124771
55.650000 -0.183011
55.700000 -0.183011
55.750000 -0.152178
55.800000 -0.117919
55.850000 -0.052827
55.900000 0.046523
55.950000 0.139023
56.000000 0.197263
56.050000 0.238374
56.100000 0.255503
56.150000 0.238373
56.200000 0.186985
56.250000 0.125319
56.300000 0.043097
56.350000 -0.056253
56.400000 -0.152178
56.450000 -0.241252
56.500000 -0.313195
56.550000 -0.371435
56.600000 -0.409120
56.650000 -0.409120
56.700000 -0.364583
56.750000 -0.320047
56.800000 -0.272084
56.850000 -0.203567
56.900000 -0.128197
56.950000 -0.052827
57.000000 0.032820
57.050000 0.097912
57.100000 0.108189
57.150000 0.104764
57.200000 0.111615
57.250000 0.080782
57.300000 0.001987
57.350000 -0.049402
57.400000 -0.080235
57.450000 -0.162455
57.500000 -0.244677
57.550000 -0.282362
57.600000 -0.323473
57.650000 -0.381713
57.700000 -0.385139
57.750000 -0.357731
57.800000 -0.340602
57.850000 -0.313195
57.900000 -0.268658
57.950000 -0.234400
58.000000 -0.213845
58.050000 -0.189863
58.100000 -0.183011
58.150000 -0.172733
58.200000 -0.152178
58.250000 -0.145327
58.300000 -0.145326
58.350000 -0.121345
58.400000 -0.083660
58.450000 -0.087086
58.500000 -0.083660
58.550000 -0.045975
58.600000 0.005413
58.650000 0.036246
58.700000 0.077356
58.750000 0.132171
58.800000 0.176707
58.850000 0.210966
58.900000 0.234947
58.950000 0.241799
59.000000 0.245225
59.050000 0.231522
59.100000 0.166430
59.150000 0.077356
59.200000 0.029394
59.250000 -0.025420
59.300000 -0.128197
59.350000 -0.227548
59.400000 -0.278936
59.450000 -0.323472
59.500000 -0.333750
59.550000 -0.292640
59.600000 -0.237825
59.650000 -0.172734
59.700000 -0.063105
59.750000 0.043098
59.800000 0.104764
59.850000 0.159578
59.900000 0.207540
59.950000 0.210966
60.000000 0.176708
60.050000 0.115041
60.100000 0.001987
60.150000 -0.135048
60.200000 -0.220696
60.250000 -0.278936
60.300000 -0.326898
60.350000 -0.320047
60.400000 -0.261807
60.450000 -0.200140
60.500000 -0.104215
60.550000 0.046524
60.600000 0.176707
60.650000 0.276059
60.700000 0.389112
60.750000 0.474760
60.800000 0.491890
60.850000 0.467908
60.900000 0.433649
60.950000 0.371983
61.000000 0.306891
61.050000 0.252077
61.100000 0.193837
61.150000 0.145874
61.200000 0.139023
61.250000 0.145875
61.300000 0.152726
61.350000 0.159578
61.400000 0.180133
61.450000 0.200689
61.500000 0.221244
61.550000 0.193837
61.600000 0.132171
61.650000 0.084208
61.700000 0.036245
61.750000 -0.032272
61.800000 -0.104216
61.850000 -0.159030
61.900000 -0.206992
61.950000 -0.237825
62.000000 -0.237826
62.050000 -0.234399
62.100000 -0.227548
62.150000 -0.224122
62.200000 -0.244677
62.250000 -0.278936
62.300000 -0.313194
62.350000 -0.368009
62.400000 -0.457082
62.450000 -0.525600
62.500000 -0.563285
62.550000 -0.604395
62.600000 -0.600969
62.650000 -0.518749
62.700000 -0.415971
62.750000 -0.302917
62.800000 -0.128197
62.850000 0.070504
62.900000 0.234947
62.950000 0.395964
63.000000 0.546703
63.050000 0.649481
63.100000 0.714572
63.150000 0.724850
63.200000 0.663184
63.250000 0.580962
63.300000 0.519297
63.350000 0.423372
63.400000 0.300039
63.450000 0.228096
63.500000 0.186986
63.550000 0.145875
63.600000 0.121893
63.650000 0.139023
63.700000 0.142448
63.750000 0.145875
63.800000 0.197263
63.850000 0.228096
63.900000 0.207540
63.950000 0.200689
64.000000 0.186985
64.050000 0.132170
64.100000 0.063653
64.150000 0.019117
64.200000 -0.039124
64.250000 -0.117919
64.300000 -0.172733
64.350000 -0.210418
64.400000 -0.237826
64.450000 -0.244677
64.500000 -0.244677
64.550000 -0.234400
64.600000 -0.176159
64.650000 -0.090512
64.700000 -0.021994
64.750000 0.032820
64.800000 0.094486
64.850000 0.128745
64.900000 0.169855
64.950000 0.204115
65.000000 0.200688
65.050000 0.186986
65.100000 0.197263
65.150000 0.197262
65.200000 0.152727
65.250000 0.118467
65.300000 0.132171
65.350000 0.135597
65.400000 0.097912
65.450000 0.060227
65.500000 0.049949
65.550000 0.056801
65.600000 0.060227
65.650000 0.060227
65.700000 0.087634
65.750000 0.128745
65.800000 0.139022
65.850000 0.142448
65.900000 0.186985
65.950000 0.262354
66.000000 0.320595
66.050000 0.378835
66.100000 0.440501
66.150000 0.485037
66.200000 0.509019
66.250000 0.498741
66.300000 0.467909
66.350000 0.406242
66.400000 0.320595
66.450000 0.210966
66.500000 0.104764
66.550000 0.005412
66.600000 -0.097363
66.650000 -0.162456
66.700000 -0.183011
66.750000 -0.210418
66.800000 -0.241251
66.850000 -0.206992
66.900000 -0.148752
66.950000 -0.111067
67.000000 -0.059679
67.050000 0.012265
67.100000 0.070505
67.150000 0.097912
67.200000 0.132171
67.250000 0.159578
67.300000 0.180133
67.350000 0.186985
67.400000 0.180133
67.450000 0.169856
67.500000 0.169855
67.550000 0.186985
67.600000 0.204114
67.650000 0.214392
67.700000 0.224670
67.750000 0.248651
67.800000 0.276058
67.850000 0.282910
67.900000 0.255502
67.950000 0.231522
68.000000 0.217818
68.050000 0.183559
68.100000 0.139022
68.150000 0.115041
68.200000 0.084209
68.250000 0.043097
68.300000 0.025968
68.350000 0.039671
68.400000 0.049950
68.450000 0.077356
68.500000 0.135597
68.550000 0.173281
68.600000 0.176708
68.650000 0.204114
68.700000 0.217819
68.750000 0.169856
68.800000 0.104763
68.850000 0.049949
68.900000 -0.025421
68.950000 -0.111067
69.000000 -0.159030
69.050000 -0.172734
69.100000 -0.186437
69.150000 -0.189863
69.200000 -0.165881
69.250000 -0.117920
69.300000 -0.056253
69.350000 0.005413
69.400000 0.067079
69.450000 0.152726
69.500000 0.231522
69.550000 0.286336
69.600000 0.313744
69.650000 0.317169
69.700000 0.286336
69.750000 0.231521
69.800000 0.180133
69.850000 0.149301
69.900000 0.118467
69.950000 0.087634
70.000000 0.067079
70.050000 0.049950
70.100000 0.036246
70.150000 0.049949
70.200000 0.080782
70.250000 0.104764
70.300000 0.118467
70.350000 0.132171
70.400000 0.145875
70.450000 0.156152
70.500000 0.145874
70.550000 0.111616
70.600000 0.067079
70.650000 0.029394
70.700000 -0.035698
70.750000 -0.131622
70.800000 -0.227547
70.850000 -0.296066
70.900000 -0.347454
70.950000 -0.398842
71.000000 -0.422823
71.050000 -0.391991
71.100000 -0.337176
71.150000 -0.309769
71.200000 -0.275510
71.250000 -0.179585
71.300000 -0.066531
71.350000 0.029394
71.400000 0.132171
71.450000 0.258929
71.500000 0.351427
71.550000 0.416520
71.600000 0.488463
71.650000 0.553556
71.700000 0.574111
71.750000 0.560408
71.800000 0.529574
71.850000 0.485037
71.900000 0.443927
71.950000 0.419945
72.000000 0.368557
72.050000 0.296614
72.100000 0.245225
72.150000 0.207540
72.200000 0.156152
72.250000 0.121893
72.300000 0.132171
72.350000 0.139023
72.400000 0.118467
72.450000 0.108189
72.500000 0.111616
72.550000 0.104763
72.600000 0.097912
72.650000 0.094486
72.700000 0.063653
72.750000 0.008839
72.800000 -0.025420
72.850000 -0.063105
72.900000 -0.114493
72.950000 -0.145326
73.000000 -0.152178
73.050000 -0.169307
73.100000 -0.193289
73.150000 -0.183011
73.200000 -0.138474
73.250000 -0.069956
73.300000 0.005413
73.350000 0.073930
73.400000 0.149300
73.450000 0.265780
73.500000 0.375409
73.550000 0.440501
73.600000 0.495315
73.650000 0.550129
73.700000 0.574111
73.750000 0.570685
73.800000 0.574111
73.850000 0.539852
73.900000 0.443927
73.950000 0.327447
74.000000 0.210966
74.050000 0.070504
74.100000 -0.063105
74.150000 -0.162456
74.200000 -0.244677
74.250000 -0.316621
74.300000 -0.361158
74.350000 -0.368009
74.400000 -0.326899
74.450000 -0.241251
74.500000 -0.141900
74.550000 -0.052828
74.600000 0.036246
74.650000 0.125319
74.700000 0.193837
74.750000 0.231522
74.800000 0.258929
74.850000 0.282910
74.900000 0.289761
74.950000 0.265780
75.000000 0.231522
75.050000 0.210967
75.100000 0.186985
75.150000 0.145875
75.200000 0.097912
75.250000 0.080783
75.300000 0.067078
75.350000 0.046524
75.400000 0.036246
75.450000 0.029394
75.500000 0.012265
75.550000 0.008839
75.600000 0.032820
75.650000 0.067079
75.700000 0.104763
75.750000 0.149300
75.800000 0.186985
75.850000 0.221244
75.900000 0.269206
75.950000 0.313743
76.000000 0.334298
76.050000 0.337725
76.100000 0.334299
76.150000 0.317168
76.200000 0.282910
76.250000 0.241799
76.300000 0.204114
76.350000 0.142449
76.400000 0.084208
76.450000 0.039672
76.500000 -0.004864
76.550000 -0.035698
76.600000 -0.045976
76.650000 -0.066530
76.700000 -0.093938
76.750000 -0.111067
76.800000 -0.100790
76.850000 -0.073382
76.900000 -0.052827
76.950000 -0.063105
77.000000 -0.073383
77.050000 -0.049402
77.100000 -0.018568
77.150000 -0.011717
77.200000 -0.004865
77.250000 0.022543
77.300000 0.049950
77.350000 0.094486
77.400000 0.163004
77.450000 0.228096
77.500000 0.252077
77.550000 0.276058
77.600000 0.337724
77.650000 0.409668
77.700000 0.443927
77.750000 0.450779
77.800000 0.447352
77.850000 0.437075
77.900000 0.392539
77.950000 0.351428
78.000000 0.334299
78.050000 0.317169
78.100000 0.272633
78.150000 0.200689
78.200000 0.128745
78.250000 0.087634
78.300000 0.043098
78.350000 -0.004865
78.400000 -0.021995
78.450000 0.012265
78.500000 0.053375
78.550000 0.073931
78.600000 0.115042
78.650000 0.176708
78.700000 0.234948
78.750000 0.279484
78.800000 0.300040
78.850000 0.300040
78.900000 0.286336
78.950000 0.262355
79.000000 0.221244
79.050000 0.166429
79.100000 0.115042
79.150000 0.060227
79.200000 -0.001439
79.250000 -0.049401
79.300000 -0.087086
79.350000 -0.124771
79.400000 -0.162456
79.450000 -0.172733
79.500000 -0.186437
79.550000 -0.213844
79.600000 -0.227548
79.650000 -0.237825
79.700000 -0.296065
79.750000 -0.361158
79.800000 -0.371435
79.850000 -0.361157
79.900000 -0.364583
79.950000 -0.354306
80.000000 -0.306343
80.050000 -0.234399
80.100000 -0.152178
80.150000 -0.080234
80.200000 -0.008290
80.250000 0.073931
80.300000 0.145874
80.350000 0.180134
80.400000 0.183559
80.450000 0.186985
80.500000 0.169855
80.550000 0.132170
80.600000 0.121894
80.650000 0.128745
80.700000 0.156152
80.750000 0.204114
80.800000 0.241800
80.850000 0.252077
80.900000 0.286336
80.950000 0.337725
81.000000 0.344576
81.050000 0.313743
81.100000 0.282910
81.150000 0.231522
81.200000 0.145874
81.250000 0.073931
81.300000 0.015690
81.350000 -0.049401
81.400000 -0.104215
81.450000 -0.141900
81.500000 -0.159030
81.550000 -0.155604
81.600000 -0.138475
81.650000 -0.128196
81.700000 -0.121345
81.750000 -0.114494
81.800000 -0.114493
81.850000 -0.114493
81.900000 -0.097363
81.950000 -0.090512
82.000000 -0.090512
82.050000 -0.097363
82.100000 -0.087086
82.150000 -0.052828
82.200000 -0.011716
82.250000 0.022542
82.300000 0.056801
82.350000 0.080783
82.400000 0.091060
82.450000 0.087634
82.500000 0.073931
82.550000 0.043098
82.600000 -0.011716
82.650000 -0.069957
82.700000 -0.124771
82.750000 -0.179585
82.800000 -0.210418
82.850000 -0.213844
82.900000 -0.203566
82.950000 -0.159030
83.000000 -0.066531
83.050000 0.070504
83.100000 0.221244
83.150000 0.375409
83.200000 0.502167
83.250000 0.611795
83.300000 0.731702
83.350000 0.810497
83.400000 0.803645
83.450000 0.738553
83.500000 0.646055
83.550000 0.498741
83.600000 0.300040
83.650000 0.104764
83.700000 -0.080234
83.750000 -0.244677
83.800000 -0.361157
83.850000 -0.422823
83.900000 -0.446805
83.950000 -0.419398
84.000000 -0.313195
84.050000 -0.169308
84.100000 -0.025420
84.150000 0.118467
84.200000 0.248651
84.250000 0.324021
84.300000 0.361706
84.350000 0.392538
84.400000 0.371983
84.450000 0.286336
84.500000 0.183559
84.550000 0.097912
84.600000 0.001987
84.650000 -0.087086
84.700000 -0.159030
84.750000 -0.193289
84.800000 -0.169308
84.850000 -0.114493
84.900000 -0.052827
84.950000 0.012264
85.000000 0.087634
85.050000 0.159578
85.100000 0.231522
85.150000 0.282910
85.200000 0.289762
85.250000 0.279484
85.300000 0.272633
85.350000 0.252077
85.400000 0.183559
85.450000 0.121893
85.500000 0.087634
85.550000 0.053376
85.600000 0.001987
85.650000 -0.039123
85.700000 -0.066530
85.750000 -0.111068
85.800000 -0.159030
85.850000 -0.183011
85.900000 -0.200140
85.950000 -0.213844
86.000000 -0.196714
86.050000 -0.155604
86.100000 -0.114493
86.150000 -0.063105
86.200000 -0.004864
86.250000 0.046523
86.300000 0.101337
86.350000 0.176707
86.400000 0.255503
86.450000 0.320595
86.500000 0.375409
86.550000 0.423372
86.600000 0.454204
86.650000 0.471334
86.700000 0.461056
86.750000 0.402817
86.800000 0.324020
86.850000 0.255503
86.900000 0.193836
86.950000 0.104764
87.000000 0.005413
87.050000 -0.069957
87.100000 -0.114493
87.150000 -0.128196
87.200000 -0.114494
87.250000 -0.090512
87.300000 -0.052827
87.350000 -0.001439
87.400000 0.032820
87.450000 0.039672
87.500000 0.053375
87.550000 0.087634
87.600000 0.111616
87.650000 0.091060
87.700000 0.060227
87.750000 0.022543
87.800000 -0.008290
87.850000 -0.025420
87.900000 -0.025420
87.950000 -0.015142
88.000000 -0.008291
88.050000 0.005413
88.100000 0.039672
88.150000 0.056802
88.200000 0.043098
88.250000 0.005413
88.300000 -0.032272
88.350000 -0.104216
88.400000 -0.165882
88.450000 -0.176159
88.500000 -0.179585
88.550000 -0.220696
88.600000 -0.254955
88.650000 -0.251529
88.700000 -0.248103
88.750000 -0.244677
88.800000 -0.189863
88.850000 -0.117919
88.900000 -0.080235
88.950000 -0.059679
89.000000 -0.021995
89.050000 0.012264
89.100000 0.001987
89.150000 -0.035698
89.200000 -0.080235
89.250000 -0.117919
89.300000 -0.155604
89.350000 -0.224122
89.400000 -0.282361
89.450000 -0.299491
89.500000 -0.313195
89.550000 -0.337176
89.600000 -0.333750
89.650000 -0.282362
89.700000 -0.237825
89.750000 -0.200141
89.800000 -0.128197
89.850000 -0.039124
89.900000 0.039672
89.950000 0.091060
90.000000 0.125319
90.050000 0.135597
90.100000 0.152726
90.150000 0.163004
90.200000 0.142449
90.250000 0.108189
90.300000 0.070504
90.350000 0.025968
90.400000 -0.032272
90.450000 -0.083660
90.500000 -0.124771
90.550000 -0.152178
90.600000 -0.165882
90.650000 -0.196715
90.700000 -0.213844
90.750000 -0.200140
90.800000 -0.162456
90.850000 -0.128196
90.900000 -0.083660
90.950000 -0.039124
91.000000 -0.025420
91.050000 -0.035698
91.100000 -0.028846
91.150000 -0.032272
91.200000 -0.063105
91.250000 -0.114493
91.300000 -0.159029
91.350000 -0.230973
91.400000 -0.299491
91.450000 -0.344028
91.500000 -0.361157
91.550000 -0.368009
91.600000 -0.326898
91.650000 -0.227548
91.700000 -0.107641
91.750000 0.005412
91.800000 0.125319
91.850000 0.272633
91.900000 0.413094
91.950000 0.481612
92.000000 0.478186
92.050000 0.454204
92.100000 0.409668
92.150000 0.317169
92.200000 0.210966
92.250000 0.091060
92.300000 -0.059679
92.350000 -0.200140
92.400000 -0.289213
92.450000 -0.361158
92.500000 -0.422823
92.550000 -0.453656
92.600000 -0.436527
92.650000 -0.412546
92.700000 -0.385139
92.750000 -0.340602
92.800000 -0.292640
92.850000 -0.244677
92.900000 -0.183011
92.950000 -0.131622
93.000000 -0.114493
93.050000 -0.111068
93.100000 -0.100790
93.150000 -0.107642
93.200000 -0.155604
93.250000 -0.230974
93.300000 -0.302917
93.350000 -0.378287
93.400000 -0.474212
93.450000 -0.563284
93.500000 -0.621525
93.550000 -0.638655
93.600000 -0.621525
93.650000 -0.549582
93.700000 -0.436527
93.750000 -0.313195
93.800000 -0.172733
93.850000 -0.011716
93.900000 0.156152
93.950000 0.296613
94.000000 0.413094
94.050000 0.481612
94.100000 0.498741
94.150000 0.491889
94.200000 0.450778
94.250000 0.361705
94.300000 0.265781
94.350000 0.173281
94.400000 0.067079
94.450000 -0.039124
94.500000 -0.107642
94.550000 -0.148752
94.600000 -0.196715
94.650000 -0.220696
94.700000 -0.206993
94.750000 -0.172733
94.800000 -0.135049
94.850000 -0.093938
94.900000 -0.039124
94.950000 0.019116
95.000000 0.080782
95.050000 0.142449
95.100000 0.214392
95.150000 0.286336
95.200000 0.330873
95.250000 0.344576
95.300000 0.351428
95.350000 0.337724
95.400000 0.313743
95.450000 0.272633
95.500000 0.217818
95.550000 0.163004
95.600000 0.118467
95.650000 0.101337
95.700000 0.087634
95.750000 0.087634
95.800000 0.108189
95.850000 0.118468
95.900000 0.094487
95.950000 0.091060
96.000000 0.121893
96.050000 0.108190
96.100000 0.036246
96.150000 -0.008291
96.200000 -0.039124
96.250000 -0.104216
96.300000 -0.189863
96.350000 -0.234399
96.400000 -0.241251
96.450000 -0.234400
96.500000 -0.227547
96.550000 -0.210418
96.600000 -0.162456
96.650000 -0.087086
96.700000 -0.032272
96.750000 -0.004864
96.800000 0.032820
96.850000 0.060227
96.900000 0.067079
96.950000 0.063653
97.000000 0.049950
97.050000 0.008839
97.100000 -0.059679
97.150000 -0.124771
97.200000 -0.203566
97.250000 -0.306343
97.300000 -0.388565
97.350000 -0.446805
97.400000 -0.491341
97.450000 -0.501618
97.500000 -0.467360
97.550000 -0.415971
97.600000 -0.364583
97.650000 -0.285788
97.700000 -0.183011
97.750000 -0.097363
97.800000 -0.032272
97.850000 0.043097
97.900000 0.115041
97.950000 0.128745
98.000000 0.097912
98.050000 0.073931
98.100000 0.049950
98.150000 -0.001439
98.200000 -0.056253
98.250000 -0.073382
98.300000 -0.076808
98.350000 -0.066531
98.400000 -0.025420
98.450000 0.012265
98.500000 0.036245
98.550000 0.073930
98.600000 0.135596
98.650000 0.173282
98.700000 0.186986
98.750000 0.193837
98.800000 0.200689
98.850000 0.186985
98.900000 0.152726
98.950000 0.118467
99.000000 0.084209
99.050000 0.043098
99.100000 -0.015143
99.150000 -0.056253
99.200000 -0.056254
99.250000 -0.035698
99.300000 -0.032272
99.350000 -0.018568
99.400000 0.029394
99.450000 0.073930
99.500000 0.118468
99.550000 0.193836
99.600000 0.279484
99.650000 0.341150
99.700000 0.399390
99.750000 0.450779
99.800000 0.454205
99.850000 0.419946
99.900000 0.378835
99.950000 0.300039
100.000000 0.159578
100.050000 0.005413
100.100000 -0.128197
100.150000 -0.248103
100.200000 -0.357732
100.250000 -0.402268
100.300000 -0.402268
100.350000 -0.378287
100.400000 -0.292639
100.450000 -0.155604
100.500000 -0.025420
100.550000 0.101338
100.600000 0.272632
100.650000 0.440501
100.700000 0.543278
100.750000 0.598092
100.800000 0.639203
100.850000 0.649480
100.900000 0.601518
100.950000 0.533000
101.000000 0.443927
101.050000 0.358279
101.100000 0.265781
101.150000 0.180134
101.200000 0.104763
101.250000 0.039672
101.300000 -0.021994
101.350000 -0.052828
101.400000 -0.028846
101.450000 0.001987
101.500000 0.012265
101.550000 0.039672
101.600000 0.097911
101.650000 0.135597
101.700000 0.145874
101.750000 0.159578
101.800000 0.152726
101.850000 0.115042
101.900000 0.094486
101.950000 0.077356
102.000000 0.036246
102.050000 -0.011716
102.100000 -0.056253
102.150000 -0.124771
102.200000 -0.179586
102.250000 -0.189863
102.300000 -0.193289
102.350000 -0.213844
102.400000 -0.196714
102.450000 -0.159030
102.500000 -0.152178
102.550000 -0.131623
102.600000 -0.093938
102.650000 -0.083660
102.700000 -0.073383
102.750000 -0.035698
102.800000 -0.011716
102.850000 0.001987
102.900000 0.046524
102.950000 0.091060
103.000000 0.101338
103.050000 0.121893
103.100000 0.159578
103.150000 0.159578
103.200000 0.145874
103.250000 0.169855
103.300000 0.186985
103.350000 0.149301
103.400000 0.115041
103.450000 0.125319
103.500000 0.142449
103.550000 0.169856
103.600000 0.221244
103.650000 0.289761
103.700000 0.378835
103.750000 0.481612
103.800000 0.570685
103.850000 0.639203
103.900000 0.687165
103.950000 0.700869
104.000000 0.676887
104.050000 0.618647
104.100000 0.533000
104.150000 0.406242
104.200000 0.258929
104.250000 0.097912
104.300000 -0.056253
104.350000 -0.159030
104.400000 -0.213844
104.450000 -0.275510
104.500000 -0.320047
104.550000 -0.299491
104.600000 -0.237825
104.650000 -0.193289
104.700000 -0.135049
104.750000 -0.052828
104.800000 0.012265
104.850000 0.049949
104.900000 0.091060
104.950000 0.121893
105.000000 0.145875
105.050000 0.166430
105.100000 0.173282
105.150000 0.169856
105.200000 0.197262
105.250000 0.241799
105.300000 0.279484
105.350000 0.341150
105.400000 0.409668
105.450000 0.430224
105.500000 0.430223
105.550000 0.454205
105.600000 0.478186
105.650000 0.474760
105.700000 0.474759
105.750000 0.474760
105.800000 0.450778
105.850000 0.413094
105.900000 0.371983
105.950000 0.324020
106.000000 0.279484
106.050000 0.234947
106.100000 0.183559
106.150000 0.121893
106.200000 0.073931
106.250000 0.043098
106.300000 0.015691
106.350000 -0.001439
106.400000 -0.015143
106.450000 -0.028846
106.500000 -0.025420
106.550000 -0.011717
106.600000 0.001987
106.650000 0.019117
106.700000 0.053375
106.750000 0.101337
106.800000 0.142448
106.850000 0.176707
106.900000 0.204115
106.950000 0.217818
107.000000 0.224670
107.050000 0.228096
107.100000 0.204114
107.150000 0.152726
107.200000 0.097912
107.250000 0.060227
107.300000 0.025968
107.350000 0.001987
107.400000 -0.021994
107.450000 -0.035698
107.500000 -0.052827
107.550000 -0.056253
107.600000 -0.045976
107.650000 -0.025420
107.700000 0.001987
107.750000 0.029394
107.800000 0.056801
107.850000 0.087634
107.900000 0.108190
107.950000 0.128745
108.000000 0.173281
108.050000 0.197263
108.100000 0.180134
108.150000 0.183559
108.200000 0.228095
108.250000 0.258928
108.300000 0.279484
108.350000 0.327447
108.400000 0.382261
108.450000 0.413094
108.500000 0.440501
108.550000 0.474760
108.600000 0.495315
108.650000 0.512445
108.700000 0.526148
108.750000 0.502167
108.800000 0.450778
108.850000 0.416520
108.900000 0.368557
108.950000 0.276058
109.000000 0.190411
109.050000 0.135597
109.100000 0.073931
109.150000 0.008839
109.200000 -0.035698
109.250000 -0.073383
109.300000 -0.087087
109.350000 -0.052827
109.400000 -0.004865
109.450000 0.032820
109.500000 0.104763
109.550000 0.193837
109.600000 0.228096
109.650000 0.224669
109.700000 0.234948
109.750000 0.245225
109.800000 0.224670
109.850000 0.186985
109.900000 0.149300
109.950000 0.108189
110.000000 0.070505
110.050000 0.039672
110.100000 0.008839
110.150000 -0.008291
110.200000 -0.011716
110.250000 -0.028846
110.300000 -0.056253
110.350000 -0.069957
110.400000 -0.076808
110.450000 -0.121345
110.500000 -0.165882
110.550000 -0.193288
110.600000 -0.220696
110.650000 -0.241251
110.700000 -0.230974
110.750000 -0.206992
110.800000 -0.196715
110.850000 -0.165881
110.900000 -0.111067
110.950000 -0.066530
111.000000 -0.032272
111.050000 0.012264
111.100000 0.060227
111.150000 0.091061
111.200000 0.108190
111.250000 0.125320
111.300000 0.152726
111.350000 0.176707
111.400000 0.183559
111.450000 0.186985
111.500000 0.176708
111.550000 0.142448
111.600000 0.101338
111.650000 0.094486
111.700000 0.091060
111.750000 0.049950
111.800000 0.012265
111.850000 -0.004864
111.900000 -0.039124
111.950000 -0.100789
112.000000 -0.124771
112.050000 -0.131623
112.100000 -0.145326
112.150000 -0.155604
112.200000 -0.155604
112.250000 -0.165881
112.300000 -0.172733
112.350000 -0.165881
112.400000 -0.152178
112.450000 -0.135049
112.500000 -0.117919
112.550000 -0.111068
112.600000 -0.104215
112.650000 -0.083660
112.700000 -0.090512
112.750000 -0.117919
112.800000 -0.135049
112.850000 -0.148752
112.900000 -0.193289
112.950000 -0.248103
113.000000 -0.272084
113.050000 -0.261807
113.100000 -0.244677
113.150000 -0.213844
113.200000 -0.148752
113.250000 -0.073382
113.300000 0.012265
113.350000 0.084209
113.400000 0.139022
113.450000 0.210966
113.500000 0.279484
113.550000 0.296614
113.600000 0.276059
113.650000 0.262354
113.700000 0.245225
113.750000 0.207541
113.800000 0.163004
113.850000 0.121893
113.900000 0.091060
113.950000 0.077356
114.000000 0.094486
114.050000 0.115042
114.100000 0.121893
114.150000 0.118468
114.200000 0.132171
114.250000 0.152726
114.300000 0.145874
114.350000 0.104764
114.400000 0.049950
114.450000 0.001987
114.500000 -0.052828
114.550000 -0.111068
114.600000 -0.148752
114.650000 -0.155604
114.700000 -0.148752
114.750000 -0.117919
114.800000 -0.073382
114.850000 -0.025420
114.900000 0.029394
114.950000 0.108189
115.000000 0.183559
115.050000 0.228095
115.100000 0.255503
115.150000 0.272632
115.200000 0.282910
115.250000 0.282910
115.300000 0.255503
115.350000 0.186985
115.400000 0.104763
115.450000 0.022542
115.500000 -0.063105
115.550000 -0.141900
115.600000 -0.189862
115.650000 -0.213844
115.700000 -0.230974
115.750000 -0.206992
115.800000 -0.162456
115.850000 -0.135048
115.900000 -0.073383
115.950000 0.039671
116.000000 0.152727
116.050000 0.224670
116.100000 0.289762
116.150000 0.330872
116.200000 0.334298
116.250000 0.327446
116.300000 0.303466
116.350000 0.255502
116.400000 0.173282
116.450000 0.094486
116.500000 0.015691
116.550000 -0.056254
116.600000 -0.107641
116.650000 -0.121345
116.700000 -0.111067
116.750000 -0.087086
116.800000 -0.045976
116.850000 -0.001438
116.900000 0.060227
116.950000 0.121893
117.000000 0.163003
117.050000 0.173282
117.100000 0.156152
117.150000 0.094486
117.200000 0.012265
117.250000 -0.052827
117.300000 -0.117920
117.350000 -0.203566
117.400000 -0.265233
117.450000 -0.282361
117.500000 -0.285787
117.550000 -0.251529
117.600000 -0.159030
117.650000 -0.073382
117.700000 -0.001439
117.750000 0.111615
117.800000 0.231522
117.850000 0.289761
117.900000 0.310317
117.950000 0.337724
118.000000 0.337724
118.050000 0.300039
118.100000 0.241799
118.150000 0.173282
118.200000 0.104764
118.250000 0.049949
118.300000 -0.001439
118.350000 -0.052827
118.400000 -0.073382
118.450000 -0.045975
118.500000 -0.028846
118.550000 -0.015143
118.600000 0.012264
118.650000 0.022542
118.700000 0.032820
118.750000 0.067079
118.800000 0.080782
118.850000 0.073931
118.900000 0.073931
118.950000 0.080782
119.000000 0.049949
119.050000 0.008839
119.100000 0.005413
119.150000 0.005413
119.200000 -0.011717
119.250000 0.008839
119.300000 0.060227
119.350000 0.091060
119.400000 0.101338
119.450000 0.135597
119.500000 0.176707
119.550000 0.180134
119.600000 0.159578
119.650000 0.142449
119.700000 0.128745
119.750000 0.097912
119.800000 0.063653
119.850000 0.032820
119.900000 0.025968
119.950000 0.029394
120.000000 0.036246
120.050000 0.056801
120.100000 0.101338
120.150000 0.135597
120.200000 0.152726
120.250000 0.190411
120.300000 0.245225
120.350000 0.269207
120.400000 0.258929
120.450000 0.252077
120.500000 0.255502
120.550000 0.258929
120.600000 0.269206
120.650000 0.289761
120.700000 0.293188
120.750000 0.289762
120.800000 0.310318
120.850000 0.351428
120.900000 0.375409
120.950000 0.382261
121.000000 0.406243
121.050000 0.409668
121.100000 0.395964
121.150000 0.406243
121.200000 0.416520
121.250000 0.392538
121.300000 0.375409
121.350000 0.382261
121.400000 0.351428
121.450000 0.296614
121.500000 0.265780
121.550000 0.252077
121.600000 0.214392
121.650000 0.183560
121.700000 0.163004
121.750000 0.118468
121.800000 0.070504
121.850000 0.036246
121.900000 -0.032271
121.950000 -0.114494
122.000000 -0.155604
122.050000 -0.159030
122.100000 -0.186437
122.150000 -0.230973
122.200000 -0.258381
122.250000 -0.289214
122.300000 -0.326898
122.350000 -0.323473
122.400000 -0.285788
122.450000 -0.272084
122.500000 -0.278936
122.550000 -0.278936
122.600000 -0.275510
122.650000 -0.272084
122.700000 -0.248103
122.750000 -0.213844
122.800000 -0.196715
122.850000 -0.176160
122.900000 -0.138474
122.950000 -0.083660
123.000000 -0.049402
123.050000 -0.035698
123.100000 -0.035698
123.150000 -0.018568
123.200000 0.015691
123.250000 0.049949
123.300000 0.046523
123.350000 0.053375
123.400000 0.111616
123.450000 0.190411
123.500000 0.258929
123.550000 0.334299
123.600000 0.423371
123.650000 0.502167
123.700000 0.553555
123.750000 0.567258
123.800000 0.533000
123.850000 0.464483
123.900000 0.368557
123.950000 0.272632
124.000000 0.183560
124.050000 0.084208
124.100000 -0.021994
124.150000 -0.093938
124.200000 -0.114493
124.250000 -0.097364
124.300000 -0.066531
124.350000 -0.011717
124.400000 0.070505
124.450000 0.152726
124.500000 0.228095
124.550000 0.282910
124.600000 0.320595
124.650000 0.341150
124.700000 0.330873
124.750000 0.286336
124.800000 0.214393
124.850000 0.142449
124.900000 0.073931
124.950000 -0.008290
125.000000 -0.097364
125.050000 -0.162456
125.100000 -0.203567
125.150000 -0.227548
125.200000 -0.227548
125.250000 -0.200141
125.300000 -0.145326
125.350000 -0.066531
125.400000 -0.001439
125.450000 0.036246
125.500000 0.070505
125.550000 0.115042
125.600000 0.132171
125.650000 0.115041
125.700000 0.080782
125.750000 0.029394
125.800000 -0.039123
125.850000 -0.121345
125.900000 -0.213844
125.950000 -0.313195
126.000000 -0.402268
126.050000 -0.463934
126.100000 -0.532452
126.150000 -0.580414
126.200000 -0.573562
126.250000 -0.539304
126.300000 -0.505045
126.350000 -0.450231
126.400000 -0.357732
126.450000 -0.265232
126.500000 -0.169307
126.550000 -0.059679
126.600000 0.043098
126.650000 0.135596
126.700000 0.217819
126.750000 0.286336
126.800000 0.327447
126.850000 0.354854
126.900000 0.365131
126.950000 0.344576
127.000000 0.313743
127.050000 0.272632
127.100000 0.228095
127.150000 0.180134
127.200000 0.115041
127.250000 0.046524
127.300000 0.005413
127.350000 -0.015143
127.400000 -0.039124
127.450000 -0.049401
127.500000 -0.021994
127.550000 0.015691
127.600000 0.053375
127.650000 0.115041
127.700000 0.190411
127.750000 0.245225
127.800000 0.279484
127.850000 0.313743
127.900000 0.334298
127.950000 0.317169
128.000000 0.269206
128.050000 0.207540
128.100000 0.132171
128.150000 0.039672
128.200000 -0.056253
128.250000 -0.148752
128.300000 -0.244677
128.350000 -0.337176
128.400000 -0.391991
128.450000 -0.429675
128.500000 -0.443378
128.550000 -0.422823
128.600000 -0.357731
128.650000 -0.268658
128.700000 -0.169308
128.750000 -0.063105
128.800000 0.025968
128.850000 0.108189
128.900000 0.204115
128.950000 0.286336
129.000000 0.313743
129.050000 0.296613
129.100000 0.279484
129.150000 0.252077
129.200000 0.186985
129.250000 0.108189
129.300000 0.039672
129.350000 -0.021994
129.400000 -0.090512
129.450000 -0.148752
129.500000 -0.172733
129.550000 -0.155604
129.600000 -0.128197
129.650000 -0.107642
129.700000 -0.066531
129.750000 0.008838
129.800000 0.080782
129.850000 0.128745
129.900000 0.176708
129.950000 0.245226
130.000000 0.289762
130.050000 0.293188
130.100000 0.282910
130.150000 0.269206
130.200000 0.221243
130.250000 0.132171
130.300000 0.049949
130.350000 -0.028846
130.400000 -0.100790
130.450000 -0.162456
130.500000 -0.210418
130.550000 -0.244677
130.600000 -0.261807
130.650000 -0.258381
130.700000 -0.210418
130.750000 -0.128197
130.800000 -0.045975
130.850000 0.019117
130.900000 0.084209
130.950000 0.149300
131.000000 0.200689
131.050000 0.248652
131.100000 0.296614
131.150000 0.310318
131.200000 0.320594
131.250000 0.354854
131.300000 0.375409
131.350000 0.365131
131.400000 0.378835
131.450000 0.419946
131.500000 0.430223
131.550000 0.416520
131.600000 0.406242
131.650000 0.416520
131.700000 0.416520
131.750000 0.406242
131.800000 0.382261
131.850000 0.351428
131.900000 0.334299
131.950000 0.320595
132.000000 0.286336
132.050000 0.245225
132.100000 0.228095
132.150000 0.210966
132.200000 0.186985
132.250000 0.163004
132.300000 0.149300
132.350000 0.128744
132.400000 0.115042
132.450000 0.111615
132.500000 0.115042
132.550000 0.115041
132.600000 0.104764
132.650000 0.091060
132.700000 0.053375
132.750000 -0.004865
132.800000 -0.045976
132.850000 -0.066531
132.900000 -0.097364
132.950000 -0.155604
133.000000 -0.196715
133.050000 -0.193289
133.100000 -0.183011
133.150000 -0.189862
133.200000 -0.200140
133.250000 -0.189863
133.300000 -0.165882
133.350000 -0.145326
133.400000 -0.104216
133.450000 -0.059679
133.500000 -0.021994
133.550000 0.012265
133.600000 0.036246
133.650000 0.063653
133.700000 0.104763
133.750000 0.142448
133.800000 0.166429
133.850000 0.207541
133.900000 0.245225
133.950000 0.248651
134.000000 0.241799
134.050000 0.241799
134.100000 0.217819
134.150000 0.186985
134.200000 0.193837
134.250000 0.180134
134.300000 0.132171
134.350000 0.115042
134.400000 0.125319
134.450000 0.101338
134.500000 0.084208
134.550000 0.097912
134.600000 0.125319
134.650000 0.149300
134.700000 0.173282
134.750000 0.173282
134.800000 0.163004
134.850000 0.163004
134.900000 0.149300
134.950000 0.108190
135.000000 0.077357
135.050000 0.067079
135.100000 0.049949
135.150000 0.032820
135.200000 0.036246
135.250000 0.056801
135.300000 0.101338
135.350000 0.169856
135.400000 0.234948
135.450000 0.289762
135.500000 0.334298
135.550000 0.361705
135.600000 0.389112
135.650000 0.409668
135.700000 0.378835
135.750000 0.310317
135.800000 0.255503
135.850000 0.204114
135.900000 0.135597
135.950000 0.087635
136.000000 0.084208
136.050000 0.077357
136.100000 0.073931
136.150000 0.104764
136.200000 0.118468
136.250000 0.094487
136.300000 0.077357
136.350000 0.070505
136.400000 0.008839
136.450000 -0.073383
136.500000 -0.131623
136.550000 -0.186437
136.600000 -0.261806
136.650000 -0.296066
136.700000 -0.272084
136.750000 -0.230973
136.800000 -0.200141
136.850000 -0.135048
136.900000 -0.028846
136.950000 0.084209
137.000000 0.166429
137.050000 0.231522
137.100000 0.296613
137.150000 0.337725
137.200000 0.337725
137.250000 0.310318
137.300000 0.286336
137.350000 0.252077
137.400000 0.186985
137.450000 0.128745
137.500000 0.111616
137.550000 0.111616
137.600000 0.121893
137.650000 0.159578
137.700000 0.200689
137.750000 0.231521
137.800000 0.276059
137.850000 0.306891
137.900000 0.296613
137.950000 0.262354
138.000000 0.207541
138.050000 0.149300
138.100000 0.094486
138.150000 0.019116
138.200000 -0.059679
138.250000 -0.093938
138.300000 -0.107642
138.350000 -0.117920
138.400000 -0.100790
138.450000 -0.063105
138.500000 -0.045976
138.550000 -0.035698
138.600000 -0.018569
138.650000 -0.028846
138.700000 -0.052827
138.750000 -0.052828
138.800000 -0.059679
138.850000 -0.076809
138.900000 -0.073382
138.950000 -0.039124
139.000000 -0.004864
139.050000 0.063654
139.100000 0.166430
139.150000 0.258929
139.200000 0.334298
139.250000 0.419946
139.300000 0.478186
139.350000 0.471334
139.400000 0.447353
139.450000 0.426798
139.500000 0.365132
139.550000 0.293188
139.600000 0.258929
139.650000 0.234948
139.700000 0.183559
139.750000 0.152726
139.800000 0.149301
139.850000 0.128745
139.900000 0.084209
139.950000 0.039672
140.000000 -0.004865
140.050000 -0.042550
140.100000 -0.073383
140.150000 -0.138474
140.200000 -0.189863
140.250000 -0.200140
140.300000 -0.186437
140.350000 -0.172733
140.400000 -0.128197
140.450000 -0.066531
140.500000 -0.008291
140.550000 0.063653
140.600000 0.125319
140.650000 0.135596
140.700000 0.132171
140.750000 0.166430
140.800000 0.173281
140.850000 0.125319
140.900000 0.070505
140.950000 0.029395
141.000000 -0.018569
141.050000 -0.063105
141.100000 -0.107642
141.150000 -0.138474
141.200000 -0.104215
141.250000 -0.018568
141.300000 0.053375
141.350000 0.128745
141.400000 0.224669
141.450000 0.310317
141.500000 0.382261
141.550000 0.461057
141.600000 0.526148
141.650000 0.553555
141.700000 0.546704
141.750000 0.522723
141.800000 0.488463
141.850000 0.450778
141.900000 0.392538
141.950000 0.317169
142.000000 0.265781
142.050000 0.221244
142.100000 0.166430
142.150000 0.132171
142.200000 0.111616
142.250000 0.077356
142.300000 0.036246
142.350000 0.012265
142.400000 -0.001439
142.450000 -0.015142
142.500000 -0.039124
142.550000 -0.056253
142.600000 -0.059679
142.650000 -0.049401
142.700000 -0.025420
142.750000 0.022542
142.800000 0.101337
142.850000 0.204114
142.900000 0.313743
142.950000 0.385686
143.000000 0.447353
143.050000 0.522722
143.100000 0.567259
143.150000 0.539852
143.200000 0.485037
143.250000 0.416520
143.300000 0.300039
143.350000 0.169855
143.400000 0.056801
143.450000 -0.052827
143.500000 -0.138475
143.550000 -0.176159
143.600000 -0.193288
143.650000 -0.200140
143.700000 -0.128196
143.750000 -0.001439
143.800000 0.115042
143.850000 0.234947
143.900000 0.354853
143.950000 0.454205
144.000000 0.536426
144.050000 0.604943
144.100000 0.625499
144.150000 0.625499
144.200000 0.625499
144.250000 0.574111
144.300000 0.481611
144.350000 0.416520
144.400000 0.354854
144.450000 0.262354
144.500000 0.176707
144.550000 0.159578
144.600000 0.142449
144.650000 0.115041
144.700000 0.128745
144.750000 0.176708
144.800000 0.204114
144.850000 0.231522
144.900000 0.279484
144.950000 0.306891
145.000000 0.324021
145.050000 0.334298
145.100000 0.324021
145.150000 0.289761
145.200000 0.276059
145.250000 0.265780
145.300000 0.228095
145.350000 0.197262
145.400000 0.180133
145.450000 0.152727
145.500000 0.135597
145.550000 0.159578
145.600000 0.173281
145.650000 0.159578
145.700000 0.166429
145.750000 0.207541
145.800000 0.228095
145.850000 0.245226
145.900000 0.269207
145.950000 0.272632
146.000000 0.262354
146.050000 0.286336
146.100000 0.327446
146.150000 0.351427
146.200000 0.378835
146.250000 0.389113
146.300000 0.371983
146.350000 0.354854
146.400000 0.330873
146.450000 0.269207
146.500000 0.224670
146.550000 0.204114
146.600000 0.135596
146.650000 0.046523
146.700000 0.025968
146.750000 0.032820
146.800000 -0.011717
146.850000 -0.049401
146.900000 -0.032272
146.950000 0.001987
147.000000 0.036246
147.050000 0.087634
147.100000 0.139023
147.150000 0.190411
147.200000 0.248651
147.250000 0.310317
147.300000 0.348002
147.350000 0.371983
147.400000 0.413094
147.450000 0.437075
147.500000 0.440501
147.550000 0.457630
147.600000 0.474760
147.650000 0.478186
147.700000 0.443926
147.750000 0.375409
147.800000 0.293188
147.850000 0.200689
147.900000 0.091060
147.950000 -0.035698
148.000000 -0.155603
148.050000 -0.275510
148.100000 -0.385138
148.150000 -0.439953
148.200000 -0.439952
148.250000 -0.415971
148.300000 -0.368009
148.350000 -0.268658
148.400000 -0.141901
148.450000 -0.008291
148.500000 0.125319
148.550000 0.255503
148.600000 0.389112
148.650000 0.505593
148.700000 0.563833
148.750000 0.570685
148.800000 0.577537
148.850000 0.577537
148.900000 0.536426
148.950000 0.478186
149.000000 0.423371
149.050000 0.344576
149.100000 0.258929
149.150000 0.207541
149.200000 0.180133
149.250000 0.156153
149.300000 0.156153
149.350000 0.190411
149.400000 0.231522
149.450000 0.289762
149.500000 0.351427
149.550000 0.375409
149.600000 0.371983
149.650000 0.382261
149.700000 0.378835
149.750000 0.361706
149.800000 0.348002
149.850000 0.317169
149.900000 0.265781
149.950000 0.234947
150.000000 0.238373
150.050000 0.228096
150.100000 0.207541
150.150000 0.190411
150.200000 0.190411
150.250000 0.204115
150.300000 0.210967
150.350000 0.207541
150.400000 0.221244
150.450000 0.255502
150.500000 0.265780
150.550000 0.258928
150.600000 0.272632
150.650000 0.293188
150.700000 0.306892
150.750000 0.334298
150.800000 0.382261
150.850000 0.406242
150.900000 0.402816
150.950000 0.402816
151.000000 0.406242
151.050000 0.378835
151.100000 0.337725
151.150000 0.310317
151.200000 0.276058
151.250000 0.193837
151.300000 0.108190
151.350000 0.063653
151.400000 0.046523
151.450000 0.008839
151.500000 -0.015142
151.550000 0.015691
151.600000 0.053375
151.650000 0.070504
151.700000 0.115041
151.750000 0.193837
151.800000 0.252077
151.850000 0.279484
151.900000 0.296614
151.950000 0.310317
152.000000 0.303465
152.050000 0.269206
152.100000 0.200689
152.150000 0.142449
152.200000 0.111615
152.250000 0.070505
152.300000 0.015690
152.350000 -0.004865
152.400000 0.005413
152.450000 0.022543
152.500000 0.039672
152.550000 0.060228
152.600000 0.087635
152.650000 0.125319
152.700000 0.128744
152.750000 0.080782
152.800000 0.019116
152.850000 -0.028846
152.900000 -0.093938
152.950000 -0.176160
153.000000 -0.227548
153.050000 -0.244677
153.100000 -0.251529
153.150000 -0.224122
153.200000 -0.176159
153.250000 -0.138474
153.300000 -0.083660
153.350000 0.005413
153.400000 0.101338
153.450000 0.156152
153.500000 0.186985
153.550000 0.200689
153.600000 0.186985
153.650000 0.152726
153.700000 0.087635
153.750000 -0.008290
153.800000 -0.097364
153.850000 -0.148752
153.900000 -0.176159
153.950000 -0.210418
154.000000 -0.230973
154.050000 -0.206992
154.100000 -0.159030
154.150000 -0.080234
154.200000 0.005413
154.250000 0.077356
154.300000 0.142449
154.350000 0.210966
154.400000 0.255503
154.450000 0.262355
154.500000 0.255502
154.550000 0.248651
154.600000 0.217818
154.650000 0.193837
154.700000 0.180133
154.750000 0.173281
154.800000 0.193837
154.850000 0.252077
154.900000 0.324020
154.950000 0.365131
155.000000 0.406242
155.050000 0.450779
155.100000 0.461056
155.150000 0.433649
155.200000 0.382261
155.250000 0.324020
155.300000 0.265780
155.350000 0.207541
155.400000 0.139023
155.450000 0.073930
155.500000 0.039672
155.550000 0.032820
155.600000 0.043098
155.650000 0.073931
155.700000 0.125319
155.750000 0.193836
155.800000 0.279484
155.850000 0.365132
155.900000 0.413094
155.950000 0.413094
156.000000 0.399390
156.050000 0.358280
156.100000 0.265781
156.150000 0.149300
156.200000 0.049950
156.250000 -0.042549
156.300000 -0.131623
156.350000 -0.183011
156.400000 -0.196714
156.450000 -0.193289
156.500000 -0.165882
156.550000 -0.090512
156.600000 0.012265
156.650000 0.111615
156.700000 0.190411
156.750000 0.262355
156.800000 0.320595
156.850000 0.371984
156.900000 0.371983
156.950000 0.324020
157.000000 0.279484
157.050000 0.245225
157.100000 0.193837
157.150000 0.142448
157.200000 0.111616
157.250000 0.084208
157.300000 0.060227
157.350000 0.097912
157.400000 0.169856
157.450000 0.224670
157.500000 0.265780
157.550000 0.324020
157.600000 0.351428
157.650000 0.324021
157.700000 0.306891
157.750000 0.313743
157.800000 0.296613
157.850000 0.234948
157.900000 0.159578
157.950000 0.084208
158.000000 0.008839
158.050000 -0.066530
158.100000 -0.152178
158.150000 -0.244677
158.200000 -0.320047
158.250000 -0.385139
158.300000 -0.446804
158.350000 -0.487916
158.400000 -0.491341
158.450000 -0.481064
158.500000 -0.477637
158.550000 -0.467360
158.600000 -0.402268
158.650000 -0.302918
158.700000 -0.200141
158.750000 -0.100790
158.800000 -0.018568
158.850000 0.029394
158.900000 0.049950
158.950000 0.084208
159.000000 0.094486
159.050000 0.067079
159.100000 0.015691
159.150000 -0.025420
159.200000 -0.073383
159.250000 -0.114493
159.300000 -0.135048
159.350000 -0.148752
159.400000 -0.131623
159.450000 -0.097363
159.500000 -0.052827
159.550000 0.008839
159.600000 0.101338
159.650000 0.166429
159.700000 0.193837
159.750000 0.231521
159.800000 0.286336
159.850000 0.313743
159.900000 0.300039
159.950000 0.248651
160.000000 0.190411
160.050000 0.142449
160.100000 0.104764
160.150000 0.053376
160.200000 0.008839
160.250000 0.012264
160.300000 0.063653
160.350000 0.101338
160.400000 0.139022
160.450000 0.214392
160.500000 0.310317
160.550000 0.378835
160.600000 0.416520
160.650000 0.430224
160.700000 0.433649
160.750000 0.430223
160.800000 0.419946
160.850000 0.395964
160.900000 0.385686
160.950000 0.382261
161.000000 0.378835
161.050000 0.392539
161.100000 0.430223
161.150000 0.488463
161.200000 0.553555
161.250000 0.580963
161.300000 0.574111
161.350000 0.556981
161.400000 0.533000
161.450000 0.457630
161.500000 0.348002
161.550000 0.262355
161.600000 0.217818
161.650000 0.159577
161.700000 0.097912
161.750000 0.087635
161.800000 0.101338
161.850000 0.091060
161.900000 0.070504
161.950000 0.070505
162.000000 0.060228
162.050000 0.029394
162.100000 -0.018568
162.150000 -0.080235
162.200000 -0.145326
162.250000 -0.179585
162.300000 -0.196715
162.350000 -0.220696
162.400000 -0.213844
162.450000 -0.169308
162.500000 -0.141900
162.550000 -0.121345
162.600000 -0.059679
162.650000 0.012265
162.700000 0.032820
162.750000 0.019116
162.800000 0.001987
162.850000 -0.032272
162.900000 -0.090512
162.950000 -0.138474
163.000000 -0.169307
163.050000 -0.200140
163.100000 -0.193289
163.150000 -0.135048
163.200000 -0.063105
163.250000 -0.008291
163.300000 0.039672
163.350000 0.070505
163.400000 0.080783
163.450000 0.073930
163.500000 0.046524
163.550000 -0.018568
163.600000 -0.093937
163.650000 -0.169307
163.700000 -0.251529
163.750000 -0.316620
163.800000 -0.347454
163.850000 -0.361158
163.900000 -0.354305
163.950000 -0.306343
164.000000 -0.241251
164.050000 -0.172733
164.100000 -0.104215
164.150000 -0.032272
164.200000 0.012265
164.250000 0.032820
164.300000 0.046523
164.350000 0.056801
164.400000 0.077356
164.450000 0.087634
164.500000 0.087635
164.550000 0.104764
164.600000 0.145874
164.650000 0.176708
164.700000 0.210966
164.750000 0.262355
164.800000 0.313743
164.850000 0.341150
164.900000 0.365131
164.950000 0.378835
165.000000 0.354854
165.050000 0.300039
165.100000 0.214392
165.150000 0.104763
165.200000 0.001987
165.250000 -0.087086
165.300000 -0.203566
165.350000 -0.323472
165.400000 -0.395416
165.450000 -0.443379
165.500000 -0.505044
165.550000 -0.542729
165.600000 -0.522174
165.650000 -0.470786
165.700000 -0.402268
165.750000 -0.337176
165.800000 -0.265233
165.850000 -0.169307
165.900000 -0.059679
165.950000 0.039672
166.000000 0.125319
166.050000 0.207540
166.100000 0.279484
166.150000 0.334298
166.200000 0.378835
166.250000 0.409668
166.300000 0.413094
166.350000 0.389113
166.400000 0.365131
166.450000 0.344576
166.500000 0.324021
166.550000 0.293187
166.600000 0.231522
166.650000 0.159578
166.700000 0.121893
166.750000 0.097911
166.800000 0.049950
166.850000 0.001987
166.900000 -0.018569
166.950000 -0.039124
167.000000 -0.076808
167.050000 -0.104216
167.100000 -0.114493
167.150000 -0.131623
167.200000 -0.145326
167.250000 -0.131623
167.300000 -0.114494
167.350000 -0.104216
167.400000 -0.066530
167.450000 0.005413
167.500000 0.077357
167.550000 0.135597
167.600000 0.183560
167.650000 0.207541
167.700000 0.217818
167.750000 0.204114
167.800000 0.156152
167.850000 0.070504
167.900000 -0.008291
167.950000 -0.049401
168.000000 -0.076809
168.050000 -0.083660
168.100000 -0.056253
168.150000 -0.018568
168.200000 0.036246
168.250000 0.121893
168.300000 0.245225
168.350000 0.351428
168.400000 0.416519
168.450000 0.447353
168.500000 0.457631
168.550000 0.450779
168.600000 0.419946
168.650000 0.337725
168.700000 0.241799
168.750000 0.173281
168.800000 0.121893
168.850000 0.077357
168.900000 0.056801
168.950000 0.039671
169.000000 0.005413
169.050000 -0.015143
169.100000 -0.008291
169.150000 -0.008291
169.200000 -0.001438
169.250000 0.019116
169.300000 0.032820
169.350000 0.046524
169.400000 0.111615
169.450000 0.186985
169.500000 0.231522
169.550000 0.282910
169.600000 0.382261
169.650000 0.467908
169.700000 0.526148
169.750000 0.584388
169.800000 0.618647
169.850000 0.604944
169.900000 0.580962
169.950000 0.560407
170.000000 0.526148
170.050000 0.478185
170.100000 0.430223
170.150000 0.375409
170.200000 0.303466
170.250000 0.248651
170.300000 0.210966
170.350000 0.186985
170.400000 0.190411
170.450000 0.183559
170.500000 0.145875
170.550000 0.125319
170.600000 0.135596
170.650000 0.145875
170.700000 0.152727
170.750000 0.190411
170.800000 0.207541
170.850000 0.197263
170.900000 0.183559
170.950000 0.176707
171.000000 0.149300
171.050000 0.115041
171.100000 0.070504
171.150000 0.001987
171.200000 -0.083660
171.250000 -0.131623
171.300000 -0.179585
171.350000 -0.248103
171.400000 -0.285788
171.450000 -0.285788
171.500000 -0.292640
171.550000 -0.282362
171.600000 -0.227548
171.650000 -0.169307
171.700000 -0.107642
171.750000 -0.018568
171.800000 0.067079
171.850000 0.128745
171.900000 0.204115
171.950000 0.276058
172.000000 0.300040
172.050000 0.317169
172.100000 0.351428
172.150000 0.334299
172.200000 0.279485
172.250000 0.248651
172.300000 0.241799
172.350000 0.214392
172.400000 0.176707
172.450000 0.159578
172.500000 0.139023
172.550000 0.101338
172.600000 0.070505
172.650000 0.049950
172.700000 0.022543
172.750000 -0.004865
172.800000 -0.021994
172.850000 -0.042550
172.900000 -0.066530
172.950000 -0.093938
173.000000 -0.124771
173.050000 -0.141901
173.100000 -0.145326
173.150000 -0.152178
173.200000 -0.162456
173.250000 -0.159030
173.300000 -0.131623
173.350000 -0.093938
173.400000 -0.045976
173.450000 -0.001439
173.500000 0.053375
173.550000 0.115042
173.600000 0.180133
173.650000 0.238373
173.700000 0.286336
173.750000 0.313743
173.800000 0.303466
173.850000 0.282910
173.900000 0.269206
173.950000 0.241799
174.000000 0.169856
174.050000 0.094486
174.100000 0.029394
174.150000 -0.039123
174.200000 -0.090512
174.250000 -0.100790
174.300000 -0.073383
174.350000 -0.039124
174.400000 0.019117
174.450000 0.101338
174.500000 0.173281
174.550000 0.228096
174.600000 0.286336
174.650000 0.313743
174.700000 0.282910
174.750000 0.252077
174.800000 0.231522
174.850000 0.180133
174.900000 0.128745
174.950000 0.087634
175.000000 0.043098
175.050000 -0.004865
175.100000 -0.011717
175.150000 -0.008291
175.200000 -0.021994
175.250000 -0.021995
175.300000 -0.011716
175.350000 -0.042549
175.400000 -0.090512
175.450000 -0.121345
175.500000 -0.189863
175.550000 -0.306343
175.600000 -0.381712
175.650000 -0.422823
175.700000 -0.467360
175.750000 -0.474212
175.800000 -0.439953
175.850000 -0.412545
175.900000 -0.388564
175.950000 -0.309769
176.000000 -0.203566
176.050000 -0.121345
176.100000 -0.018568
176.150000 0.077357
176.200000 0.132170
176.250000 0.159578
176.300000 0.197263
176.350000 0.186985
176.400000 0.128745
176.450000 0.087634
176.500000 0.060227
176.550000 0.001987
176.600000 -0.080234
176.650000 -0.152178
176.700000 -0.217270
176.750000 -0.265232
176.800000 -0.272084
176.850000 -0.285788
176.900000 -0.302917
176.950000 -0.272084
177.000000 -0.196715
177.050000 -0.155604
177.100000 -0.138474
177.150000 -0.069957
177.200000 0.019117
177.250000 0.080782
177.300000 0.139022
177.350000 0.217818
177.400000 0.286336
177.450000 0.337724
177.500000 0.375409
177.550000 0.378835
177.600000 0.358280
177.650000 0.344576
177.700000 0.327447
177.750000 0.286336
177.800000 0.231522
177.850000 0.176707
177.900000 0.104764
177.950000 0.015690
178.000000 -0.066531
178.050000 -0.124771
178.100000 -0.162456
178.150000 -0.200140
178.200000 -0.241251
178.250000 -0.268659
178.300000 -0.265232
178.350000 -0.261806
178.400000 -0.265232
178.450000 -0.227547
178.500000 -0.159029
178.550000 -0.124771
178.600000 -0.111067
178.650000 -0.073382
178.700000 -0.032272
178.750000 -0.008291
178.800000 0.025969
178.850000 0.067079
178.900000 0.060227
178.950000 0.005413
179.000000 -0.021994
179.050000 -0.025420
179.100000 -0.042549
179.150000 -0.052827
179.200000 -0.032272
179.250000 0.005412
179.300000 0.049949
179.350000 0.097912
179.400000 0.156152
179.450000 0.224670
179.500000 0.289762
179.550000 0.327447
179.600000 0.334299
179.650000 0.354854
179.700000 0.344576
179.750000 0.286336
179.800000 0.228096
179.850000 0.193837
179.900000 0.145875
179.950000 0.080783
180.000000 0.036246
180.050000 0.001987
180.100000 -0.015143
180.150000 0.001987
180.200000 0.039672
180.250000 0.063653
180.300000 0.091060
180.350000 0.152726
180.400000 0.214392
180.450000 0.245225
180.500000 0.252077
180.550000 0.248651
180.600000 0.231521
180.650000 0.204115
180.700000 0.186985
180.750000 0.166429
180.800000 0.135597
180.850000 0.121893
180.900000 0.111616
180.950000 0.101338
181.000000 0.101338
181.050000 0.132171
181.100000 0.173282
181.150000 0.207541
181.200000 0.245225
181.250000 0.265780
181.300000 0.241799
181.350000 0.224670
181.400000 0.221244
181.450000 0.197262
181.500000 0.156152
181.550000 0.135597
181.600000 0.121893
181.650000 0.070505
181.700000 0.029394
181.750000 0.019117
181.800000 -0.001438
181.850000 -0.039123
181.900000 -0.066530
181.950000 -0.090512
182.000000 -0.121345
182.050000 -0.159030
182.100000 -0.203567
182.150000 -0.254954
182.200000 -0.285787
182.250000 -0.296066
182.300000 -0.282362
182.350000 -0.244677
182.400000 -0.203566
182.450000 -0.176159
182.500000 -0.152178
182.550000 -0.135049
182.600000 -0.131623
182.650000 -0.131622
182.700000 -0.131623
182.750000 -0.162456
182.800000 -0.217270
182.850000 -0.254954
182.900000 -0.289213
182.950000 -0.320047
183.000000 -0.337176
183.050000 -0.323473
183.100000 -0.285788
183.150000 -0.224122
183.200000 -0.141900
183.250000 -0.052827
183.300000 0.029395
183.350000 0.101338
183.400000 0.152727
183.450000 0.200689
183.500000 0.238374
183.550000 0.248651
183.600000 0.228096
183.650000 0.193837
183.700000 0.152726
183.750000 0.104764
183.800000 0.091060
183.850000 0.101338
183.900000 0.115041
183.950000 0.156152
184.000000 0.224670
184.050000 0.282910
184.100000 0.330872
184.150000 0.395965
184.200000 0.461056
184.250000 0.509019
184.300000 0.543277
184.350000 0.543278
184.400000 0.495315
184.450000 0.423372
184.500000 0.358280
184.550000 0.310317
184.600000 0.272632
184.650000 0.238374
184.700000 0.180133
184.750000 0.128745
184.800000 0.115042
184.850000 0.108189
184.900000 0.094486
184.950000 0.073930
185.000000 0.032820
185.050000 -0.025420
185.100000 -0.059679
185.150000 -0.080235
185.200000 -0.135049
185.250000 -0.196714
185.300000 -0.227547
185.350000 -0.227548
185.400000 -0.193289
185.450000 -0.111067
185.500000 -0.021994
185.550000 0.049950
185.600000 0.139023
185.650000 0.272632
185.700000 0.395964
185.750000 0.478186
185.800000 0.519297
185.850000 0.539852
185.900000 0.567259
185.950000 0.591240
186.000000 0.563833
186.050000 0.512445
186.100000 0.488464
186.150000 0.457631
186.200000 0.409668
186.250000 0.378835
186.300000 0.351427
186.350000 0.293187
186.400000 0.248651
186.450000 0.234948
186.500000 0.204115
186.550000 0.152726
186.600000 0.118468
186.650000 0.115042
186.700000 0.108190
186.750000 0.115042
186.800000 0.142448
186.850000 0.180134
186.900000 0.207540
186.950000 0.252077
187.000000 0.300040
187.050000 0.351428
187.100000 0.375409
187.150000 0.378834
187.200000 0.371984
187.250000 0.351428
187.300000 0.310317
187.350000 0.269206
187.400000 0.248651
187.450000 0.255503
187.500000 0.282910
187.550000 0.320595
187.600000 0.371983
187.650000 0.430223
187.700000 0.471334
187.750000 0.488464
187.800000 0.488464
187.850000 0.464482
187.900000 0.395965
187.950000 0.296614
188.000000 0.207541
188.050000 0.115041
188.100000 0.012264
188.150000 -0.093938
188.200000 -0.169308
188.250000 -0.200140
188.300000 -0.189863
188.350000 -0.162456
188.400000 -0.117920
188.450000 -0.045976
188.500000 0.060227
188.550000 0.152726
188.600000 0.221244
188.650000 0.282910
188.700000 0.344576
188.750000 0.399390
188.800000 0.426798
188.850000 0.443927
188.900000 0.454204
