time[ns] Raw_signal[mV]
-11.100000 -0.054403
-11.050000 -0.078384
-11.000000 -0.109218
-10.950000 -0.126347
-10.900000 -0.133199
-10.850000 -0.140050
-10.800000 -0.105791
-10.750000 -0.009866
-10.700000 0.075781
-10.650000 0.134020
-10.600000 0.212816
-10.550000 0.329296
-10.500000 0.432074
-10.450000 0.466333
-10.400000 0.476610
-10.350000 0.507443
-10.300000 0.514294
-10.250000 0.456055
-10.200000 0.360129
-10.150000 0.281334
-10.100000 0.209390
-10.050000 0.140872
-10.000000 0.086058
-9.950000 0.038096
-9.900000 0.000411
-9.850000 -0.023570
-9.800000 -0.044126
-9.750000 -0.057829
-9.700000 -0.081811
-9.650000 -0.116070
-9.600000 -0.153755
-9.550000 -0.181161
-9.500000 -0.194864
-9.450000 -0.198291
-9.400000 -0.194864
-9.350000 -0.188013
-9.300000 -0.170883
-9.250000 -0.136625
-9.200000 -0.081810
-9.150000 -0.023570
-9.100000 0.020966
-9.050000 0.034670
-9.000000 0.003837
-8.950000 -0.037274
-8.900000 -0.095513
-8.850000 -0.198290
-8.800000 -0.307919
-8.750000 -0.403844
-8.700000 -0.510047
-8.650000 -0.623100
-8.600000 -0.657359
-8.550000 -0.609397
-8.500000 -0.530602
-8.450000 -0.420974
-8.400000 -0.256531
-8.350000 -0.064681
-8.300000 0.123743
-8.250000 0.295038
-8.200000 0.414943
-8.150000 0.476610
-8.100000 0.514295
-8.050000 0.500591
-8.000000 0.390963
-7.950000 0.253927
-7.900000 0.140872
-7.850000 0.014115
-7.800000 -0.119496
-7.750000 -0.194864
-7.700000 -0.215420
-7.650000 -0.246253
-7.600000 -0.242827
-7.550000 -0.198291
-7.500000 -0.146902
-7.450000 -0.105792
-7.400000 -0.050978
-7.350000 -0.016718
-7.300000 -0.026996
-7.250000 -0.026996
-7.200000 0.003837
-7.150000 0.027818
-7.100000 0.041522
-7.050000 0.065503
-7.000000 0.099762
-6.950000 0.134020
-6.900000 0.168280
-6.850000 0.188835
-6.800000 0.188835
-6.750000 0.178557
-6.700000 0.130595
-6.650000 0.068929
-6.600000 0.024392
-6.550000 -0.013293
-6.500000 -0.098940
-6.450000 -0.170883
-6.400000 -0.174309
-6.350000 -0.164032
-6.300000 -0.184587
-6.250000 -0.160606
-6.200000 -0.085236
-6.150000 -0.040699
-6.100000 -0.037273
-6.050000 -0.020145
-6.000000 0.003837
-5.950000 0.007263
-5.900000 0.010689
-5.850000 0.017541
-5.800000 0.014114
-5.750000 -0.006441
-5.700000 -0.023570
-5.650000 -0.033848
-5.600000 -0.037274
-5.550000 -0.050977
-5.500000 -0.098940
-5.450000 -0.150328
-5.400000 -0.170884
-5.350000 -0.174309
-5.300000 -0.184587
-5.250000 -0.181162
-5.200000 -0.164032
-5.150000 -0.157180
-5.100000 -0.170884
-5.050000 -0.181162
-5.000000 -0.198291
-4.950000 -0.218846
-4.900000 -0.232550
-4.850000 -0.242827
-4.800000 -0.256531
-4.750000 -0.263382
-4.700000 -0.253105
-4.650000 -0.198291
-4.600000 -0.119495
-4.550000 -0.040700
-4.500000 0.048374
-4.450000 0.175131
-4.400000 0.329296
-4.350000 0.462906
-4.300000 0.562257
-4.250000 0.644478
-4.200000 0.668459
-4.150000 0.634201
-4.100000 0.599942
-4.050000 0.548553
-4.000000 0.442351
-3.950000 0.319019
-3.900000 0.212817
-3.850000 0.092910
-3.800000 -0.023570
-3.750000 -0.071532
-3.700000 -0.078384
-3.650000 -0.085236
-3.600000 -0.064681
-3.550000 0.014115
-3.500000 0.110040
-3.450000 0.192261
-3.400000 0.264204
-3.350000 0.349852
-3.300000 0.449203
-3.250000 0.469758
-3.200000 0.373833
-3.150000 0.319019
-3.100000 0.373833
-3.050000 0.339574
-3.000000 0.188835
-2.950000 0.151150
-2.900000 0.223094
-2.850000 0.181983
-2.800000 0.086059
-2.750000 0.065503
-2.700000 0.003837
-2.650000 -0.037274
-2.600000 0.120317
-2.550000 0.233372
-2.500000 0.103188
-2.450000 0.055225
-2.400000 0.223094
-2.350000 0.236797
-2.300000 0.099762
-2.250000 0.175132
-2.200000 0.298464
-2.150000 0.171706
-2.100000 0.106614
-2.050000 0.284760
-2.000000 0.308741
-1.950000 0.096336
-1.900000 -0.023570
-1.850000 0.000411
-1.800000 0.014115
-1.750000 0.038096
-1.700000 0.010689
-1.650000 -0.157180
-1.600000 -0.235975
-1.550000 -0.160606
-1.500000 -0.205142
-1.450000 -0.325049
-1.400000 -0.215420
-1.350000 -0.026996
-1.300000 0.003837
-1.250000 0.017541
-1.200000 0.062077
-1.150000 0.003837
-1.100000 0.010688
-1.050000 0.168279
-1.000000 0.096336
-0.950000 -0.246253
-0.900000 -0.345604
-0.850000 -0.215420
-0.800000 -0.277086
-0.750000 -0.396992
-0.700000 -0.301067
-0.650000 -0.218846
-0.600000 -0.290789
-0.550000 -0.249679
-0.500000 -0.095514
-0.450000 -0.057829
-0.400000 -0.050977
-0.350000 0.062077
-0.300000 0.161428
-0.250000 0.168279
-0.200000 0.161428
-0.150000 0.154576
-0.100000 0.123743
-0.050000 0.089484
0.000000 0.048374
0.050000 0.027818
0.100000 0.058651
0.150000 0.031244
0.200000 -0.061255
0.250000 -0.033848
0.300000 0.096336
0.350000 0.086058
0.400000 -0.020144
0.450000 0.055225
0.500000 0.243649
0.550000 0.305315
0.600000 0.315593
0.650000 0.408092
0.700000 0.442351
0.750000 0.380685
0.800000 0.380685
0.850000 0.449203
0.900000 0.500591
0.950000 0.599942
1.000000 0.826050
1.050000 1.144659
1.100000 1.569469
1.150000 2.210111
1.200000 3.117971
1.250000 4.251941
1.300000 5.584612
1.350000 7.139966
1.400000 8.890594
1.450000 10.685759
1.500000 12.385008
1.550000 14.026001
1.600000 15.636174
1.650000 17.068199
1.700000 18.178182
1.750000 19.048364
1.800000 19.757522
1.850000 20.189182
1.900000 20.357046
1.950000 20.446128
2.000000 20.514639
2.050000 20.466680
2.100000 20.319369
2.150000 20.165199
2.200000 20.052149
2.250000 19.904830
2.300000 19.634185
2.350000 19.209374
2.400000 18.712627
2.450000 18.157629
2.500000 17.479302
2.550000 16.681073
2.600000 15.821168
2.650000 14.872198
2.700000 13.834153
2.750000 12.850924
2.800000 11.967041
2.850000 11.062614
2.900000 10.168449
2.950000 9.442164
3.000000 8.876892
3.050000 8.363009
3.100000 7.955328
3.150000 7.722367
3.200000 7.602461
3.250000 7.516814
3.300000 7.509962
3.350000 7.595609
3.400000 7.701812
3.450000 7.801162
3.500000 7.927921
3.550000 8.082085
3.600000 8.232828
3.650000 8.352731
3.700000 8.472637
3.750000 8.606245
3.800000 8.743285
3.850000 8.870042
3.900000 8.969395
3.950000 9.020781
4.000000 9.034486
4.050000 9.024208
4.100000 8.948833
4.150000 8.784389
4.200000 8.551433
4.250000 8.287640
4.300000 7.982735
4.350000 7.605887
4.400000 7.174225
4.450000 6.722008
4.500000 6.324604
4.550000 5.982015
4.600000 5.622297
4.650000 5.255727
4.700000 4.947396
4.750000 4.711010
4.800000 4.498605
4.850000 4.306754
4.900000 4.156015
4.950000 4.036110
5.000000 3.953888
5.050000 3.905926
5.100000 3.851112
5.150000 3.803149
5.200000 3.823705
5.250000 3.899074
5.300000 3.964166
5.350000 4.025832
5.400000 4.118331
5.450000 4.221108
5.500000 4.306755
5.550000 4.406106
5.600000 4.512308
5.650000 4.608233
5.700000 4.687029
5.750000 4.731565
5.800000 4.707584
5.850000 4.680176
5.900000 4.673325
5.950000 4.628789
6.000000 4.543141
6.050000 4.478050
6.100000 4.423236
6.150000 4.327310
6.200000 4.217682
6.250000 4.070369
6.300000 3.857963
6.350000 3.635281
6.400000 3.453708
6.450000 3.289265
6.500000 3.114545
6.550000 2.929547
6.600000 2.751401
6.650000 2.583533
6.700000 2.443070
6.750000 2.326591
6.800000 2.247795
6.850000 2.210110
6.900000 2.165573
6.950000 2.097056
7.000000 2.059371
7.050000 2.066223
7.100000 2.090204
7.150000 2.131315
7.200000 2.203258
7.250000 2.295758
7.300000 2.405386
7.350000 2.528718
7.400000 2.652050
7.450000 2.768530
7.500000 2.861029
7.550000 2.905565
7.600000 2.929547
7.650000 2.953529
7.700000 2.939825
7.750000 2.850752
7.800000 2.730845
7.850000 2.586958
7.900000 2.405385
7.950000 2.223813
8.000000 2.083352
8.050000 1.942890
8.100000 1.795578
8.150000 1.709930
8.200000 1.655116
8.250000 1.600302
8.300000 1.579747
8.350000 1.610579
8.400000 1.644838
8.450000 1.661968
8.500000 1.685949
8.550000 1.692801
8.600000 1.651690
8.650000 1.590024
8.700000 1.538636
8.750000 1.480396
8.800000 1.422155
8.850000 1.387896
8.900000 1.381044
8.950000 1.411877
9.000000 1.459841
9.050000 1.531784
9.100000 1.644839
9.150000 1.809281
9.200000 1.973724
9.250000 2.107333
9.300000 2.216962
9.350000 2.278627
9.400000 2.268350
9.450000 2.216962
9.500000 2.124463
9.550000 1.973723
9.600000 1.802430
9.650000 1.651690
9.700000 1.480396
9.750000 1.315953
9.800000 1.192621
9.850000 1.086418
9.900000 1.017900
9.950000 1.031603
10.000000 1.065863
10.050000 1.065863
10.100000 1.110400
10.150000 1.189195
10.200000 1.199472
10.250000 1.182343
10.300000 1.223453
10.350000 1.247435
10.400000 1.199473
10.450000 1.178917
10.500000 1.185769
10.550000 1.137806
10.600000 1.096696
10.650000 1.100122
10.700000 1.079567
10.750000 1.041882
10.800000 1.065863
10.850000 1.120677
10.900000 1.148085
10.950000 1.192621
11.000000 1.250861
11.050000 1.278268
11.100000 1.281694
11.150000 1.305676
11.200000 1.312527
11.250000 1.291971
11.300000 1.271416
11.350000 1.230306
11.400000 1.141233
11.450000 1.038455
11.500000 0.949382
11.550000 0.860309
11.600000 0.764385
11.650000 0.671886
11.700000 0.613646
11.750000 0.596516
11.800000 0.617071
11.850000 0.647904
11.900000 0.702719
11.950000 0.771237
12.000000 0.836328
12.050000 0.918550
12.100000 1.011048
12.150000 1.062437
12.200000 1.045307
12.250000 1.011049
12.300000 0.973364
12.350000 0.887716
12.400000 0.774662
12.450000 0.689015
12.500000 0.613645
12.550000 0.524572
12.600000 0.483461
12.650000 0.490313
12.700000 0.514295
12.750000 0.555405
12.800000 0.644478
12.850000 0.764384
12.900000 0.843180
12.950000 0.891142
13.000000 0.959661
13.050000 1.017900
13.100000 1.004197
13.150000 0.939105
13.200000 0.891142
13.250000 0.843180
13.300000 0.743829
13.350000 0.593090
13.400000 0.476610
13.450000 0.390962
13.500000 0.315593
13.550000 0.284759
13.600000 0.288186
13.650000 0.288185
13.700000 0.329296
13.750000 0.438925
13.800000 0.558831
13.850000 0.654756
13.900000 0.778088
13.950000 0.908272
14.000000 0.969938
14.050000 0.993920
14.100000 1.007622
14.150000 0.980216
14.200000 0.908272
14.250000 0.826050
14.300000 0.733551
14.350000 0.634200
14.400000 0.579387
14.450000 0.558831
14.500000 0.548554
14.550000 0.579386
14.600000 0.675311
14.650000 0.798644
14.700000 0.901420
14.750000 0.973364
14.800000 1.028178
14.850000 1.065863
14.900000 1.065863
14.950000 1.011049
15.000000 0.911698
15.050000 0.819199
15.100000 0.730125
15.150000 0.610220
15.200000 0.469758
15.250000 0.346426
15.300000 0.240223
15.350000 0.158002
15.400000 0.137446
15.450000 0.130595
15.500000 0.092910
15.550000 0.079206
15.600000 0.127169
15.650000 0.168279
15.700000 0.205965
15.750000 0.267630
15.800000 0.322445
15.850000 0.329297
15.900000 0.356704
15.950000 0.425221
16.000000 0.449202
16.050000 0.435499
16.100000 0.435500
16.150000 0.421796
16.200000 0.373833
16.250000 0.346425
16.300000 0.339574
16.350000 0.329297
16.400000 0.315593
16.450000 0.336148
16.500000 0.360130
16.550000 0.394389
16.600000 0.442351
16.650000 0.486888
16.700000 0.534850
16.750000 0.589664
16.800000 0.641053
16.850000 0.665033
16.900000 0.658181
16.950000 0.647904
17.000000 0.613645
17.050000 0.551979
17.100000 0.476610
17.150000 0.401240
17.200000 0.332723
17.250000 0.274482
17.300000 0.240223
17.350000 0.240223
17.400000 0.271057
17.450000 0.325871
17.500000 0.380685
17.550000 0.438925
17.600000 0.504017
17.650000 0.545128
17.700000 0.548553
17.750000 0.534850
17.800000 0.514295
17.850000 0.483461
17.900000 0.435499
17.950000 0.377259
18.000000 0.329297
18.050000 0.277908
18.100000 0.240223
18.150000 0.219668
18.200000 0.219668
18.250000 0.233372
18.300000 0.264205
18.350000 0.291612
18.400000 0.329296
18.450000 0.373833
18.500000 0.404666
18.550000 0.411518
18.600000 0.425222
18.650000 0.469758
18.700000 0.473184
18.750000 0.425222
18.800000 0.404666
18.850000 0.411518
18.900000 0.380684
18.950000 0.329297
19.000000 0.295038
19.050000 0.264205
19.100000 0.216243
19.150000 0.178558
19.200000 0.151150
19.250000 0.130595
19.300000 0.134021
19.350000 0.168279
19.400000 0.205964
19.450000 0.229946
19.500000 0.257353
19.550000 0.291611
19.600000 0.319019
19.650000 0.346426
19.700000 0.353278
19.750000 0.336148
19.800000 0.315593
19.850000 0.305315
19.900000 0.288186
19.950000 0.250501
20.000000 0.192261
20.050000 0.140872
20.100000 0.086058
20.150000 0.034670
20.200000 -0.016718
20.250000 -0.047552
20.300000 -0.078384
20.350000 -0.105792
20.400000 -0.116069
20.450000 -0.122921
20.500000 -0.122921
20.550000 -0.105791
20.600000 -0.074959
20.650000 -0.057829
20.700000 -0.033848
20.750000 0.003837
20.800000 0.034669
20.850000 0.051799
20.900000 0.086059
20.950000 0.123743
21.000000 0.154576
21.050000 0.188835
21.100000 0.223094
21.150000 0.253927
21.200000 0.305315
21.250000 0.349852
21.300000 0.366982
21.350000 0.397814
21.400000 0.452629
21.450000 0.500591
21.500000 0.514294
21.550000 0.521146
21.600000 0.531424
21.650000 0.541701
21.700000 0.548553
21.750000 0.555405
21.800000 0.555405
21.850000 0.527998
21.900000 0.483461
21.950000 0.414944
22.000000 0.332722
22.050000 0.253927
22.100000 0.188835
22.150000 0.106614
22.200000 0.027818
22.250000 -0.020145
22.300000 -0.040699
22.350000 -0.064681
22.400000 -0.078384
22.450000 -0.078384
22.500000 -0.074958
22.550000 -0.054403
22.600000 -0.033848
22.650000 -0.030422
22.700000 -0.037274
22.750000 -0.023571
22.800000 -0.016718
22.850000 -0.016719
22.900000 -0.006440
22.950000 0.024392
23.000000 0.072355
23.050000 0.127169
23.100000 0.171705
23.150000 0.223093
23.200000 0.291611
23.250000 0.360129
23.300000 0.373834
23.350000 0.346426
23.400000 0.301890
23.450000 0.219668
23.500000 0.113465
23.550000 0.031244
23.600000 -0.033847
23.650000 -0.109217
23.700000 -0.150328
23.750000 -0.129773
23.800000 -0.074958
23.850000 -0.016718
23.900000 0.072355
23.950000 0.205965
24.000000 0.339574
24.050000 0.421796
24.100000 0.480036
24.150000 0.538276
24.200000 0.555405
24.250000 0.493739
24.300000 0.384111
24.350000 0.264205
24.400000 0.127169
24.450000 -0.016719
24.500000 -0.136624
24.550000 -0.232550
24.600000 -0.287364
24.650000 -0.294215
24.700000 -0.253104
24.750000 -0.160606
24.800000 -0.050977
24.850000 0.065503
24.900000 0.188835
24.950000 0.312167
25.000000 0.408092
25.050000 0.466332
25.100000 0.490313
25.150000 0.462906
25.200000 0.401240
25.250000 0.332722
25.300000 0.271056
25.350000 0.205965
25.400000 0.147724
25.450000 0.106614
25.500000 0.103188
25.550000 0.130595
25.600000 0.195687
25.650000 0.288186
25.700000 0.384110
25.750000 0.459480
25.800000 0.507442
25.850000 0.555405
25.900000 0.610219
25.950000 0.634201
26.000000 0.603368
26.050000 0.551979
26.100000 0.507443
26.150000 0.459480
26.200000 0.390962
26.250000 0.325871
26.300000 0.295038
26.350000 0.295038
26.400000 0.308741
26.450000 0.332722
26.500000 0.363555
26.550000 0.428647
26.600000 0.507443
26.650000 0.579386
26.700000 0.651330
26.750000 0.733552
26.800000 0.784940
26.850000 0.764384
26.900000 0.699293
26.950000 0.620497
27.000000 0.551980
27.050000 0.490313
27.100000 0.411518
27.150000 0.308741
27.200000 0.236797
27.250000 0.216242
27.300000 0.209390
27.350000 0.216242
27.400000 0.264205
27.450000 0.305316
27.500000 0.339575
27.550000 0.377259
27.600000 0.418370
27.650000 0.438925
27.700000 0.462907
27.750000 0.486887
27.800000 0.493739
27.850000 0.473183
27.900000 0.428647
27.950000 0.373833
28.000000 0.336149
28.050000 0.322445
28.100000 0.271057
28.150000 0.192260
28.200000 0.144298
28.250000 0.120317
28.300000 0.068929
28.350000 0.010689
28.400000 -0.026997
28.450000 -0.061255
28.500000 -0.074958
28.550000 -0.078384
28.600000 -0.088662
28.650000 -0.078385
28.700000 -0.037274
28.750000 -0.016718
28.800000 0.000411
28.850000 0.062077
28.900000 0.147725
28.950000 0.216242
29.000000 0.295038
29.050000 0.373833
29.100000 0.418369
29.150000 0.466332
29.200000 0.507443
29.250000 0.500591
29.300000 0.466332
29.350000 0.459480
29.400000 0.425221
29.450000 0.322445
29.500000 0.219668
29.550000 0.168280
29.600000 0.120318
29.650000 0.048373
29.700000 -0.003015
29.750000 -0.016719
29.800000 0.003837
29.850000 0.051799
29.900000 0.120317
29.950000 0.185409
30.000000 0.264204
30.050000 0.366981
30.100000 0.469758
30.150000 0.565683
30.200000 0.654756
30.250000 0.702718
30.300000 0.702718
30.350000 0.661608
30.400000 0.589664
30.450000 0.493739
30.500000 0.384111
30.550000 0.271057
30.600000 0.178557
30.650000 0.110040
30.700000 0.051800
30.750000 0.020966
30.800000 0.044948
30.850000 0.089484
30.900000 0.140872
30.950000 0.226519
31.000000 0.322444
31.050000 0.387537
31.100000 0.425222
31.150000 0.449203
31.200000 0.442351
31.250000 0.408092
31.300000 0.353277
31.350000 0.260779
31.400000 0.151150
31.450000 0.075781
31.500000 0.014115
31.550000 -0.068107
31.600000 -0.129773
31.650000 -0.140051
31.700000 -0.150328
31.750000 -0.160606
31.800000 -0.126347
31.850000 -0.074958
31.900000 -0.030422
31.950000 0.051800
32.000000 0.140872
32.050000 0.185409
32.100000 0.205965
32.150000 0.260778
32.200000 0.301889
32.250000 0.295038
32.300000 0.277908
32.350000 0.267631
32.400000 0.243649
32.450000 0.219668
32.500000 0.205964
32.550000 0.199113
32.600000 0.192261
32.650000 0.185409
32.700000 0.181983
32.750000 0.185409
32.800000 0.192261
32.850000 0.168280
32.900000 0.120317
32.950000 0.079207
33.000000 0.058651
33.050000 0.024393
33.100000 -0.016719
33.150000 -0.040699
33.200000 -0.047552
33.250000 -0.044126
33.300000 -0.016719
33.350000 0.024392
33.400000 0.065503
33.450000 0.099762
33.500000 0.144299
33.550000 0.185409
33.600000 0.219668
33.650000 0.229946
33.700000 0.216242
33.750000 0.192261
33.800000 0.158002
33.850000 0.110039
33.900000 0.065503
33.950000 0.038096
34.000000 0.007263
34.050000 -0.023570
34.100000 -0.047551
34.150000 -0.057829
34.200000 -0.050977
34.250000 -0.020144
34.300000 0.007263
34.350000 0.020966
34.400000 0.038096
34.450000 0.055225
34.500000 0.062077
34.550000 0.092910
34.600000 0.120318
34.650000 0.113465
34.700000 0.089485
34.750000 0.075780
34.800000 0.062077
34.850000 0.055225
34.900000 0.086058
34.950000 0.113465
35.000000 0.113465
35.050000 0.096336
35.100000 0.079206
35.150000 0.072355
35.200000 0.072355
35.250000 0.065503
35.300000 0.017540
35.350000 -0.064680
35.400000 -0.150328
35.450000 -0.218846
35.500000 -0.287364
35.550000 -0.345604
35.600000 -0.379862
35.650000 -0.414122
35.700000 -0.451807
35.750000 -0.458658
35.800000 -0.420974
35.850000 -0.373011
35.900000 -0.328474
35.950000 -0.283938
36.000000 -0.229124
36.050000 -0.170884
36.100000 -0.105791
36.150000 -0.040699
36.200000 0.027818
36.250000 0.096336
36.300000 0.168279
36.350000 0.243649
36.400000 0.325871
36.450000 0.394389
36.500000 0.442351
36.550000 0.469758
36.600000 0.486888
36.650000 0.459481
36.700000 0.384110
36.750000 0.291612
36.800000 0.202539
36.850000 0.096336
36.900000 -0.037273
36.950000 -0.167458
37.000000 -0.270234
37.050000 -0.349030
37.100000 -0.393566
37.150000 -0.400418
37.200000 -0.369585
37.250000 -0.314771
37.300000 -0.235975
37.350000 -0.133198
37.400000 -0.023570
37.450000 0.072354
37.500000 0.164854
37.550000 0.223094
37.600000 0.219668
37.650000 0.188835
37.700000 0.147724
37.750000 0.075781
37.800000 -0.006441
37.850000 -0.057829
37.900000 -0.078384
37.950000 -0.102366
38.000000 -0.102366
38.050000 -0.026996
38.100000 0.089484
38.150000 0.185409
38.200000 0.284760
38.250000 0.408092
38.300000 0.510868
38.350000 0.565683
38.400000 0.572535
38.450000 0.531424
38.500000 0.459481
38.550000 0.390962
38.600000 0.315593
38.650000 0.209391
38.700000 0.099762
38.750000 0.044948
38.800000 0.010689
38.850000 -0.020144
38.900000 -0.020144
38.950000 0.000411
39.000000 0.027818
39.050000 0.062077
39.100000 0.096336
39.150000 0.086059
39.200000 0.048374
39.250000 0.007263
39.300000 -0.047551
39.350000 -0.129773
39.400000 -0.215420
39.450000 -0.290789
39.500000 -0.362734
39.550000 -0.434677
39.600000 -0.462084
39.650000 -0.455233
39.700000 -0.417547
39.750000 -0.366159
39.800000 -0.304493
39.850000 -0.232549
39.900000 -0.164032
39.950000 -0.092088
40.000000 -0.044126
40.050000 -0.009867
40.100000 0.003837
40.150000 0.014115
40.200000 0.003837
40.250000 -0.009866
40.300000 -0.003014
40.350000 0.034670
40.400000 0.051800
40.450000 0.041522
40.500000 0.055226
40.550000 0.099762
40.600000 0.120317
40.650000 0.103188
40.700000 0.086058
40.750000 0.068929
40.800000 0.044948
40.850000 0.017541
40.900000 0.010689
40.950000 0.007263
41.000000 -0.016719
41.050000 -0.044125
41.100000 -0.078384
41.150000 -0.116069
41.200000 -0.133198
41.250000 -0.136624
41.300000 -0.167458
41.350000 -0.215420
41.400000 -0.253105
41.450000 -0.270234
41.500000 -0.283938
41.550000 -0.290789
41.600000 -0.290789
41.650000 -0.280512
41.700000 -0.253105
41.750000 -0.211994
41.800000 -0.153754
41.850000 -0.078384
41.900000 0.017540
41.950000 0.092910
42.000000 0.130595
42.050000 0.161428
42.100000 0.209390
42.150000 0.240223
42.200000 0.233372
42.250000 0.216242
42.300000 0.212816
42.350000 0.205964
42.400000 0.195687
42.450000 0.212816
42.500000 0.233372
42.550000 0.240223
42.600000 0.247076
42.650000 0.271057
42.700000 0.277908
42.750000 0.274483
42.800000 0.271056
42.850000 0.240223
42.900000 0.199113
42.950000 0.168280
43.000000 0.151150
43.050000 0.106614
43.100000 0.048373
43.150000 -0.006441
43.200000 -0.068107
43.250000 -0.122922
43.300000 -0.164031
43.350000 -0.211994
43.400000 -0.263383
43.450000 -0.311345
43.500000 -0.352456
43.550000 -0.396992
43.600000 -0.420973
43.650000 -0.403844
43.700000 -0.376436
43.750000 -0.338752
43.800000 -0.280511
43.850000 -0.191439
43.900000 -0.078384
43.950000 0.024393
44.000000 0.099762
44.050000 0.151151
44.100000 0.199113
44.150000 0.216242
44.200000 0.212816
44.250000 0.205965
44.300000 0.181983
44.350000 0.116891
44.400000 0.079206
44.450000 0.079206
44.500000 0.068929
44.550000 0.051800
44.600000 0.062077
44.650000 0.075781
44.700000 0.058651
44.750000 0.058651
44.800000 0.079207
44.850000 0.082633
44.900000 0.062077
44.950000 0.048374
45.000000 0.020966
45.050000 -0.006441
45.100000 -0.013293
45.150000 -0.020144
45.200000 -0.026996
45.250000 0.000411
45.300000 0.048373
45.350000 0.075780
45.400000 0.110039
45.450000 0.147724
45.500000 0.161428
45.550000 0.161428
45.600000 0.171706
45.650000 0.175131
45.700000 0.154576
45.750000 0.144299
45.800000 0.140872
45.850000 0.127169
45.900000 0.096336
45.950000 0.068929
46.000000 0.048373
46.050000 0.038095
46.100000 0.027818
46.150000 0.007263
46.200000 -0.006441
46.250000 -0.013293
46.300000 -0.026996
46.350000 -0.044126
46.400000 -0.050977
46.450000 -0.061255
46.500000 -0.074958
46.550000 -0.074958
46.600000 -0.095514
46.650000 -0.153754
46.700000 -0.208568
46.750000 -0.242827
46.800000 -0.290790
46.850000 -0.373011
46.900000 -0.465510
46.950000 -0.547731
47.000000 -0.629953
47.050000 -0.671063
47.100000 -0.650508
47.150000 -0.561435
47.200000 -0.427825
47.250000 -0.256531
47.300000 -0.044126
47.350000 0.195687
47.400000 0.449203
47.450000 0.678738
47.500000 0.850031
47.550000 0.956234
47.600000 1.007623
47.650000 0.973364
47.700000 0.860310
47.750000 0.695867
47.800000 0.493739
47.850000 0.257353
47.900000 0.041522
47.950000 -0.119495
48.000000 -0.239401
48.050000 -0.304493
48.100000 -0.266809
48.150000 -0.160605
48.200000 -0.037274
48.250000 0.082633
48.300000 0.192261
48.350000 0.277908
48.400000 0.349852
48.450000 0.384111
48.500000 0.346426
48.550000 0.264204
48.600000 0.185409
48.650000 0.113465
48.700000 0.048374
48.750000 0.027818
48.800000 0.055226
48.850000 0.086058
48.900000 0.134020
48.950000 0.229945
49.000000 0.336148
49.050000 0.394388
49.100000 0.414943
49.150000 0.414943
49.200000 0.349852
49.250000 0.219668
49.300000 0.068929
49.350000 -0.085236
49.400000 -0.256530
49.450000 -0.414122
49.500000 -0.516898
49.550000 -0.564861
49.600000 -0.547731
49.650000 -0.475788
49.700000 -0.335326
49.750000 -0.157180
49.800000 0.020966
49.850000 0.178558
49.900000 0.315593
49.950000 0.418370
50.000000 0.459480
50.050000 0.428647
50.100000 0.387536
50.150000 0.343001
50.200000 0.271056
50.250000 0.171705
50.300000 0.068929
50.350000 0.000411
50.400000 -0.003015
50.450000 0.044948
50.500000 0.099762
50.550000 0.161428
50.600000 0.247075
50.650000 0.312167
50.700000 0.329296
50.750000 0.329297
50.800000 0.325871
50.850000 0.291612
50.900000 0.223093
50.950000 0.134021
51.000000 0.041521
51.050000 -0.037274
51.100000 -0.112643
51.150000 -0.198290
51.200000 -0.249679
51.250000 -0.256530
51.300000 -0.256530
51.350000 -0.259957
51.400000 -0.239401
51.450000 -0.208568
51.500000 -0.181161
51.550000 -0.143476
51.600000 -0.095514
51.650000 -0.064681
51.700000 -0.044126
51.750000 -0.009867
51.800000 0.014114
51.850000 0.007263
51.900000 0.027818
51.950000 0.058651
52.000000 0.058651
52.050000 0.041522
52.100000 0.044947
52.150000 0.044948
52.200000 0.034670
52.250000 0.027818
52.300000 0.027819
52.350000 0.034670
52.400000 0.041521
52.450000 0.048373
52.500000 0.038095
52.550000 0.014115
52.600000 0.007262
52.650000 0.003837
52.700000 -0.013293
52.750000 -0.047551
52.800000 -0.102365
52.850000 -0.170883
52.900000 -0.239401
52.950000 -0.290789
53.000000 -0.338752
53.050000 -0.396992
53.100000 -0.444955
53.150000 -0.448380
53.200000 -0.424400
53.250000 -0.417547
53.300000 -0.420973
53.350000 -0.373011
53.400000 -0.259956
53.450000 -0.160606
53.500000 -0.116069
53.550000 -0.050978
53.600000 0.041522
53.650000 0.092911
53.700000 0.082632
53.750000 0.079206
53.800000 0.092910
53.850000 0.072355
53.900000 0.038096
53.950000 0.020966
54.000000 0.020966
54.050000 0.020967
54.100000 0.034670
54.150000 0.055225
54.200000 0.068929
54.250000 0.062077
54.300000 0.041522
54.350000 0.020966
54.400000 -0.003015
54.450000 -0.050977
54.500000 -0.095514
54.550000 -0.133199
54.600000 -0.164031
54.650000 -0.188013
54.700000 -0.177735
54.750000 -0.153754
54.800000 -0.136624
54.850000 -0.112643
54.900000 -0.061255
54.950000 -0.006441
55.000000 0.041522
55.050000 0.096336
55.100000 0.123744
55.150000 0.123743
55.200000 0.099762
55.250000 0.058651
55.300000 -0.003015
55.350000 -0.057829
55.400000 -0.116069
55.450000 -0.194865
55.500000 -0.259956
55.550000 -0.277086
55.600000 -0.280512
55.650000 -0.259956
55.700000 -0.222272
55.750000 -0.177735
55.800000 -0.098939
55.850000 -0.009866
55.900000 0.062077
55.950000 0.116891
56.000000 0.192261
56.050000 0.240223
56.100000 0.233371
56.150000 0.216242
56.200000 0.195686
56.250000 0.140872
56.300000 0.058651
56.350000 0.003837
56.400000 -0.033848
56.450000 -0.064681
56.500000 -0.068107
56.550000 -0.030422
56.600000 0.014114
56.650000 0.044948
56.700000 0.089484
56.750000 0.151151
56.800000 0.199113
56.850000 0.205964
56.900000 0.181984
56.950000 0.134020
57.000000 0.051799
57.050000 -0.054403
57.100000 -0.167457
57.150000 -0.277086
57.200000 -0.373011
57.250000 -0.462084
57.300000 -0.534028
57.350000 -0.585416
57.400000 -0.609397
57.450000 -0.592268
57.500000 -0.554583
57.550000 -0.513473
57.600000 -0.451807
57.650000 -0.359307
57.700000 -0.277086
57.750000 -0.215420
57.800000 -0.143477
57.850000 -0.068107
57.900000 -0.026997
57.950000 0.007263
58.000000 0.072354
58.050000 0.120318
58.100000 0.137446
58.150000 0.151151
58.200000 0.130595
58.250000 0.068929
58.300000 0.017541
58.350000 -0.016719
58.400000 -0.081810
58.450000 -0.150328
58.500000 -0.174310
58.550000 -0.188013
58.600000 -0.174310
58.650000 -0.119495
58.700000 -0.071533
58.750000 -0.061255
58.800000 -0.023570
58.850000 0.038096
58.900000 0.072355
58.950000 0.089484
59.000000 0.082632
59.050000 0.027818
59.100000 -0.033848
59.150000 -0.078384
59.200000 -0.146902
59.250000 -0.239401
59.300000 -0.294216
59.350000 -0.328475
59.400000 -0.379863
59.450000 -0.438103
59.500000 -0.482640
59.550000 -0.496343
59.600000 -0.489491
59.650000 -0.496343
59.700000 -0.527176
59.750000 -0.530602
59.800000 -0.482639
59.850000 -0.427825
59.900000 -0.376437
59.950000 -0.301067
60.000000 -0.208569
60.050000 -0.116069
60.100000 -0.033848
60.150000 0.034670
60.200000 0.075781
60.250000 0.106614
60.300000 0.123743
60.350000 0.140872
60.400000 0.171706
60.450000 0.195687
60.500000 0.192261
60.550000 0.178557
60.600000 0.185409
60.650000 0.185409
60.700000 0.195687
60.750000 0.216242
60.800000 0.240223
60.850000 0.243649
60.900000 0.233372
60.950000 0.219668
61.000000 0.185409
61.050000 0.127169
61.100000 0.058651
61.150000 0.007263
61.200000 -0.033848
61.250000 -0.071533
61.300000 -0.122921
61.350000 -0.160605
61.400000 -0.157180
61.450000 -0.157180
61.500000 -0.191439
61.550000 -0.218846
61.600000 -0.205143
61.650000 -0.198290
61.700000 -0.218846
61.750000 -0.232549
61.800000 -0.222272
61.850000 -0.215420
61.900000 -0.191439
61.950000 -0.126347
62.000000 -0.054403
62.050000 0.010688
62.100000 0.079206
62.150000 0.144299
62.200000 0.202538
62.250000 0.281334
62.300000 0.356703
62.350000 0.387536
62.400000 0.387537
62.450000 0.401240
62.500000 0.435499
62.550000 0.442351
62.600000 0.435499
62.650000 0.449202
62.700000 0.469758
62.750000 0.480035
62.800000 0.456054
62.850000 0.421796
62.900000 0.390963
62.950000 0.356704
63.000000 0.295038
63.050000 0.219668
63.100000 0.147725
63.150000 0.086058
63.200000 0.041521
63.250000 0.007262
63.300000 -0.020144
63.350000 -0.020144
63.400000 0.020966
63.450000 0.068929
63.500000 0.110039
63.550000 0.161428
63.600000 0.205965
63.650000 0.223093
63.700000 0.219668
63.750000 0.216242
63.800000 0.199112
63.850000 0.164854
63.900000 0.116891
63.950000 0.051800
64.000000 0.000411
64.050000 -0.023571
64.100000 -0.040700
64.150000 -0.057830
64.200000 -0.057829
64.250000 -0.040699
64.300000 -0.009866
64.350000 0.031244
64.400000 0.062077
64.450000 0.082632
64.500000 0.144299
64.550000 0.219668
64.600000 0.267630
64.650000 0.312167
64.700000 0.373833
64.750000 0.397814
64.800000 0.377259
64.850000 0.384111
64.900000 0.404666
64.950000 0.387537
65.000000 0.346426
65.050000 0.308741
65.100000 0.250501
65.150000 0.181983
65.200000 0.144298
65.250000 0.113465
65.300000 0.075781
65.350000 0.024392
65.400000 -0.023570
65.450000 -0.074958
65.500000 -0.119496
65.550000 -0.160606
65.600000 -0.181161
65.650000 -0.181161
65.700000 -0.177735
65.750000 -0.184587
65.800000 -0.174309
65.850000 -0.136625
65.900000 -0.095514
65.950000 -0.064681
66.000000 -0.047551
66.050000 -0.037273
66.100000 -0.023570
66.150000 -0.006441
66.200000 -0.023570
66.250000 -0.064681
66.300000 -0.074958
66.350000 -0.057829
66.400000 -0.064680
66.450000 -0.064681
66.500000 -0.033848
66.550000 -0.009867
66.600000 0.010689
66.650000 0.089484
66.700000 0.188835
66.750000 0.223094
66.800000 0.216243
66.850000 0.223094
66.900000 0.226520
66.950000 0.199113
67.000000 0.178557
67.050000 0.158002
67.100000 0.113465
67.150000 0.079207
67.200000 0.065503
67.250000 0.041521
67.300000 0.007262
67.350000 0.007263
67.400000 0.031244
67.450000 0.031244
67.500000 -0.003015
67.550000 -0.020144
67.600000 -0.023570
67.650000 -0.030422
67.700000 -0.044125
67.750000 -0.047552
67.800000 -0.020144
67.850000 0.024392
67.900000 0.058651
67.950000 0.089485
68.000000 0.140872
68.050000 0.195687
68.100000 0.226519
68.150000 0.247075
68.200000 0.274482
68.250000 0.267631
68.300000 0.219668
68.350000 0.158002
68.400000 0.099762
68.450000 0.034670
68.500000 -0.033848
68.550000 -0.098940
68.600000 -0.150329
68.650000 -0.170883
68.700000 -0.160606
68.750000 -0.140051
68.800000 -0.088662
68.850000 -0.006441
68.900000 0.072355
68.950000 0.127169
69.000000 0.161428
69.050000 0.178557
69.100000 0.164854
69.150000 0.134021
69.200000 0.099762
69.250000 0.024393
69.300000 -0.068107
69.350000 -0.146903
69.400000 -0.201717
69.450000 -0.256531
69.500000 -0.301068
69.550000 -0.304493
69.600000 -0.263382
69.650000 -0.211994
69.700000 -0.170883
69.750000 -0.105791
69.800000 -0.023570
69.850000 0.044947
69.900000 0.086058
69.950000 0.134021
70.000000 0.192260
70.050000 0.219668
70.100000 0.219668
70.150000 0.205965
70.200000 0.185409
70.250000 0.164854
70.300000 0.137446
70.350000 0.106614
70.400000 0.072355
70.450000 0.020966
70.500000 -0.044125
70.550000 -0.081811
70.600000 -0.088662
70.650000 -0.102366
70.700000 -0.129773
70.750000 -0.119495
70.800000 -0.088662
70.850000 -0.081811
70.900000 -0.064681
70.950000 0.003837
71.000000 0.065503
71.050000 0.068929
71.100000 0.068929
71.150000 0.089484
71.200000 0.099762
71.250000 0.092910
71.300000 0.048373
71.350000 -0.037274
71.400000 -0.112643
71.450000 -0.143476
71.500000 -0.188013
71.550000 -0.266808
71.600000 -0.318197
71.650000 -0.342178
71.700000 -0.362734
71.750000 -0.366159
71.800000 -0.331900
71.850000 -0.297641
71.900000 -0.259956
71.950000 -0.198291
72.000000 -0.140050
72.050000 -0.098939
72.100000 -0.068107
72.150000 -0.057830
72.200000 -0.068107
72.250000 -0.081811
72.300000 -0.098940
72.350000 -0.129773
72.400000 -0.136624
72.450000 -0.116069
72.500000 -0.098939
72.550000 -0.064681
72.600000 -0.006440
72.650000 0.048373
72.700000 0.082633
72.750000 0.144299
72.800000 0.202538
72.850000 0.205964
72.900000 0.175131
72.950000 0.144298
73.000000 0.116892
73.050000 0.058651
73.100000 -0.033848
73.150000 -0.129772
73.200000 -0.198290
73.250000 -0.229124
73.300000 -0.218846
73.350000 -0.184587
73.400000 -0.143476
73.450000 -0.098940
73.500000 -0.040700
73.550000 0.041522
73.600000 0.147724
73.650000 0.233372
73.700000 0.284760
73.750000 0.308741
73.800000 0.322445
73.850000 0.305315
73.900000 0.260779
73.950000 0.219668
74.000000 0.195687
74.050000 0.175132
74.100000 0.161428
74.150000 0.164854
74.200000 0.181983
74.250000 0.212816
74.300000 0.253927
74.350000 0.291611
74.400000 0.332722
74.450000 0.384110
74.500000 0.442351
74.550000 0.476610
74.600000 0.497165
74.650000 0.486888
74.700000 0.432074
74.750000 0.336148
74.800000 0.243649
74.850000 0.158002
74.900000 0.048373
74.950000 -0.071533
75.000000 -0.150328
75.050000 -0.205142
75.100000 -0.256530
75.150000 -0.263383
75.200000 -0.201717
75.250000 -0.143476
75.300000 -0.092088
75.350000 0.010688
75.400000 0.123743
75.450000 0.181983
75.500000 0.216242
75.550000 0.257353
75.600000 0.284760
75.650000 0.271056
75.700000 0.226519
75.750000 0.164854
75.800000 0.103187
75.850000 0.048373
75.900000 -0.023570
75.950000 -0.105791
76.000000 -0.146902
76.050000 -0.164032
76.100000 -0.191439
76.150000 -0.215420
76.200000 -0.222272
76.250000 -0.205142
76.300000 -0.160606
76.350000 -0.095514
76.400000 -0.023570
76.450000 0.048374
76.500000 0.120317
76.550000 0.188835
76.600000 0.247075
76.650000 0.284760
76.700000 0.274482
76.750000 0.226519
76.800000 0.178557
76.850000 0.123744
76.900000 0.048373
76.950000 -0.033848
77.000000 -0.129772
77.050000 -0.232549
77.100000 -0.321622
77.150000 -0.376437
77.200000 -0.420973
77.250000 -0.462084
77.300000 -0.475788
77.350000 -0.468936
77.400000 -0.458658
77.450000 -0.441529
77.500000 -0.393567
77.550000 -0.338752
77.600000 -0.294215
77.650000 -0.235975
77.700000 -0.160606
77.750000 -0.102365
77.800000 -0.064680
77.850000 -0.040699
77.900000 -0.030422
77.950000 -0.044125
78.000000 -0.050977
78.050000 -0.044126
78.100000 -0.026996
78.150000 -0.013293
78.200000 0.000411
78.250000 0.024392
78.300000 0.092910
78.350000 0.171705
78.400000 0.226520
78.450000 0.264204
78.500000 0.305315
78.550000 0.343000
78.600000 0.356704
78.650000 0.325871
78.700000 0.257352
78.750000 0.192261
78.800000 0.140873
78.850000 0.041521
78.900000 -0.092088
78.950000 -0.181161
79.000000 -0.232549
79.050000 -0.314771
79.100000 -0.383289
79.150000 -0.379863
79.200000 -0.362733
79.250000 -0.376437
79.300000 -0.359308
79.350000 -0.290790
79.400000 -0.229123
79.450000 -0.211994
79.500000 -0.198291
79.550000 -0.164032
79.600000 -0.112643
79.650000 -0.071533
79.700000 -0.040699
79.750000 -0.013292
79.800000 0.031244
79.850000 0.079207
79.900000 0.096336
79.950000 0.103187
80.000000 0.120317
80.050000 0.099762
80.100000 0.044948
80.150000 0.003837
80.200000 -0.030422
80.250000 -0.085236
80.300000 -0.133199
80.350000 -0.143477
80.400000 -0.140051
80.450000 -0.122921
80.500000 -0.068107
80.550000 0.010689
80.600000 0.113466
80.650000 0.223094
80.700000 0.312167
80.750000 0.360130
80.800000 0.408092
80.850000 0.456054
80.900000 0.456054
80.950000 0.418369
81.000000 0.363555
81.050000 0.284759
81.100000 0.202539
81.150000 0.127169
81.200000 0.048374
81.250000 -0.044126
81.300000 -0.112643
81.350000 -0.143476
81.400000 -0.160606
81.450000 -0.160605
81.500000 -0.150328
81.550000 -0.153754
81.600000 -0.146903
81.650000 -0.122921
81.700000 -0.119495
81.750000 -0.116069
81.800000 -0.088662
81.850000 -0.050977
81.900000 -0.009867
81.950000 0.048373
82.000000 0.079206
82.050000 0.086059
82.100000 0.099762
82.150000 0.113465
82.200000 0.099762
82.250000 0.072355
82.300000 0.065503
82.350000 0.051800
82.400000 0.031244
82.450000 0.048373
82.500000 0.082632
82.550000 0.103187
82.600000 0.123743
82.650000 0.171705
82.700000 0.223094
82.750000 0.250501
82.800000 0.264204
82.850000 0.260779
82.900000 0.223094
82.950000 0.171706
83.000000 0.099762
83.050000 -0.003015
83.100000 -0.122921
83.150000 -0.232549
83.200000 -0.331901
83.250000 -0.403844
83.300000 -0.424399
83.350000 -0.424399
83.400000 -0.386715
83.450000 -0.294215
83.500000 -0.167457
83.550000 -0.026996
83.600000 0.140873
83.650000 0.308741
83.700000 0.421796
83.750000 0.514294
83.800000 0.599942
83.850000 0.613645
83.900000 0.555405
83.950000 0.483462
84.000000 0.408092
84.050000 0.284759
84.100000 0.147724
84.150000 0.034670
84.200000 -0.054403
84.250000 -0.133199
84.300000 -0.177736
84.350000 -0.188012
84.400000 -0.157179
84.450000 -0.085236
84.500000 0.010689
84.550000 0.096336
84.600000 0.161428
84.650000 0.216242
84.700000 0.247075
84.750000 0.253927
84.800000 0.240223
84.850000 0.202539
84.900000 0.130595
84.950000 0.044948
85.000000 -0.023570
85.050000 -0.061255
85.100000 -0.088662
85.150000 -0.129773
85.200000 -0.153754
85.250000 -0.164032
85.300000 -0.170883
85.350000 -0.164031
85.400000 -0.126347
85.450000 -0.098940
85.500000 -0.098939
85.550000 -0.061255
85.600000 0.003837
85.650000 0.031244
85.700000 0.031244
85.750000 0.055226
85.800000 0.062077
85.850000 0.031244
85.900000 -0.003015
85.950000 -0.054403
86.000000 -0.140051
86.050000 -0.222271
86.100000 -0.301067
86.150000 -0.420973
86.200000 -0.523750
86.250000 -0.568287
86.300000 -0.602545
86.350000 -0.629952
86.400000 -0.602545
86.450000 -0.540879
86.500000 -0.479214
86.550000 -0.386714
86.600000 -0.294215
86.650000 -0.235975
86.700000 -0.170883
86.750000 -0.095514
86.800000 -0.040700
86.850000 0.003837
86.900000 0.051799
86.950000 0.065502
87.000000 0.058651
87.050000 0.079206
87.100000 0.075781
87.150000 0.024392
87.200000 -0.023570
87.250000 -0.050977
87.300000 -0.122921
87.350000 -0.215420
87.400000 -0.270235
87.450000 -0.325048
87.500000 -0.407270
87.550000 -0.444955
87.600000 -0.431251
87.650000 -0.441529
87.700000 -0.451806
87.750000 -0.396992
87.800000 -0.331900
87.850000 -0.304493
87.900000 -0.270235
87.950000 -0.201716
88.000000 -0.140051
88.050000 -0.095514
88.100000 -0.050978
88.150000 -0.020145
88.200000 0.003836
88.250000 0.048373
88.300000 0.079207
88.350000 0.082633
88.400000 0.099762
88.450000 0.113465
88.500000 0.116891
88.550000 0.120317
88.600000 0.106613
88.650000 0.058651
88.700000 0.024392
88.750000 0.020967
88.800000 -0.013292
88.850000 -0.068106
88.900000 -0.105792
88.950000 -0.122921
89.000000 -0.129773
89.050000 -0.109218
89.100000 -0.078384
89.150000 -0.054403
89.200000 -0.016718
89.250000 0.034670
89.300000 0.072354
89.350000 0.099762
89.400000 0.113466
89.450000 0.113466
89.500000 0.086058
89.550000 0.058651
89.600000 0.027818
89.650000 -0.030422
89.700000 -0.119495
89.750000 -0.205142
89.800000 -0.256531
89.850000 -0.280512
89.900000 -0.304493
89.950000 -0.318197
90.000000 -0.280512
90.050000 -0.191439
90.100000 -0.092088
90.150000 -0.013293
90.200000 0.051799
90.250000 0.116892
90.300000 0.195686
90.350000 0.233372
90.400000 0.233372
90.450000 0.205964
90.500000 0.158002
90.550000 0.096336
90.600000 0.038096
90.650000 -0.026996
90.700000 -0.112643
90.750000 -0.167457
90.800000 -0.208568
90.850000 -0.253105
90.900000 -0.270235
90.950000 -0.222272
91.000000 -0.177735
91.050000 -0.150328
91.100000 -0.071532
91.150000 0.038096
91.200000 0.099762
91.250000 0.110040
91.300000 0.127169
91.350000 0.144298
91.400000 0.137447
91.450000 0.099762
91.500000 0.041521
91.550000 -0.047552
91.600000 -0.150328
91.650000 -0.222272
91.700000 -0.259956
91.750000 -0.301067
91.800000 -0.331900
91.850000 -0.325049
91.900000 -0.270234
91.950000 -0.194865
92.000000 -0.102365
92.050000 -0.023570
92.100000 0.017541
92.150000 0.034670
92.200000 0.068929
92.250000 0.092910
92.300000 0.072355
92.350000 0.020966
92.400000 -0.037274
92.450000 -0.071533
92.500000 -0.092088
92.550000 -0.119495
92.600000 -0.140051
92.650000 -0.133199
92.700000 -0.112643
92.750000 -0.102366
92.800000 -0.088662
92.850000 -0.064681
92.900000 -0.033847
92.950000 0.003837
93.000000 0.034670
93.050000 0.048373
93.100000 0.068929
93.150000 0.110039
93.200000 0.134021
93.250000 0.140873
93.300000 0.144298
93.350000 0.147725
93.400000 0.137446
93.450000 0.113465
93.500000 0.075780
93.550000 0.017541
93.600000 -0.037274
93.650000 -0.074958
93.700000 -0.092088
93.750000 -0.098940
93.800000 -0.102365
93.850000 -0.098940
93.900000 -0.074959
93.950000 -0.033848
94.000000 0.000411
94.050000 0.000411
94.100000 -0.030422
94.150000 -0.074958
94.200000 -0.112643
94.250000 -0.143477
94.300000 -0.177735
94.350000 -0.184587
94.400000 -0.170884
94.450000 -0.160605
94.500000 -0.129773
94.550000 -0.044126
94.600000 0.058651
94.650000 0.151150
94.700000 0.253926
94.750000 0.353278
94.800000 0.414943
94.850000 0.435499
94.900000 0.432073
94.950000 0.408092
95.000000 0.377259
95.050000 0.322445
95.100000 0.236797
95.150000 0.151150
95.200000 0.103187
95.250000 0.062077
95.300000 -0.003015
95.350000 -0.054403
95.400000 -0.085236
95.450000 -0.109218
95.500000 -0.129772
95.550000 -0.122921
95.600000 -0.109217
95.650000 -0.088662
95.700000 -0.047551
95.750000 0.017540
95.800000 0.075780
95.850000 0.110039
95.900000 0.113466
95.950000 0.113465
96.000000 0.103188
96.050000 0.068929
96.100000 0.031244
96.150000 0.000411
96.200000 -0.050977
96.250000 -0.129773
96.300000 -0.194865
96.350000 -0.218846
96.400000 -0.232549
96.450000 -0.253105
96.500000 -0.256531
96.550000 -0.246253
96.600000 -0.235976
96.650000 -0.222271
96.700000 -0.201717
96.750000 -0.181161
96.800000 -0.164032
96.850000 -0.143477
96.900000 -0.105792
96.950000 -0.061255
97.000000 -0.026996
97.050000 0.000411
97.100000 0.010689
97.150000 0.017541
97.200000 0.007263
97.250000 -0.030422
97.300000 -0.085236
97.350000 -0.160605
97.400000 -0.239402
97.450000 -0.318197
97.500000 -0.373011
97.550000 -0.386715
97.600000 -0.366159
97.650000 -0.331900
97.700000 -0.277086
97.750000 -0.188013
97.800000 -0.095514
97.850000 -0.020144
97.900000 0.048373
97.950000 0.116891
98.000000 0.154576
98.050000 0.137447
98.100000 0.089484
98.150000 0.007263
98.200000 -0.092088
98.250000 -0.181161
98.300000 -0.253105
98.350000 -0.311345
98.400000 -0.349030
98.450000 -0.338752
98.500000 -0.273660
98.550000 -0.167458
98.600000 -0.033848
98.650000 0.106614
98.700000 0.236798
98.750000 0.370407
98.800000 0.493740
98.850000 0.589664
98.900000 0.644478
98.950000 0.665033
99.000000 0.644478
99.050000 0.589664
99.100000 0.517721
99.150000 0.445777
99.200000 0.384111
99.250000 0.343000
99.300000 0.308741
99.350000 0.284760
99.400000 0.264205
99.450000 0.240223
99.500000 0.192261
99.550000 0.134021
99.600000 0.062077
99.650000 -0.033848
99.700000 -0.136625
99.750000 -0.215420
99.800000 -0.287364
99.850000 -0.359307
99.900000 -0.390140
99.950000 -0.345604
100.000000 -0.280512
100.050000 -0.215420
100.100000 -0.116069
100.150000 0.010689
100.200000 0.103188
100.250000 0.158002
100.300000 0.212816
100.350000 0.240223
100.400000 0.209390
100.450000 0.130594
100.500000 0.062077
100.550000 0.014115
100.600000 -0.020144
100.650000 -0.081811
100.700000 -0.160605
100.750000 -0.194865
100.800000 -0.205143
100.850000 -0.232549
100.900000 -0.266808
100.950000 -0.287363
101.000000 -0.290789
101.050000 -0.307919
101.100000 -0.342178
101.150000 -0.373011
101.200000 -0.390141
101.250000 -0.390140
101.300000 -0.366159
101.350000 -0.318197
101.400000 -0.256531
101.450000 -0.191438
101.500000 -0.119495
101.550000 -0.016718
101.600000 0.072355
101.650000 0.110039
101.700000 0.103188
101.750000 0.072355
101.800000 0.024393
101.850000 -0.040699
101.900000 -0.109217
101.950000 -0.188013
102.000000 -0.249679
102.050000 -0.270234
102.100000 -0.277086
102.150000 -0.283938
102.200000 -0.249679
102.250000 -0.181162
102.300000 -0.112643
102.350000 -0.030422
102.400000 0.082633
102.450000 0.195687
102.500000 0.264205
102.550000 0.312167
102.600000 0.360130
102.650000 0.387536
102.700000 0.387537
102.750000 0.366982
102.800000 0.319019
102.850000 0.247075
102.900000 0.168279
102.950000 0.086059
103.000000 0.010689
103.050000 -0.050977
103.100000 -0.112643
103.150000 -0.198290
103.200000 -0.270234
103.250000 -0.290790
103.300000 -0.290790
103.350000 -0.277086
103.400000 -0.225698
103.450000 -0.167458
103.500000 -0.140050
103.550000 -0.119496
103.600000 -0.095513
103.650000 -0.085236
103.700000 -0.085236
103.750000 -0.074959
103.800000 -0.081810
103.850000 -0.095514
103.900000 -0.078384
103.950000 -0.033848
104.000000 -0.003015
104.050000 0.027818
104.100000 0.068928
104.150000 0.106613
104.200000 0.120317
104.250000 0.116891
104.300000 0.099762
104.350000 0.058651
104.400000 0.000411
104.450000 -0.081810
104.500000 -0.157180
104.550000 -0.205142
104.600000 -0.232550
104.650000 -0.249679
104.700000 -0.266808
104.750000 -0.259957
104.800000 -0.208568
104.850000 -0.150328
104.900000 -0.095514
104.950000 -0.026996
105.000000 0.048373
105.050000 0.092910
105.100000 0.106614
105.150000 0.120317
105.200000 0.116891
105.250000 0.072355
105.300000 0.010689
105.350000 -0.020144
105.400000 -0.047552
105.450000 -0.074959
105.500000 -0.088662
105.550000 -0.095514
105.600000 -0.112643
105.650000 -0.153754
105.700000 -0.205142
105.750000 -0.235975
105.800000 -0.263383
105.850000 -0.314771
105.900000 -0.379862
105.950000 -0.427826
106.000000 -0.444955
106.050000 -0.438103
106.100000 -0.441529
106.150000 -0.441529
106.200000 -0.403844
106.250000 -0.314771
106.300000 -0.246253
106.350000 -0.191439
106.400000 -0.126347
106.450000 -0.081810
106.500000 -0.074958
106.550000 -0.054403
106.600000 -0.020144
106.650000 -0.009866
106.700000 -0.006441
106.750000 0.007263
106.800000 0.024392
106.850000 0.034670
106.900000 0.051800
106.950000 0.062077
107.000000 0.065503
107.050000 0.072355
107.100000 0.089485
107.150000 0.082633
107.200000 0.062077
107.250000 0.041522
107.300000 0.014114
107.350000 -0.023571
107.400000 -0.044126
107.450000 -0.020145
107.500000 0.031244
107.550000 0.058651
107.600000 0.089484
107.650000 0.164854
107.700000 0.247075
107.750000 0.301890
107.800000 0.366981
107.850000 0.408092
107.900000 0.397814
107.950000 0.390963
108.000000 0.401240
108.050000 0.366981
108.100000 0.291611
108.150000 0.247075
108.200000 0.209390
108.250000 0.130595
108.300000 0.058651
108.350000 0.041522
108.400000 0.038096
108.450000 0.034669
108.500000 0.044948
108.550000 0.072355
108.600000 0.089484
108.650000 0.082633
108.700000 0.055225
108.750000 0.027818
108.800000 0.000411
108.850000 -0.037274
108.900000 -0.081811
108.950000 -0.126347
109.000000 -0.153754
109.050000 -0.177735
109.100000 -0.211994
109.150000 -0.222272
109.200000 -0.211994
109.250000 -0.201717
109.300000 -0.181161
109.350000 -0.126347
109.400000 -0.081810
109.450000 -0.064681
109.500000 -0.044126
109.550000 -0.033848
109.600000 -0.064681
109.650000 -0.102365
109.700000 -0.102365
109.750000 -0.112643
109.800000 -0.143476
109.850000 -0.164032
109.900000 -0.164032
109.950000 -0.181161
110.000000 -0.198291
110.050000 -0.201716
110.100000 -0.205142
110.150000 -0.194864
110.200000 -0.129773
110.250000 -0.023570
110.300000 0.079207
110.350000 0.175132
110.400000 0.271057
110.450000 0.363555
110.500000 0.435499
110.550000 0.490313
110.600000 0.527998
110.650000 0.534850
110.700000 0.514295
110.750000 0.476609
110.800000 0.435499
110.850000 0.370407
110.900000 0.277908
110.950000 0.168279
111.000000 0.089484
111.050000 0.031244
111.100000 -0.030422
111.150000 -0.057829
111.200000 -0.037273
111.250000 -0.023571
111.300000 -0.044125
111.350000 -0.037274
111.400000 0.007263
111.450000 0.044948
111.500000 0.072354
111.550000 0.106614
111.600000 0.120317
111.650000 0.120317
111.700000 0.113465
111.750000 0.092910
111.800000 0.051799
111.850000 0.020967
111.900000 0.003836
111.950000 -0.033848
112.000000 -0.088662
112.050000 -0.126347
112.100000 -0.146902
112.150000 -0.170883
112.200000 -0.188013
112.250000 -0.191439
112.300000 -0.167457
112.350000 -0.109217
112.400000 -0.040700
112.450000 0.010688
112.500000 0.068929
112.550000 0.130595
112.600000 0.181983
112.650000 0.219668
112.700000 0.226520
112.750000 0.212816
112.800000 0.202538
112.850000 0.195687
112.900000 0.168279
112.950000 0.123743
113.000000 0.075781
113.050000 0.031244
113.100000 -0.023570
113.150000 -0.085237
113.200000 -0.140051
113.250000 -0.167458
113.300000 -0.191438
113.350000 -0.218846
113.400000 -0.239401
113.450000 -0.235975
113.500000 -0.218846
113.550000 -0.215420
113.600000 -0.222272
113.650000 -0.225698
113.700000 -0.253104
113.750000 -0.270234
113.800000 -0.235976
113.850000 -0.194864
113.900000 -0.184587
113.950000 -0.160606
114.000000 -0.074959
114.050000 0.024392
114.100000 0.123743
114.150000 0.250501
114.200000 0.363556
114.250000 0.421795
114.300000 0.462906
114.350000 0.490313
114.400000 0.459480
114.450000 0.370407
114.500000 0.260779
114.550000 0.137447
114.600000 0.000411
114.650000 -0.143476
114.700000 -0.277086
114.750000 -0.369585
114.800000 -0.403844
114.850000 -0.424399
114.900000 -0.420973
114.950000 -0.345604
115.000000 -0.239402
115.050000 -0.146902
115.100000 -0.054403
115.150000 0.038096
115.200000 0.103188
115.250000 0.123744
115.300000 0.127169
115.350000 0.106614
115.400000 0.055225
115.450000 -0.013292
115.500000 -0.088662
115.550000 -0.177736
115.600000 -0.253105
115.650000 -0.290789
115.700000 -0.314771
115.750000 -0.325049
115.800000 -0.259956
115.850000 -0.146902
115.900000 -0.044125
115.950000 0.051800
116.000000 0.140873
116.050000 0.175132
116.100000 0.161428
116.150000 0.140873
116.200000 0.075781
116.250000 -0.050977
116.300000 -0.184587
116.350000 -0.280512
116.400000 -0.369585
116.450000 -0.434677
116.500000 -0.468936
116.550000 -0.465510
116.600000 -0.407270
116.650000 -0.294216
116.700000 -0.184587
116.750000 -0.105792
116.800000 -0.037273
116.850000 0.020967
116.900000 0.034670
116.950000 0.003837
117.000000 -0.061255
117.050000 -0.160606
117.100000 -0.270234
117.150000 -0.369585
117.200000 -0.455232
117.250000 -0.534028
117.300000 -0.592268
117.350000 -0.605971
117.400000 -0.558009
117.450000 -0.479214
117.500000 -0.414122
117.550000 -0.345604
117.600000 -0.235975
117.650000 -0.116069
117.700000 -0.033848
117.750000 0.014115
117.800000 0.072355
117.850000 0.127169
117.900000 0.164854
117.950000 0.178557
118.000000 0.192261
118.050000 0.216242
118.100000 0.233372
118.150000 0.233371
118.200000 0.223094
118.250000 0.199113
118.300000 0.175132
118.350000 0.158002
118.400000 0.127169
118.450000 0.031244
118.500000 -0.088662
118.550000 -0.211994
118.600000 -0.331900
118.650000 -0.427825
118.700000 -0.482639
118.750000 -0.527176
118.800000 -0.571712
118.850000 -0.568286
118.900000 -0.503195
118.950000 -0.417548
119.000000 -0.318197
119.050000 -0.208568
119.100000 -0.092088
119.150000 0.017540
119.200000 0.099762
119.250000 0.147724
119.300000 0.154577
119.350000 0.134021
119.400000 0.103188
119.450000 0.079207
119.500000 0.051800
119.550000 0.024392
119.600000 0.014114
119.650000 0.031244
119.700000 0.072354
119.750000 0.130595
119.800000 0.185409
119.850000 0.216242
119.900000 0.219668
119.950000 0.199113
120.000000 0.164853
120.050000 0.120318
120.100000 0.079207
120.150000 0.041521
120.200000 -0.006441
120.250000 -0.047551
120.300000 -0.068107
120.350000 -0.068107
120.400000 -0.037274
120.450000 0.010689
120.500000 0.068929
120.550000 0.106613
120.600000 0.120317
120.650000 0.113466
120.700000 0.089484
120.750000 0.041522
120.800000 -0.030422
120.850000 -0.126347
120.900000 -0.218846
120.950000 -0.287364
121.000000 -0.342178
121.050000 -0.362733
121.100000 -0.359307
121.150000 -0.359307
121.200000 -0.366159
121.250000 -0.335326
121.300000 -0.283937
121.350000 -0.256531
121.400000 -0.239401
121.450000 -0.205143
121.500000 -0.188013
121.550000 -0.201716
121.600000 -0.184587
121.650000 -0.150328
121.700000 -0.164031
121.750000 -0.198291
121.800000 -0.194865
121.850000 -0.181161
121.900000 -0.201717
121.950000 -0.208568
122.000000 -0.184587
122.050000 -0.181161
122.100000 -0.208568
122.150000 -0.242827
122.200000 -0.253104
122.250000 -0.242827
122.300000 -0.229123
122.350000 -0.225698
122.400000 -0.205143
122.450000 -0.160606
122.500000 -0.126347
122.550000 -0.098940
122.600000 -0.064681
122.650000 -0.033848
122.700000 -0.037274
122.750000 -0.030422
122.800000 0.007263
122.850000 0.017541
122.900000 0.007263
122.950000 0.031244
123.000000 0.082632
123.050000 0.110039
123.100000 0.123743
123.150000 0.147724
123.200000 0.181983
123.250000 0.202538
123.300000 0.199113
123.350000 0.195687
123.400000 0.195687
123.450000 0.164854
123.500000 0.096336
123.550000 0.038096
123.600000 -0.003015
123.650000 -0.064681
123.700000 -0.119495
123.750000 -0.140051
123.800000 -0.133199
123.850000 -0.112643
123.900000 -0.074959
123.950000 -0.030422
124.000000 0.014115
124.050000 0.068929
124.100000 0.123743
124.150000 0.154576
124.200000 0.195686
124.250000 0.243649
124.300000 0.243650
124.350000 0.192261
124.400000 0.144299
124.450000 0.079206
124.500000 -0.037273
124.550000 -0.157180
124.600000 -0.232550
124.650000 -0.287363
124.700000 -0.369585
124.750000 -0.444955
124.800000 -0.468936
124.850000 -0.458658
124.900000 -0.427825
124.950000 -0.366159
125.000000 -0.270234
125.050000 -0.160606
125.100000 -0.074959
125.150000 0.000411
125.200000 0.120317
125.250000 0.257353
125.300000 0.346426
125.350000 0.394388
125.400000 0.432073
125.450000 0.452629
125.500000 0.445777
125.550000 0.428648
125.600000 0.397814
125.650000 0.343000
125.700000 0.284760
125.750000 0.250501
125.800000 0.216242
125.850000 0.161428
125.900000 0.086059
125.950000 0.027818
126.000000 0.000411
126.050000 -0.030422
126.100000 -0.078384
126.150000 -0.092088
126.200000 -0.044126
126.250000 -0.020144
126.300000 -0.037273
126.350000 -0.030422
126.400000 0.017540
126.450000 0.058651
126.500000 0.072355
126.550000 0.089484
126.600000 0.106614
126.650000 0.120317
126.700000 0.127169
126.750000 0.123743
126.800000 0.110039
126.850000 0.082633
126.900000 0.055225
126.950000 0.048373
127.000000 0.062077
127.050000 0.072354
127.100000 0.058651
127.150000 0.062077
127.200000 0.092910
127.250000 0.120317
127.300000 0.123743
127.350000 0.120317
127.400000 0.113466
127.450000 0.096335
127.500000 0.075781
127.550000 0.065503
127.600000 0.062077
127.650000 0.038095
127.700000 0.003837
127.750000 0.007263
127.800000 0.024392
127.850000 0.003837
127.900000 -0.040700
127.950000 -0.064680
128.000000 -0.074958
128.050000 -0.109218
128.100000 -0.150329
128.150000 -0.153754
128.200000 -0.143477
128.250000 -0.122921
128.300000 -0.068106
128.350000 0.038096
128.400000 0.158002
128.450000 0.295038
128.500000 0.462906
128.550000 0.630774
128.600000 0.767810
128.650000 0.874013
128.700000 0.932253
128.750000 0.942531
128.800000 0.904847
128.850000 0.815773
128.900000 0.665034
128.950000 0.504016
129.000000 0.349852
129.050000 0.188835
129.100000 0.038096
129.150000 -0.068107
129.200000 -0.126347
129.250000 -0.164032
129.300000 -0.170884
129.350000 -0.129773
129.400000 -0.064681
129.450000 0.014115
129.500000 0.082632
129.550000 0.127169
129.600000 0.178557
129.650000 0.253927
129.700000 0.322445
129.750000 0.356703
129.800000 0.373833
129.850000 0.387537
129.900000 0.380685
129.950000 0.353278
130.000000 0.319019
130.050000 0.274482
130.100000 0.192260
130.150000 0.089484
130.200000 -0.026996
130.250000 -0.146903
130.300000 -0.256531
130.350000 -0.352456
130.400000 -0.438103
130.450000 -0.523750
130.500000 -0.578564
130.550000 -0.602546
130.600000 -0.605972
130.650000 -0.585416
130.700000 -0.564861
130.750000 -0.558009
130.800000 -0.544305
130.850000 -0.496343
130.900000 -0.455232
130.950000 -0.427825
131.000000 -0.383289
131.050000 -0.318197
131.100000 -0.239401
131.150000 -0.122921
131.200000 0.007263
131.250000 0.113466
131.300000 0.209390
131.350000 0.315593
131.400000 0.390963
131.450000 0.425222
131.500000 0.425222
131.550000 0.394389
131.600000 0.332723
131.650000 0.240223
131.700000 0.127169
131.750000 0.007263
131.800000 -0.098940
131.850000 -0.191439
131.900000 -0.273660
131.950000 -0.338753
132.000000 -0.383289
132.050000 -0.414122
132.100000 -0.424399
132.150000 -0.414122
132.200000 -0.386715
132.250000 -0.355881
132.300000 -0.314771
132.350000 -0.259956
132.400000 -0.201716
132.450000 -0.150328
132.500000 -0.088662
132.550000 -0.030422
132.600000 -0.009867
132.650000 -0.009867
132.700000 -0.006441
132.750000 -0.009867
132.800000 -0.040700
132.850000 -0.071533
132.900000 -0.095514
132.950000 -0.126347
133.000000 -0.153754
133.050000 -0.170884
133.100000 -0.174309
133.150000 -0.146902
133.200000 -0.074959
133.250000 -0.013293
133.300000 0.034670
133.350000 0.089484
133.400000 0.147724
133.450000 0.161427
133.500000 0.134020
133.550000 0.079207
133.600000 0.017540
133.650000 -0.054403
133.700000 -0.136625
133.750000 -0.249679
133.800000 -0.362734
133.850000 -0.410696
133.900000 -0.414121
133.950000 -0.434677
134.000000 -0.455232
134.050000 -0.438103
134.100000 -0.417547
134.150000 -0.414122
134.200000 -0.396992
134.250000 -0.369585
134.300000 -0.379863
134.350000 -0.376437
134.400000 -0.342178
134.450000 -0.301067
134.500000 -0.283938
134.550000 -0.253104
134.600000 -0.194865
134.650000 -0.122921
134.700000 -0.040700
134.750000 0.027818
134.800000 0.055225
134.850000 0.051800
134.900000 0.044948
134.950000 0.000411
135.000000 -0.068107
135.050000 -0.116069
135.100000 -0.150328
135.150000 -0.188013
135.200000 -0.198290
135.250000 -0.177735
135.300000 -0.153754
135.350000 -0.095514
135.400000 0.017540
135.450000 0.137447
135.500000 0.233372
135.550000 0.315593
135.600000 0.380685
135.650000 0.418370
135.700000 0.432074
135.750000 0.435499
135.800000 0.408092
135.850000 0.360129
135.900000 0.301890
135.950000 0.240223
136.000000 0.185409
136.050000 0.144298
136.100000 0.127169
136.150000 0.106613
136.200000 0.082633
136.250000 0.065503
136.300000 0.062077
136.350000 0.048374
136.400000 0.014115
136.450000 -0.023570
136.500000 -0.047552
136.550000 -0.085236
136.600000 -0.129773
136.650000 -0.133199
136.700000 -0.119495
136.750000 -0.143477
136.800000 -0.160606
136.850000 -0.160605
136.900000 -0.170883
136.950000 -0.188013
137.000000 -0.167458
137.050000 -0.164031
137.100000 -0.188013
137.150000 -0.181161
137.200000 -0.136624
137.250000 -0.126347
137.300000 -0.140050
137.350000 -0.143477
137.400000 -0.133198
137.450000 -0.116069
137.500000 -0.119495
137.550000 -0.126347
137.600000 -0.098939
137.650000 -0.050977
137.700000 -0.044126
137.750000 -0.047551
137.800000 -0.026996
137.850000 0.000411
137.900000 0.017540
137.950000 0.055225
138.000000 0.089484
138.050000 0.086059
138.100000 0.072354
138.150000 0.068929
138.200000 0.051799
138.250000 0.038096
138.300000 0.058651
138.350000 0.075781
138.400000 0.089484
138.450000 0.123743
138.500000 0.164854
138.550000 0.188835
138.600000 0.219668
138.650000 0.257353
138.700000 0.260778
138.750000 0.247075
138.800000 0.223093
138.850000 0.175132
138.900000 0.113466
138.950000 0.072355
139.000000 0.020967
139.050000 -0.023570
139.100000 -0.009867
139.150000 0.027818
139.200000 0.031244
139.250000 0.062077
139.300000 0.151150
139.350000 0.223094
139.400000 0.243649
139.450000 0.250501
139.500000 0.243649
139.550000 0.205965
139.600000 0.161428
139.650000 0.127169
139.700000 0.079206
139.750000 0.014115
139.800000 -0.044125
139.850000 -0.078384
139.900000 -0.074959
139.950000 -0.023570
140.000000 0.027818
140.050000 0.065503
140.100000 0.127169
140.150000 0.195687
140.200000 0.223094
140.250000 0.229945
140.300000 0.236798
140.350000 0.219668
140.400000 0.175131
140.450000 0.130595
140.500000 0.075781
140.550000 0.020967
140.600000 -0.033848
140.650000 -0.092088
140.700000 -0.150328
140.750000 -0.160605
140.800000 -0.122921
140.850000 -0.078384
140.900000 -0.033848
140.950000 0.027818
141.000000 0.075781
141.050000 0.099762
141.100000 0.123743
141.150000 0.158002
141.200000 0.175131
141.250000 0.161428
141.300000 0.130595
141.350000 0.110040
141.400000 0.089484
141.450000 0.051799
141.500000 -0.006441
141.550000 -0.057829
141.600000 -0.081811
141.650000 -0.098940
141.700000 -0.112643
141.750000 -0.105792
141.800000 -0.088662
141.850000 -0.081810
141.900000 -0.068107
141.950000 -0.026996
142.000000 0.020966
142.050000 0.072355
142.100000 0.137446
142.150000 0.205965
142.200000 0.267631
142.250000 0.305315
142.300000 0.322445
142.350000 0.319019
142.400000 0.301890
142.450000 0.257353
142.500000 0.195686
142.550000 0.123743
142.600000 0.041522
142.650000 -0.047551
142.700000 -0.126347
142.750000 -0.201716
142.800000 -0.273660
142.850000 -0.325049
142.900000 -0.349030
142.950000 -0.376437
143.000000 -0.403844
143.050000 -0.396993
143.100000 -0.379862
143.150000 -0.386715
143.200000 -0.400418
143.250000 -0.396992
143.300000 -0.383288
143.350000 -0.376437
143.400000 -0.366160
143.450000 -0.342178
143.500000 -0.304493
143.550000 -0.266808
143.600000 -0.235976
143.650000 -0.191439
143.700000 -0.122921
143.750000 -0.050977
143.800000 -0.006441
143.850000 0.007263
143.900000 0.017541
143.950000 0.020967
144.000000 0.003837
144.050000 -0.030422
144.100000 -0.061255
144.150000 -0.074959
144.200000 -0.068107
144.250000 -0.064681
144.300000 -0.071533
144.350000 -0.061255
144.400000 -0.023570
144.450000 0.020967
144.500000 0.055226
144.550000 0.099762
144.600000 0.144298
144.650000 0.171706
144.700000 0.188835
144.750000 0.202538
144.800000 0.195687
144.850000 0.158002
144.900000 0.116891
144.950000 0.086058
145.000000 0.065503
145.050000 0.020966
145.100000 -0.040700
145.150000 -0.088662
145.200000 -0.116069
145.250000 -0.143476
145.300000 -0.157179
145.350000 -0.126347
145.400000 -0.074958
145.450000 -0.026996
145.500000 0.051799
145.550000 0.134021
145.600000 0.168279
145.650000 0.199113
145.700000 0.247075
145.750000 0.247075
145.800000 0.205964
145.850000 0.178557
145.900000 0.140873
145.950000 0.068929
146.000000 0.007263
146.050000 -0.033848
146.100000 -0.068107
146.150000 -0.061255
146.200000 -0.013292
146.250000 0.020966
146.300000 0.044947
146.350000 0.096336
146.400000 0.158002
146.450000 0.209390
146.500000 0.233372
146.550000 0.209390
146.600000 0.164854
146.650000 0.147724
146.700000 0.110040
146.750000 0.041522
146.800000 -0.003015
146.850000 -0.023570
146.900000 -0.054403
146.950000 -0.061255
147.000000 -0.006441
147.050000 0.034670
147.100000 0.058651
147.150000 0.127169
147.200000 0.216242
147.250000 0.253927
147.300000 0.253927
147.350000 0.271056
147.400000 0.281334
147.450000 0.250501
147.500000 0.202538
147.550000 0.127169
147.600000 0.031244
147.650000 -0.050977
147.700000 -0.105792
147.750000 -0.160606
147.800000 -0.208568
147.850000 -0.249679
147.900000 -0.270234
147.950000 -0.256531
148.000000 -0.242827
148.050000 -0.239401
148.100000 -0.246253
148.150000 -0.246253
148.200000 -0.246253
148.250000 -0.235976
148.300000 -0.205142
148.350000 -0.181161
148.400000 -0.174309
148.450000 -0.140051
148.500000 -0.074959
148.550000 -0.016718
148.600000 0.051800
148.650000 0.147725
148.700000 0.233372
148.750000 0.281334
148.800000 0.319019
148.850000 0.346426
148.900000 0.366982
148.950000 0.377259
149.000000 0.360130
149.050000 0.308741
149.100000 0.277908
149.150000 0.277908
149.200000 0.253927
149.250000 0.229945
149.300000 0.253927
149.350000 0.298463
149.400000 0.329297
149.450000 0.363555
149.500000 0.404666
149.550000 0.442351
149.600000 0.456054
149.650000 0.445777
149.700000 0.421796
149.750000 0.408092
149.800000 0.401241
149.850000 0.360129
149.900000 0.281334
149.950000 0.195687
150.000000 0.137447
150.050000 0.089484
150.100000 0.048374
150.150000 0.024392
150.200000 0.007263
150.250000 0.017541
150.300000 0.075780
150.350000 0.140873
150.400000 0.171706
150.450000 0.178557
150.500000 0.199113
150.550000 0.216242
150.600000 0.216242
150.650000 0.195687
150.700000 0.164854
150.750000 0.110039
150.800000 0.048374
150.850000 -0.016718
150.900000 -0.102365
150.950000 -0.198291
151.000000 -0.301068
151.050000 -0.393566
151.100000 -0.451806
151.150000 -0.472362
151.200000 -0.479214
151.250000 -0.462084
151.300000 -0.414122
151.350000 -0.338752
151.400000 -0.259957
151.450000 -0.194864
151.500000 -0.146902
151.550000 -0.081811
151.600000 -0.003014
151.650000 0.034670
151.700000 0.010688
151.750000 -0.016719
151.800000 -0.030422
151.850000 -0.088662
151.900000 -0.174309
151.950000 -0.205142
152.000000 -0.194865
152.050000 -0.181161
152.100000 -0.143476
152.150000 -0.071533
152.200000 -0.023571
152.250000 0.000411
152.300000 0.024393
152.350000 0.055225
152.400000 0.065502
152.450000 0.062077
152.500000 0.038096
152.550000 -0.009866
152.600000 -0.078384
152.650000 -0.153754
152.700000 -0.211994
152.750000 -0.235975
152.800000 -0.235976
152.850000 -0.239401
152.900000 -0.229123
152.950000 -0.201717
153.000000 -0.181161
153.050000 -0.174309
153.100000 -0.157180
153.150000 -0.129773
153.200000 -0.105791
153.250000 -0.088663
153.300000 -0.088662
153.350000 -0.078385
153.400000 -0.033848
153.450000 0.020966
153.500000 0.058651
153.550000 0.089485
153.600000 0.123743
153.650000 0.144299
153.700000 0.168279
153.750000 0.195687
153.800000 0.195687
153.850000 0.181983
153.900000 0.181983
153.950000 0.175132
154.000000 0.151150
154.050000 0.144299
154.100000 0.161427
154.150000 0.137446
154.200000 0.082633
154.250000 0.041522
154.300000 0.000411
154.350000 -0.040700
154.400000 -0.068107
154.450000 -0.112643
154.500000 -0.181161
154.550000 -0.225697
154.600000 -0.253105
154.650000 -0.307919
154.700000 -0.366160
154.750000 -0.396992
154.800000 -0.386714
154.850000 -0.366159
154.900000 -0.338752
154.950000 -0.321622
155.000000 -0.335326
155.050000 -0.342178
155.100000 -0.345604
155.150000 -0.355882
155.200000 -0.362734
155.250000 -0.335326
155.300000 -0.301068
155.350000 -0.270235
155.400000 -0.232549
155.450000 -0.198291
155.500000 -0.177735
155.550000 -0.153754
155.600000 -0.112643
155.650000 -0.085236
155.700000 -0.088662
155.750000 -0.102365
155.800000 -0.129773
155.850000 -0.167458
155.900000 -0.215420
155.950000 -0.256531
156.000000 -0.294215
156.050000 -0.331901
156.100000 -0.362734
156.150000 -0.366159
156.200000 -0.352456
156.250000 -0.362733
156.300000 -0.383289
156.350000 -0.359308
156.400000 -0.325049
156.450000 -0.321623
156.500000 -0.314770
156.550000 -0.270235
156.600000 -0.215420
156.650000 -0.153754
156.700000 -0.061255
156.750000 0.044947
156.800000 0.144299
156.850000 0.236797
156.900000 0.329297
156.950000 0.387537
157.000000 0.401241
157.050000 0.387537
157.100000 0.343000
157.150000 0.281334
157.200000 0.188835
157.250000 0.072355
157.300000 -0.047551
157.350000 -0.140050
157.400000 -0.208569
157.450000 -0.249679
157.500000 -0.246253
157.550000 -0.211994
157.600000 -0.160606
157.650000 -0.098939
157.700000 -0.026996
157.750000 0.038095
157.800000 0.092910
157.850000 0.096336
157.900000 0.062077
157.950000 0.020967
158.000000 -0.037274
158.050000 -0.133198
158.100000 -0.229124
158.150000 -0.277086
158.200000 -0.297641
158.250000 -0.304493
158.300000 -0.301067
158.350000 -0.266808
158.400000 -0.201716
158.450000 -0.136625
158.500000 -0.081810
158.550000 -0.016719
158.600000 0.041522
158.650000 0.041522
158.700000 -0.009866
158.750000 -0.061255
158.800000 -0.109217
158.850000 -0.157180
158.900000 -0.194864
158.950000 -0.208568
159.000000 -0.232549
159.050000 -0.211994
159.100000 -0.146902
159.150000 -0.092088
159.200000 -0.064681
159.250000 -0.023570
159.300000 0.027818
159.350000 0.038096
159.400000 0.031244
159.450000 0.014114
159.500000 -0.033848
159.550000 -0.112643
159.600000 -0.181161
159.650000 -0.242827
159.700000 -0.314771
159.750000 -0.345604
159.800000 -0.331900
159.850000 -0.321622
159.900000 -0.301067
159.950000 -0.242828
160.000000 -0.188013
160.050000 -0.146902
160.100000 -0.092088
160.150000 -0.030422
160.200000 -0.016718
160.250000 -0.033848
160.300000 -0.030422
160.350000 -0.026997
160.400000 -0.074958
160.450000 -0.126347
160.500000 -0.136624
160.550000 -0.119495
160.600000 -0.105791
160.650000 -0.064681
160.700000 0.003837
160.750000 0.065503
160.800000 0.106614
160.850000 0.171706
160.900000 0.229946
160.950000 0.247075
161.000000 0.236797
161.050000 0.205964
161.100000 0.164854
161.150000 0.130595
161.200000 0.106614
161.250000 0.068929
161.300000 0.038096
161.350000 0.038096
161.400000 0.051799
161.450000 0.062077
161.500000 0.096336
161.550000 0.130595
161.600000 0.140873
161.650000 0.137447
161.700000 0.127169
161.750000 0.092910
161.800000 0.048373
161.850000 -0.006441
161.900000 -0.085236
161.950000 -0.174310
162.000000 -0.242828
162.050000 -0.297641
162.100000 -0.338752
162.150000 -0.342178
162.200000 -0.307919
162.250000 -0.259956
162.300000 -0.198291
162.350000 -0.122921
162.400000 -0.033848
162.450000 0.051799
162.500000 0.106614
162.550000 0.120317
162.600000 0.137447
162.650000 0.164854
162.700000 0.147725
162.750000 0.075781
162.800000 0.000411
162.850000 -0.071533
162.900000 -0.174309
162.950000 -0.270234
163.000000 -0.311345
163.050000 -0.325048
163.100000 -0.328475
163.150000 -0.297642
163.200000 -0.242827
163.250000 -0.191439
163.300000 -0.126347
163.350000 -0.033848
163.400000 0.055225
163.450000 0.120317
163.500000 0.161428
163.550000 0.171706
163.600000 0.147724
163.650000 0.113465
163.700000 0.062077
163.750000 -0.030422
163.800000 -0.109217
163.850000 -0.150328
163.900000 -0.181162
163.950000 -0.208568
164.000000 -0.208568
164.050000 -0.174309
164.100000 -0.129773
164.150000 -0.081810
164.200000 -0.023571
164.250000 0.051799
164.300000 0.140872
164.350000 0.226520
164.400000 0.305315
164.450000 0.363556
164.500000 0.387537
164.550000 0.377259
164.600000 0.370407
164.650000 0.346426
164.700000 0.281334
164.750000 0.219668
164.800000 0.185409
164.850000 0.127169
164.900000 0.041521
164.950000 -0.040700
165.000000 -0.126347
165.050000 -0.225697
165.100000 -0.290790
165.150000 -0.349030
165.200000 -0.417547
165.250000 -0.468936
165.300000 -0.482640
165.350000 -0.492917
165.400000 -0.492917
165.450000 -0.455233
165.500000 -0.407270
165.550000 -0.349030
165.600000 -0.259957
165.650000 -0.164032
165.700000 -0.068107
165.750000 0.038095
165.800000 0.116891
165.850000 0.154576
165.900000 0.181983
165.950000 0.199112
166.000000 0.185409
166.050000 0.161428
166.100000 0.106613
166.150000 0.031244
166.200000 -0.009866
166.250000 -0.023570
166.300000 -0.088662
166.350000 -0.157180
166.400000 -0.160605
166.450000 -0.153754
166.500000 -0.177736
166.550000 -0.167458
166.600000 -0.129773
166.650000 -0.119496
166.700000 -0.105791
166.750000 -0.068107
166.800000 -0.064681
166.850000 -0.102366
166.900000 -0.122921
166.950000 -0.150328
167.000000 -0.205142
167.050000 -0.242828
167.100000 -0.256530
167.150000 -0.273660
167.200000 -0.266809
167.250000 -0.215420
167.300000 -0.157180
167.350000 -0.119495
167.400000 -0.081811
167.450000 -0.030422
167.500000 0.014115
167.550000 0.041522
167.600000 0.048374
167.650000 0.024393
167.700000 -0.006441
167.750000 -0.061255
167.800000 -0.146902
167.850000 -0.225698
167.900000 -0.263383
167.950000 -0.280512
168.000000 -0.270234
168.050000 -0.225698
168.100000 -0.146902
168.150000 -0.040700
168.200000 0.096336
168.250000 0.219668
168.300000 0.301889
168.350000 0.356703
168.400000 0.401240
168.450000 0.390963
168.500000 0.325870
168.550000 0.219668
168.600000 0.086058
168.650000 -0.040700
168.700000 -0.143477
168.750000 -0.239401
168.800000 -0.321622
168.850000 -0.342178
168.900000 -0.307919
168.950000 -0.235975
169.000000 -0.109218
169.050000 0.058651
169.100000 0.195687
169.150000 0.295037
169.200000 0.401240
169.250000 0.480035
169.300000 0.500591
169.350000 0.483462
169.400000 0.421795
169.450000 0.305315
169.500000 0.192261
169.550000 0.116892
169.600000 0.024392
169.650000 -0.078384
169.700000 -0.150328
169.750000 -0.184587
169.800000 -0.205143
169.850000 -0.184587
169.900000 -0.140051
169.950000 -0.119495
170.000000 -0.105792
170.050000 -0.081810
170.100000 -0.074958
170.150000 -0.098940
170.200000 -0.116069
170.250000 -0.129772
170.300000 -0.150328
170.350000 -0.170883
170.400000 -0.188013
170.450000 -0.201716
170.500000 -0.164031
170.550000 -0.102366
170.600000 -0.088662
170.650000 -0.092088
170.700000 -0.050978
170.750000 -0.020145
170.800000 -0.044125
170.850000 -0.061255
170.900000 -0.071532
170.950000 -0.109218
171.000000 -0.167458
171.050000 -0.205142
171.100000 -0.232550
171.150000 -0.249679
171.200000 -0.242828
171.250000 -0.222271
171.300000 -0.211995
171.350000 -0.188013
171.400000 -0.143476
171.450000 -0.102366
171.500000 -0.078385
171.550000 -0.047552
171.600000 -0.003015
171.650000 0.031244
171.700000 0.048373
171.750000 0.072355
171.800000 0.116891
171.850000 0.151150
171.900000 0.195687
171.950000 0.260779
172.000000 0.322444
172.050000 0.339574
172.100000 0.329296
172.150000 0.322444
172.200000 0.308741
172.250000 0.260779
172.300000 0.209390
172.350000 0.175132
172.400000 0.120318
172.450000 0.020967
172.500000 -0.074958
172.550000 -0.136625
172.600000 -0.198291
172.650000 -0.253104
172.700000 -0.297641
172.750000 -0.335326
172.800000 -0.355882
172.850000 -0.338752
172.900000 -0.301067
172.950000 -0.242828
173.000000 -0.153754
173.050000 -0.078385
173.100000 -0.016718
173.150000 0.072354
173.200000 0.175131
173.250000 0.226520
173.300000 0.226520
173.350000 0.229946
173.400000 0.195687
173.450000 0.103187
173.500000 0.000411
173.550000 -0.064681
173.600000 -0.105792
173.650000 -0.129773
173.700000 -0.122921
173.750000 -0.074958
173.800000 -0.006441
173.850000 0.072355
173.900000 0.154576
173.950000 0.257353
174.000000 0.360129
174.050000 0.425222
174.100000 0.449202
174.150000 0.445777
174.200000 0.394388
174.250000 0.305316
174.300000 0.212816
174.350000 0.106613
174.400000 -0.023570
174.450000 -0.146902
174.500000 -0.215420
174.550000 -0.253105
174.600000 -0.266809
174.650000 -0.239402
174.700000 -0.184587
174.750000 -0.112643
174.800000 -0.026997
174.850000 0.048374
174.900000 0.096336
174.950000 0.137447
175.000000 0.181983
175.050000 0.209390
175.100000 0.205965
175.150000 0.178557
175.200000 0.137447
175.250000 0.075780
175.300000 0.017540
175.350000 -0.047551
175.400000 -0.092088
175.450000 -0.102365
175.500000 -0.102365
175.550000 -0.105791
175.600000 -0.078384
175.650000 -0.026996
175.700000 0.010689
175.750000 0.034670
175.800000 0.048373
175.850000 0.024392
175.900000 -0.009867
175.950000 -0.016718
176.000000 -0.026996
176.050000 -0.081810
176.100000 -0.160606
176.150000 -0.215420
176.200000 -0.253105
176.250000 -0.280512
176.300000 -0.294215
176.350000 -0.287364
176.400000 -0.256530
176.450000 -0.208568
176.500000 -0.160606
176.550000 -0.095514
176.600000 -0.020144
176.650000 0.027818
176.700000 0.051800
176.750000 0.062077
176.800000 0.089484
176.850000 0.116891
176.900000 0.113465
176.950000 0.099762
177.000000 0.099762
177.050000 0.106613
177.100000 0.082633
177.150000 0.038096
177.200000 0.010689
177.250000 -0.013293
177.300000 -0.061255
177.350000 -0.109217
177.400000 -0.126347
177.450000 -0.140051
177.500000 -0.170883
177.550000 -0.211994
177.600000 -0.229124
177.650000 -0.222271
177.700000 -0.194864
177.750000 -0.157180
177.800000 -0.098939
177.850000 -0.033848
177.900000 0.020966
177.950000 0.086059
178.000000 0.168280
178.050000 0.260779
178.100000 0.325871
178.150000 0.346426
178.200000 0.346426
178.250000 0.349852
178.300000 0.343000
178.350000 0.315592
178.400000 0.288186
178.450000 0.240223
178.500000 0.168280
178.550000 0.120317
178.600000 0.116891
178.650000 0.106614
178.700000 0.092910
178.750000 0.137447
178.800000 0.195687
178.850000 0.229946
178.900000 0.274482
178.950000 0.339574
179.000000 0.363556
179.050000 0.349852
179.100000 0.343000
179.150000 0.325870
179.200000 0.284760
179.250000 0.236797
179.300000 0.161428
179.350000 0.072355
179.400000 0.010688
179.450000 -0.033848
179.500000 -0.092088
179.550000 -0.143476
179.600000 -0.174310
179.650000 -0.208568
179.700000 -0.246253
179.750000 -0.256531
179.800000 -0.246253
179.850000 -0.222272
179.900000 -0.188013
179.950000 -0.146902
180.000000 -0.102366
180.050000 -0.044125
180.100000 0.010689
180.150000 0.058651
180.200000 0.103188
180.250000 0.140873
180.300000 0.158002
180.350000 0.161428
180.400000 0.175132
180.450000 0.164853
180.500000 0.110040
180.550000 0.034670
180.600000 -0.023570
180.650000 -0.081811
180.700000 -0.140050
180.750000 -0.177736
180.800000 -0.194865
180.850000 -0.208568
180.900000 -0.211994
180.950000 -0.201716
181.000000 -0.194865
181.050000 -0.174309
181.100000 -0.136625
181.150000 -0.105791
181.200000 -0.102366
181.250000 -0.109217
181.300000 -0.112643
181.350000 -0.119496
181.400000 -0.126347
181.450000 -0.150328
181.500000 -0.188013
181.550000 -0.201716
181.600000 -0.211994
181.650000 -0.239401
181.700000 -0.259956
181.750000 -0.266808
181.800000 -0.277086
181.850000 -0.287364
181.900000 -0.297641
181.950000 -0.318197
182.000000 -0.318197
182.050000 -0.301067
182.100000 -0.304493
182.150000 -0.335327
182.200000 -0.338752
182.250000 -0.321623
182.300000 -0.318197
182.350000 -0.304494
182.400000 -0.256531
182.450000 -0.229124
182.500000 -0.215420
182.550000 -0.174310
182.600000 -0.126347
182.650000 -0.098939
182.700000 -0.064681
182.750000 0.007263
182.800000 0.086058
182.850000 0.134021
182.900000 0.147724
182.950000 0.168280
183.000000 0.199113
183.050000 0.209390
183.100000 0.202539
183.150000 0.188835
183.200000 0.178558
183.250000 0.154576
183.300000 0.151150
183.350000 0.154576
183.400000 0.158002
183.450000 0.171705
183.500000 0.188835
183.550000 0.175132
183.600000 0.161428
183.650000 0.158002
183.700000 0.137447
183.750000 0.089484
183.800000 0.055225
183.850000 0.038096
183.900000 0.003837
183.950000 -0.040699
184.000000 -0.074959
184.050000 -0.098940
184.100000 -0.116070
184.150000 -0.133199
184.200000 -0.160606
184.250000 -0.188013
184.300000 -0.211994
184.350000 -0.253104
184.400000 -0.331901
184.450000 -0.400418
184.500000 -0.444954
184.550000 -0.489491
184.600000 -0.534028
184.650000 -0.561434
184.700000 -0.551157
184.750000 -0.492917
184.800000 -0.393566
184.850000 -0.277086
184.900000 -0.170883
184.950000 -0.071533
185.000000 0.027818
185.050000 0.103188
185.100000 0.158002
185.150000 0.185409
185.200000 0.171706
185.250000 0.140872
185.300000 0.106614
185.350000 0.065503
185.400000 0.003837
185.450000 -0.047552
185.500000 -0.071533
185.550000 -0.102366
185.600000 -0.126347
185.650000 -0.126347
185.700000 -0.112644
185.750000 -0.105792
185.800000 -0.085236
185.850000 -0.030422
185.900000 0.027818
185.950000 0.086058
186.000000 0.147724
186.050000 0.199113
186.100000 0.260779
186.150000 0.353278
186.200000 0.425222
186.250000 0.445777
186.300000 0.442350
186.350000 0.401241
186.400000 0.312167
186.450000 0.212816
186.500000 0.113465
186.550000 -0.026996
186.600000 -0.174309
186.650000 -0.263382
186.700000 -0.328475
186.750000 -0.414122
186.800000 -0.455233
186.850000 -0.420973
186.900000 -0.376436
186.950000 -0.321622
187.000000 -0.225698
187.050000 -0.119495
187.100000 -0.044126
187.150000 0.014115
187.200000 0.058651
187.250000 0.062077
187.300000 0.055225
187.350000 0.034670
187.400000 -0.006441
187.450000 -0.040700
187.500000 -0.061255
187.550000 -0.112643
187.600000 -0.164032
187.650000 -0.143476
187.700000 -0.092088
187.750000 -0.078384
187.800000 -0.064680
187.850000 -0.009866
187.900000 0.038096
187.950000 0.062077
188.000000 0.075781
188.050000 0.068929
188.100000 0.017541
188.150000 -0.023570
188.200000 -0.071533
188.250000 -0.153754
188.300000 -0.225698
188.350000 -0.256531
188.400000 -0.283937
188.450000 -0.294216
188.500000 -0.259956
188.550000 -0.201716
188.600000 -0.109217
188.650000 0.003837
188.700000 0.092910
188.750000 0.161428
188.800000 0.281334
188.850000 0.397814
188.900000 0.421795
