time[ns] Raw_signal[mV]
-11.150000 0.176913
-11.100000 0.077562
-11.050000 0.022748
-11.000000 -0.052622
-10.950000 -0.148547
-10.900000 -0.186232
-10.850000 -0.162250
-10.800000 -0.141695
-10.750000 -0.127992
-10.700000 -0.069752
-10.650000 0.022748
-10.600000 0.084413
-10.550000 0.111820
-10.500000 0.152931
-10.450000 0.204319
-10.400000 0.224875
-10.350000 0.187191
-10.300000 0.118673
-10.250000 0.063858
-10.200000 0.033025
-10.150000 -0.018363
-10.100000 -0.104010
-10.050000 -0.175954
-10.000000 -0.220491
-9.950000 -0.268453
-9.900000 -0.316415
-9.850000 -0.326693
-9.800000 -0.306137
-9.750000 -0.295860
-9.700000 -0.306137
-9.650000 -0.292434
-9.600000 -0.251324
-9.550000 -0.223917
-9.500000 -0.220490
-9.450000 -0.206787
-9.400000 -0.172528
-9.350000 -0.141695
-9.300000 -0.110862
-9.250000 -0.052622
-9.200000 0.002192
-9.150000 0.043303
-9.100000 0.115247
-9.050000 0.207746
-9.000000 0.272838
-8.950000 0.320800
-8.900000 0.399596
-8.850000 0.485243
-8.800000 0.536631
-8.750000 0.536631
-8.700000 0.498946
-8.650000 0.457835
-8.600000 0.416725
-8.550000 0.341356
-8.500000 0.224876
-8.450000 0.139228
-8.400000 0.074136
-8.350000 -0.014938
-8.300000 -0.076603
-8.250000 -0.066325
-8.200000 -0.025214
-8.150000 0.026173
-8.100000 0.104969
-8.050000 0.197468
-8.000000 0.262560
-7.950000 0.300244
-7.900000 0.334504
-7.850000 0.375614
-7.800000 0.399596
-7.750000 0.403021
-7.700000 0.399596
-7.650000 0.413299
-7.600000 0.437280
-7.550000 0.454410
-7.500000 0.492095
-7.450000 0.581168
-7.400000 0.670240
-7.350000 0.731907
-7.300000 0.820980
-7.250000 0.916905
-7.200000 0.958016
-7.150000 0.930608
-7.100000 0.879221
-7.050000 0.810702
-7.000000 0.694222
-6.950000 0.529779
-6.900000 0.358485
-6.850000 0.187191
-6.800000 0.029599
-6.750000 -0.127992
-6.700000 -0.268453
-6.650000 -0.336971
-6.600000 -0.319841
-6.550000 -0.275305
-6.500000 -0.237620
-6.450000 -0.158824
-6.400000 -0.073177
-6.350000 -0.021789
-6.300000 0.022748
-6.250000 0.080988
-6.200000 0.101543
-6.150000 0.067284
-6.100000 0.039877
-6.050000 0.026174
-6.000000 -0.004659
-5.950000 -0.042345
-5.900000 -0.062900
-5.850000 -0.083455
-5.800000 -0.117713
-5.750000 -0.169102
-5.700000 -0.227343
-5.650000 -0.275305
-5.600000 -0.319842
-5.550000 -0.384933
-5.500000 -0.443173
-5.450000 -0.470580
-5.400000 -0.494562
-5.350000 -0.539099
-5.300000 -0.552802
-5.250000 -0.539099
-5.200000 -0.515117
-5.150000 -0.446600
-5.100000 -0.319841
-5.050000 -0.189658
-5.000000 -0.090306
-4.950000 0.005618
-4.900000 0.077562
-4.850000 0.104969
-4.800000 0.118672
-4.750000 0.118672
-4.700000 0.087839
-4.650000 0.033025
-4.600000 -0.008085
-4.550000 -0.021789
-4.500000 -0.042344
-4.450000 -0.045770
-4.400000 0.002192
-4.350000 0.101543
-4.300000 0.218023
-4.250000 0.327652
-4.200000 0.420151
-4.150000 0.492095
-4.100000 0.546909
-4.050000 0.574316
-4.000000 0.533205
-3.950000 0.413299
-3.900000 0.248856
-3.850000 0.077562
-3.800000 -0.104011
-3.750000 -0.309564
-3.700000 -0.501413
-3.650000 -0.624745
-3.600000 -0.700115
-3.550000 -0.775485
-3.500000 -0.806317
-3.450000 -0.765207
-3.400000 -0.676134
-3.350000 -0.569932
-3.300000 -0.532246
-3.250000 -0.597338
-3.200000 -0.631597
-3.150000 -0.556227
-3.100000 -0.600764
-3.050000 -0.809743
-3.000000 -0.895391
-2.950000 -0.837151
-2.900000 -0.874835
-2.850000 -0.936502
-2.800000 -0.847429
-2.750000 -0.737800
-2.700000 -0.576783
-2.650000 -0.175954
-2.600000 0.224875
-2.550000 0.361911
-2.500000 0.557187
-2.450000 0.937461
-2.400000 1.064218
-2.350000 0.934034
-2.300000 0.961442
-2.250000 0.978571
-2.200000 0.707925
-2.150000 0.505798
-2.100000 0.605149
-2.050000 0.584593
-2.000000 0.320800
-1.950000 0.190617
-1.900000 0.276263
-1.850000 0.403021
-1.800000 0.512650
-1.750000 0.526353
-1.700000 0.382466
-1.650000 0.286542
-1.600000 0.272838
-1.550000 0.111821
-1.500000 -0.107437
-1.450000 -0.114288
-1.400000 -0.038918
-1.350000 -0.124565
-1.300000 -0.206787
-1.250000 -0.189657
-1.200000 -0.234195
-1.150000 -0.186232
-1.100000 0.043303
-1.050000 0.046729
-1.000000 -0.251324
-0.950000 -0.330119
-0.900000 -0.155399
-0.850000 -0.169102
-0.800000 -0.251323
-0.750000 -0.110862
-0.700000 0.015896
-0.650000 -0.045770
-0.600000 -0.011511
-0.550000 0.173487
-0.500000 0.259134
-0.450000 0.300245
-0.400000 0.440706
-0.350000 0.553760
-0.300000 0.570890
-0.250000 0.598297
-0.200000 0.656538
-0.150000 0.649686
-0.100000 0.598297
-0.050000 0.557186
0.000000 0.546909
0.050000 0.543483
0.100000 0.485243
0.150000 0.379041
0.200000 0.385892
0.250000 0.474965
0.300000 0.430428
0.350000 0.303671
0.400000 0.355059
0.450000 0.529779
0.500000 0.601723
0.550000 0.601723
0.600000 0.659963
0.650000 0.673667
0.700000 0.591445
0.750000 0.584593
0.800000 0.755888
0.850000 1.088200
0.900000 1.653471
0.950000 2.619572
1.000000 4.089279
1.050000 6.172220
1.100000 9.008854
1.150000 12.684835
1.200000 17.189880
1.250000 22.462332
1.300000 28.447359
1.350000 34.994230
1.400000 41.880276
1.450000 48.896493
1.500000 55.977811
1.550000 63.065975
1.600000 69.965723
1.650000 76.519453
1.700000 82.727163
1.750000 88.520343
1.800000 93.737973
1.850000 98.342363
1.900000 102.364363
1.950000 105.786833
2.000000 108.530963
2.050000 110.538533
2.100000 111.775283
2.150000 112.275463
2.200000 112.028793
2.250000 110.929083
2.300000 108.976333
2.350000 106.338393
2.400000 103.118053
2.450000 99.257083
2.500000 94.847953
2.550000 90.092823
2.600000 85.049913
2.650000 79.722653
2.700000 74.285763
2.750000 68.876293
2.800000 63.480503
2.850000 58.177233
2.900000 53.206273
2.950000 48.670393
3.000000 44.528483
3.050000 40.927873
3.100000 38.050123
3.150000 35.884963
3.200000 34.357023
3.250000 33.510823
3.300000 33.342963
3.350000 33.709524
3.400000 34.500904
3.450000 35.662283
3.500000 37.087453
3.550000 38.615393
3.600000 40.150203
3.650000 41.630183
3.700000 42.973123
3.750000 44.127653
3.800000 45.062923
3.850000 45.741253
3.900000 46.118103
3.950000 46.196893
4.000000 46.001623
4.050000 45.501443
4.100000 44.648383
4.150000 43.463033
4.200000 42.010453
4.250000 40.297513
4.300000 38.293363
4.350000 36.035703
4.400000 33.637583
4.450000 31.174363
4.500000 28.656343
4.550000 26.131463
4.600000 23.719633
4.650000 21.499653
4.700000 19.454393
4.750000 17.618118
4.800000 16.086750
4.850000 14.880834
4.900000 13.979823
4.950000 13.366590
5.000000 13.034276
5.050000 12.969187
5.100000 13.143908
5.150000 13.548167
5.200000 14.151114
5.250000 14.897966
5.300000 15.747588
5.350000 16.658873
5.400000 17.594135
5.450000 18.498573
5.500000 19.324208
5.550000 20.053929
5.600000 20.674014
5.650000 21.133084
5.700000 21.403731
5.750000 21.499654
5.800000 21.396877
5.850000 21.088550
5.900000 20.588362
5.950000 19.923741
6.000000 19.077552
6.050000 18.094318
6.100000 17.022010
6.150000 15.877768
6.200000 14.675280
6.250000 13.441960
6.300000 12.239472
6.350000 11.139761
6.400000 10.132550
6.450000 9.163022
6.500000 8.279143
6.550000 7.573409
6.600000 6.991008
6.650000 6.442866
6.700000 6.000927
6.750000 5.730280
6.800000 5.562412
6.850000 5.435654
6.900000 5.384266
6.950000 5.442505
7.000000 5.579542
7.050000 5.750836
7.100000 5.942686
7.150000 6.175647
7.200000 6.442866
7.250000 6.706659
7.300000 6.953323
7.350000 7.210265
7.400000 7.453503
7.450000 7.635076
7.500000 7.772111
7.550000 7.933128
7.600000 8.070164
7.650000 8.131829
7.700000 8.148959
7.750000 8.152385
7.800000 8.094145
7.850000 7.957110
7.900000 7.785815
7.950000 7.583687
8.000000 7.306190
8.050000 6.956749
8.100000 6.566198
8.150000 6.131110
8.200000 5.644633
8.250000 5.147880
8.300000 4.657977
8.350000 4.147520
8.400000 3.630210
8.450000 3.140308
8.500000 2.667534
8.550000 2.208466
8.600000 1.783656
8.650000 1.423936
8.700000 1.136162
8.750000 0.937461
8.800000 0.800425
8.850000 0.718203
8.900000 0.718203
8.950000 0.820980
9.000000 0.975145
9.050000 1.143014
9.100000 1.355419
9.150000 1.584954
9.200000 1.787081
9.250000 1.961801
9.300000 2.143373
9.350000 2.300965
9.400000 2.420871
9.450000 2.516796
9.500000 2.609295
9.550000 2.705220
9.600000 2.797719
9.650000 2.873088
9.700000 2.924476
9.750000 2.955309
9.800000 2.941606
9.850000 2.862811
9.900000 2.753182
9.950000 2.605869
10.000000 2.393464
10.050000 2.133096
10.100000 1.845321
10.150000 1.492455
10.200000 1.098477
10.250000 0.749036
10.300000 0.437280
10.350000 0.108395
10.400000 -0.186232
10.450000 -0.415766
10.500000 -0.624745
10.550000 -0.844003
10.600000 -1.029000
10.650000 -1.186592
10.700000 -1.354460
10.750000 -1.505199
10.800000 -1.618254
10.850000 -1.700475
10.900000 -1.724457
10.950000 -1.683346
11.000000 -1.597698
11.050000 -1.474366
11.100000 -1.258535
11.150000 -0.933076
11.200000 -0.566506
11.250000 -0.206787
11.300000 0.163209
11.350000 0.543483
11.400000 0.865517
11.450000 1.088200
11.500000 1.232087
11.550000 1.321160
11.600000 1.348567
11.650000 1.300604
11.700000 1.194402
11.750000 1.047088
11.800000 0.879220
11.850000 0.697648
11.900000 0.474965
11.950000 0.224875
12.000000 -0.004660
12.050000 -0.230768
12.100000 -0.494562
12.150000 -0.785762
12.200000 -1.073538
12.250000 -1.385293
12.300000 -1.710753
12.350000 -2.005380
12.400000 -2.255469
12.450000 -2.488430
12.500000 -2.676854
12.550000 -2.772779
12.600000 -2.793334
12.650000 -2.745372
12.700000 -2.639168
12.750000 -2.491856
12.800000 -2.334264
12.850000 -2.180100
12.900000 -2.019083
12.950000 -1.847789
13.000000 -1.676494
13.050000 -1.532607
13.100000 -1.416126
13.150000 -1.275665
13.200000 -1.107796
13.250000 -0.977613
13.300000 -0.867984
13.350000 -0.696689
13.400000 -0.494562
13.450000 -0.343823
13.500000 -0.199935
13.550000 -0.062900
13.600000 -0.025214
13.650000 -0.083455
13.700000 -0.165676
13.750000 -0.285582
13.800000 -0.477432
13.850000 -0.672708
13.900000 -0.850854
13.950000 -1.070111
14.000000 -1.323628
14.050000 -1.549736
14.100000 -1.751864
14.150000 -1.957417
14.200000 -2.138989
14.250000 -2.296580
14.300000 -2.419912
14.350000 -2.488430
14.400000 -2.539818
14.450000 -2.577503
14.500000 -2.556947
14.550000 -2.447319
14.600000 -2.306858
14.650000 -2.145840
14.700000 -1.936861
14.750000 -1.690197
14.800000 -1.422978
14.850000 -1.162611
14.900000 -0.919372
14.950000 -0.686411
15.000000 -0.494562
15.050000 -0.367803
15.100000 -0.271879
15.150000 -0.186231
15.200000 -0.175954
15.250000 -0.237620
15.300000 -0.295860
15.350000 -0.367804
15.400000 -0.515117
15.450000 -0.717244
15.500000 -0.943353
15.550000 -1.190017
15.600000 -1.426404
15.650000 -1.631957
15.700000 -1.834084
15.750000 -2.032787
15.800000 -2.204081
15.850000 -2.330839
15.900000 -2.409634
15.950000 -2.426764
16.000000 -2.419912
16.050000 -2.416486
16.100000 -2.406209
16.150000 -2.361672
16.200000 -2.306857
16.250000 -2.279451
16.300000 -2.293154
16.350000 -2.306858
16.400000 -2.296580
16.450000 -2.289728
16.500000 -2.306857
16.550000 -2.300006
16.600000 -2.245191
16.650000 -2.169822
16.700000 -2.070471
16.750000 -1.919732
16.800000 -1.741585
16.850000 -1.560013
16.900000 -1.354460
16.950000 -1.142055
17.000000 -0.970761
17.050000 -0.830299
17.100000 -0.706967
17.150000 -0.641875
17.200000 -0.648727
17.250000 -0.696689
17.300000 -0.796040
17.350000 -0.946780
17.400000 -1.114648
17.450000 -1.303072
17.500000 -1.518903
17.550000 -1.734734
17.600000 -1.933436
17.650000 -2.111582
17.700000 -2.269173
17.750000 -2.385653
17.800000 -2.488430
17.850000 -2.580929
17.900000 -2.611762
17.950000 -2.608336
18.000000 -2.615188
18.050000 -2.615188
18.100000 -2.560374
18.150000 -2.478152
18.200000 -2.385653
18.250000 -2.255469
18.300000 -2.101304
18.350000 -1.953991
18.400000 -1.816956
18.450000 -1.700476
18.500000 -1.597699
18.550000 -1.484644
18.600000 -1.364738
18.650000 -1.320202
18.700000 -1.333905
18.750000 -1.323627
18.800000 -1.292794
18.850000 -1.313349
18.900000 -1.344183
18.950000 -1.337330
19.000000 -1.340757
19.050000 -1.361312
19.100000 -1.381868
19.150000 -1.398997
19.200000 -1.460662
19.250000 -1.529181
19.300000 -1.577143
19.350000 -1.655939
19.400000 -1.779270
19.450000 -1.919732
19.500000 -2.049916
19.550000 -2.162970
19.600000 -2.258895
19.650000 -2.320561
19.700000 -2.351395
19.750000 -2.330839
19.800000 -2.279450
19.850000 -2.217785
19.900000 -2.132137
19.950000 -2.029361
20.000000 -1.940288
20.050000 -1.878621
20.100000 -1.806678
20.150000 -1.738160
20.200000 -1.724457
20.250000 -1.751863
20.300000 -1.762141
20.350000 -1.765567
20.400000 -1.772418
20.450000 -1.755290
20.500000 -1.690197
20.550000 -1.621679
20.600000 -1.570291
20.650000 -1.508625
20.700000 -1.429830
20.750000 -1.361312
20.800000 -1.316775
20.850000 -1.289368
20.900000 -1.275665
20.950000 -1.255110
21.000000 -1.248258
21.050000 -1.282517
21.100000 -1.313350
21.150000 -1.320201
21.200000 -1.316776
21.250000 -1.320202
21.300000 -1.327053
21.350000 -1.344183
21.400000 -1.378441
21.450000 -1.429830
21.500000 -1.501773
21.550000 -1.604550
21.600000 -1.710753
21.650000 -1.830659
21.700000 -1.967694
21.750000 -2.087601
21.800000 -2.173248
21.850000 -2.204081
21.900000 -2.173248
21.950000 -2.118433
22.000000 -2.029360
22.050000 -1.871769
22.100000 -1.669642
22.150000 -1.467515
22.200000 -1.285942
22.250000 -1.135203
22.300000 -1.046130
22.350000 -0.998168
22.400000 -0.981038
22.450000 -1.018723
22.500000 -1.090667
22.550000 -1.162610
22.600000 -1.248257
22.650000 -1.340757
22.700000 -1.395570
22.750000 -1.412701
22.800000 -1.453811
22.850000 -1.508626
22.900000 -1.539458
22.950000 -1.566865
23.000000 -1.618254
23.050000 -1.679920
23.100000 -1.755289
23.150000 -1.834085
23.200000 -1.906028
23.250000 -1.971121
23.300000 -2.046490
23.350000 -2.067045
23.400000 -2.008805
23.450000 -1.930009
23.500000 -1.858066
23.550000 -1.779271
23.600000 -1.700475
23.650000 -1.638809
23.700000 -1.587420
23.750000 -1.553162
23.800000 -1.525755
23.850000 -1.498348
23.900000 -1.474367
23.950000 -1.453811
24.000000 -1.395571
24.050000 -1.306498
24.100000 -1.227702
24.150000 -1.152332
24.200000 -1.076963
24.250000 -1.032427
24.300000 -1.029000
24.350000 -1.042705
24.400000 -1.097518
24.450000 -1.227702
24.500000 -1.375016
24.550000 -1.508625
24.600000 -1.635383
24.650000 -1.748438
24.700000 -1.803251
24.750000 -1.837510
24.800000 -1.854640
24.850000 -1.813530
24.900000 -1.738160
24.950000 -1.652512
25.000000 -1.546310
25.050000 -1.474366
25.100000 -1.457237
25.150000 -1.422978
25.200000 -1.385294
25.250000 -1.436682
25.300000 -1.539458
25.350000 -1.590847
25.400000 -1.631958
25.450000 -1.700475
25.500000 -1.745011
25.550000 -1.751863
25.600000 -1.762141
25.650000 -1.765567
25.700000 -1.748438
25.750000 -1.717604
25.800000 -1.666216
25.850000 -1.597698
25.900000 -1.529180
25.950000 -1.453811
26.000000 -1.398997
26.050000 -1.395571
26.100000 -1.409275
26.150000 -1.385293
26.200000 -1.381868
26.250000 -1.457237
26.300000 -1.549736
26.350000 -1.618253
26.400000 -1.697049
26.450000 -1.789548
26.500000 -1.864918
26.550000 -1.926584
26.600000 -1.984824
26.650000 -2.022509
26.700000 -2.043064
26.750000 -2.067045
26.800000 -2.104730
26.850000 -2.162970
26.900000 -2.231488
26.950000 -2.300006
27.000000 -2.399356
27.050000 -2.532966
27.100000 -2.649447
27.150000 -2.717965
27.200000 -2.776205
27.250000 -2.803612
27.300000 -2.731668
27.350000 -2.560374
27.400000 -2.351394
27.450000 -2.111582
27.500000 -1.837511
27.550000 -1.580569
27.600000 -1.378442
27.650000 -1.231128
27.700000 -1.162611
27.750000 -1.176314
27.800000 -1.220851
27.850000 -1.296220
27.900000 -1.422978
27.950000 -1.549736
28.000000 -1.611402
28.050000 -1.628531
28.100000 -1.611402
28.150000 -1.536032
28.200000 -1.443534
28.250000 -1.378441
28.300000 -1.323628
28.350000 -1.289368
28.400000 -1.323627
28.450000 -1.405848
28.500000 -1.498348
28.550000 -1.631957
28.600000 -1.813529
28.650000 -1.984824
28.700000 -2.128711
28.750000 -2.248618
28.800000 -2.313709
28.850000 -2.320561
28.900000 -2.323987
28.950000 -2.296580
29.000000 -2.221210
29.050000 -2.142415
29.100000 -2.097878
29.150000 -2.049916
29.200000 -2.012231
29.250000 -2.032786
29.300000 -2.063619
29.350000 -2.080748
29.400000 -2.101304
29.450000 -2.125286
29.500000 -2.132137
29.550000 -2.145841
29.600000 -2.166396
29.650000 -2.156118
29.700000 -2.118434
29.750000 -2.077323
29.800000 -2.015657
29.850000 -1.912880
29.900000 -1.806678
29.950000 -1.700475
30.000000 -1.587421
30.050000 -1.481218
30.100000 -1.385293
30.150000 -1.299646
30.200000 -1.248257
30.250000 -1.255110
30.300000 -1.303071
30.350000 -1.409275
30.400000 -1.590847
30.450000 -1.803251
30.500000 -1.998528
30.550000 -2.200655
30.600000 -2.426764
30.650000 -2.635743
30.700000 -2.776204
30.750000 -2.861852
30.800000 -2.913240
30.850000 -2.916667
30.900000 -2.837870
30.950000 -2.700835
31.000000 -2.556948
31.050000 -2.416486
31.100000 -2.265747
31.150000 -2.104731
31.200000 -1.988250
31.250000 -1.933436
31.300000 -1.923158
31.350000 -1.940287
31.400000 -1.988250
31.450000 -2.036212
31.500000 -2.073897
31.550000 -2.111581
31.600000 -2.138989
31.650000 -2.142415
31.700000 -2.142415
31.750000 -2.138989
31.800000 -2.125286
31.850000 -2.121859
31.900000 -2.128712
31.950000 -2.115008
32.000000 -2.097878
32.050000 -2.125286
32.100000 -2.152692
32.150000 -2.125286
32.200000 -2.101304
32.250000 -2.121860
32.300000 -2.142415
32.350000 -2.128711
32.400000 -2.111582
32.450000 -2.111582
32.500000 -2.125286
32.550000 -2.152693
32.600000 -2.197230
32.650000 -2.262321
32.700000 -2.323987
32.750000 -2.354820
32.800000 -2.378802
32.850000 -2.426764
32.900000 -2.467874
32.950000 -2.450745
33.000000 -2.389079
33.050000 -2.317136
33.100000 -2.231488
33.150000 -2.115008
33.200000 -1.967695
33.250000 -1.813530
33.300000 -1.662790
33.350000 -1.525755
33.400000 -1.412701
33.450000 -1.330479
33.500000 -1.289368
33.550000 -1.275665
33.600000 -1.279091
33.650000 -1.327053
33.700000 -1.405848
33.750000 -1.470941
33.800000 -1.546310
33.850000 -1.686771
33.900000 -1.858066
33.950000 -1.988250
34.000000 -2.115008
34.050000 -2.289728
34.100000 -2.454171
34.150000 -2.574077
34.200000 -2.693984
34.250000 -2.800186
34.300000 -2.851574
34.350000 -2.872129
34.400000 -2.885833
34.450000 -2.855000
34.500000 -2.772779
34.550000 -2.673428
34.600000 -2.574078
34.650000 -2.457596
34.700000 -2.323987
34.750000 -2.190377
34.800000 -2.087601
34.850000 -2.022508
34.900000 -1.977972
34.950000 -1.933436
35.000000 -1.919732
35.050000 -1.936861
35.100000 -1.936861
35.150000 -1.933435
35.200000 -1.957417
35.250000 -1.991676
35.300000 -2.008805
35.350000 -2.025935
35.400000 -2.053341
35.450000 -2.063619
35.500000 -2.036212
35.550000 -1.988250
35.600000 -1.953991
35.650000 -1.936862
35.700000 -1.926584
35.750000 -1.926584
35.800000 -1.981398
35.850000 -2.101304
35.900000 -2.252043
35.950000 -2.416487
36.000000 -2.615188
36.050000 -2.848149
36.100000 -3.067406
36.150000 -3.242126
36.200000 -3.375735
36.250000 -3.464808
36.300000 -3.461383
36.350000 -3.338050
36.400000 -3.153053
36.450000 -2.992036
36.500000 -2.834444
36.550000 -2.635743
36.600000 -2.464449
36.650000 -2.395931
36.700000 -2.395930
36.750000 -2.423337
36.800000 -2.485004
36.850000 -2.587780
36.900000 -2.683705
36.950000 -2.762501
37.000000 -2.831019
37.050000 -2.872130
37.100000 -2.875556
37.150000 -2.837870
37.200000 -2.735094
37.250000 -2.598059
37.300000 -2.464449
37.350000 -2.334265
37.400000 -2.176674
37.450000 -2.046490
37.500000 -1.981398
37.550000 -1.933436
37.600000 -1.888899
37.650000 -1.912880
37.700000 -1.988249
37.750000 -2.077323
37.800000 -2.193803
37.850000 -2.327413
37.900000 -2.430190
37.950000 -2.515837
38.000000 -2.604910
38.050000 -2.646020
38.100000 -2.622039
38.150000 -2.594632
38.200000 -2.556947
38.250000 -2.464448
38.300000 -2.358246
38.350000 -2.265746
38.400000 -2.173248
38.450000 -2.084175
38.500000 -2.039638
38.550000 -1.998527
38.600000 -1.953991
38.650000 -1.933436
38.700000 -1.950565
38.750000 -1.977972
38.800000 -2.039638
38.850000 -2.121859
38.900000 -2.200655
38.950000 -2.276025
39.000000 -2.361672
39.050000 -2.471301
39.100000 -2.591207
39.150000 -2.700835
39.200000 -2.789908
39.250000 -2.889259
39.300000 -2.992036
39.350000 -3.043424
39.400000 -3.039998
39.450000 -3.019442
39.500000 -2.988609
39.550000 -2.944073
39.600000 -2.885833
39.650000 -2.817315
39.700000 -2.717965
39.750000 -2.608336
39.800000 -2.512411
39.850000 -2.450745
39.900000 -2.409634
39.950000 -2.361672
40.000000 -2.317136
40.050000 -2.327413
40.100000 -2.371950
40.150000 -2.385653
40.200000 -2.392505
40.250000 -2.474727
40.300000 -2.560373
40.350000 -2.567226
40.400000 -2.567225
40.450000 -2.611762
40.500000 -2.628891
40.550000 -2.604911
40.600000 -2.584355
40.650000 -2.577503
40.700000 -2.556948
40.750000 -2.505559
40.800000 -2.437042
40.850000 -2.382227
40.900000 -2.354820
40.950000 -2.337691
41.000000 -2.327413
41.050000 -2.354820
41.100000 -2.409634
41.150000 -2.450745
41.200000 -2.498708
41.250000 -2.560373
41.300000 -2.598058
41.350000 -2.591206
41.400000 -2.570651
41.450000 -2.519262
41.500000 -2.395931
41.550000 -2.255469
41.600000 -2.138989
41.650000 -2.008805
41.700000 -1.851214
41.750000 -1.734734
41.800000 -1.679920
41.850000 -1.645660
41.900000 -1.649087
41.950000 -1.697049
42.000000 -1.779271
42.050000 -1.899177
42.100000 -2.049916
42.150000 -2.204081
42.200000 -2.378802
42.250000 -2.584355
42.300000 -2.786482
42.350000 -2.933796
42.400000 -3.046850
42.450000 -3.153053
42.500000 -3.242126
42.550000 -3.290088
42.600000 -3.269532
42.650000 -3.194163
42.700000 -3.087961
42.750000 -2.954350
42.800000 -2.803612
42.850000 -2.646021
42.900000 -2.467874
42.950000 -2.272599
43.000000 -2.111582
43.050000 -2.022509
43.100000 -1.971120
43.150000 -1.933436
43.200000 -1.940287
43.250000 -1.971120
43.300000 -2.001954
43.350000 -2.056768
43.400000 -2.138989
43.450000 -2.180099
43.500000 -2.207507
43.550000 -2.269172
43.600000 -2.344542
43.650000 -2.402782
43.700000 -2.454170
43.750000 -2.502133
43.800000 -2.532966
43.850000 -2.577503
43.900000 -2.618614
43.950000 -2.618613
44.000000 -2.615188
44.050000 -2.642595
44.100000 -2.646021
44.150000 -2.598058
44.200000 -2.560373
44.250000 -2.553522
44.300000 -2.508985
44.350000 -2.437041
44.400000 -2.389079
44.450000 -2.344542
44.500000 -2.245192
44.550000 -2.108156
44.600000 -1.974546
44.650000 -1.861492
44.700000 -1.748438
44.750000 -1.631958
44.800000 -1.542884
44.850000 -1.505200
44.900000 -1.505199
44.950000 -1.498347
45.000000 -1.518903
45.050000 -1.604550
45.100000 -1.721030
45.150000 -1.823807
45.200000 -1.950565
45.250000 -2.104730
45.300000 -2.224637
45.350000 -2.310284
45.400000 -2.419912
45.450000 -2.532966
45.500000 -2.594632
45.550000 -2.625465
45.600000 -2.670002
45.650000 -2.693983
45.700000 -2.690557
45.750000 -2.693983
45.800000 -2.711113
45.850000 -2.714538
45.900000 -2.724816
45.950000 -2.741945
46.000000 -2.745372
46.050000 -2.741945
46.100000 -2.738520
46.150000 -2.707687
46.200000 -2.639169
46.250000 -2.574077
46.300000 -2.491856
46.350000 -2.392505
46.400000 -2.310283
46.450000 -2.262321
46.500000 -2.234914
46.550000 -2.217784
46.600000 -2.231488
46.650000 -2.258895
46.700000 -2.296580
46.750000 -2.341116
46.800000 -2.389079
46.850000 -2.423338
46.900000 -2.443893
46.950000 -2.471301
47.000000 -2.498707
47.050000 -2.508985
47.100000 -2.505559
47.150000 -2.519263
47.200000 -2.546670
47.250000 -2.591206
47.300000 -2.673428
47.350000 -2.765927
47.400000 -2.837871
47.450000 -2.902962
47.500000 -2.964629
47.550000 -2.992036
47.600000 -2.974907
47.650000 -2.920092
47.700000 -2.827593
47.750000 -2.690557
47.800000 -2.550096
47.850000 -2.430189
47.900000 -2.330838
47.950000 -2.234914
48.000000 -2.176674
48.050000 -2.166396
48.100000 -2.193803
48.150000 -2.248618
48.200000 -2.341117
48.250000 -2.443893
48.300000 -2.522688
48.350000 -2.604910
48.400000 -2.680280
48.450000 -2.717964
48.500000 -2.704261
48.550000 -2.670002
48.600000 -2.646021
48.650000 -2.635743
48.700000 -2.611762
48.750000 -2.574077
48.800000 -2.560374
48.850000 -2.574077
48.900000 -2.574077
48.950000 -2.550096
49.000000 -2.522688
49.050000 -2.498708
49.100000 -2.437042
49.150000 -2.351394
49.200000 -2.276024
49.250000 -2.190377
49.300000 -2.094452
49.350000 -2.019083
49.400000 -1.957416
49.450000 -1.923158
49.500000 -1.916307
49.550000 -1.933435
49.600000 -1.977973
49.650000 -2.077323
49.700000 -2.176673
49.750000 -2.231488
49.800000 -2.272599
49.850000 -2.327413
49.900000 -2.337691
49.950000 -2.276024
50.000000 -2.183526
50.050000 -2.084175
50.100000 -1.974546
50.150000 -1.864917
50.200000 -1.775844
50.250000 -1.727883
50.300000 -1.724457
50.350000 -1.727883
50.400000 -1.755289
50.450000 -1.851214
50.500000 -2.008805
50.550000 -2.180100
50.600000 -2.365098
50.650000 -2.570651
50.700000 -2.741945
50.750000 -2.865278
50.800000 -2.968055
50.850000 -3.043424
50.900000 -3.046850
50.950000 -2.998887
51.000000 -2.947499
51.050000 -2.875556
51.100000 -2.752224
51.150000 -2.622039
51.200000 -2.536392
51.250000 -2.474726
51.300000 -2.399357
51.350000 -2.351394
51.400000 -2.389079
51.450000 -2.447319
51.500000 -2.447319
51.550000 -2.430190
51.600000 -2.450745
51.650000 -2.461023
51.700000 -2.447319
51.750000 -2.440468
51.800000 -2.426764
51.850000 -2.371949
51.900000 -2.293154
51.950000 -2.217785
52.000000 -2.135563
52.050000 -2.060193
52.100000 -2.019083
52.150000 -1.977972
52.200000 -1.943714
52.250000 -1.974546
52.300000 -2.049916
52.350000 -2.121860
52.400000 -2.186952
52.450000 -2.293154
52.500000 -2.419912
52.550000 -2.522689
52.600000 -2.591206
52.650000 -2.625466
52.700000 -2.642595
52.750000 -2.639169
52.800000 -2.580929
52.850000 -2.491856
52.900000 -2.399357
52.950000 -2.289728
53.000000 -2.180099
53.050000 -2.118433
53.100000 -2.091026
53.150000 -2.063620
53.200000 -2.070471
53.250000 -2.118434
53.300000 -2.162970
53.350000 -2.221211
53.400000 -2.334265
53.450000 -2.457597
53.500000 -2.560374
53.550000 -2.649447
53.600000 -2.735094
53.650000 -2.783056
53.700000 -2.820741
53.750000 -2.858426
53.800000 -2.868704
53.850000 -2.851574
53.900000 -2.827593
53.950000 -2.759075
54.000000 -2.646021
54.050000 -2.539818
54.100000 -2.423338
54.150000 -2.279451
54.200000 -2.169822
54.250000 -2.125285
54.300000 -2.091026
54.350000 -2.063619
54.400000 -2.087600
54.450000 -2.152693
54.500000 -2.228063
54.550000 -2.306858
54.600000 -2.385654
54.650000 -2.457597
54.700000 -2.519263
54.750000 -2.553522
54.800000 -2.550095
54.850000 -2.529540
54.900000 -2.485004
54.950000 -2.399356
55.000000 -2.293154
55.050000 -2.204081
55.100000 -2.097879
55.150000 -1.957417
55.200000 -1.810104
55.250000 -1.679920
55.300000 -1.553162
55.350000 -1.457237
55.400000 -1.426404
55.450000 -1.426403
55.500000 -1.433256
55.550000 -1.512051
55.600000 -1.676494
55.650000 -1.902602
55.700000 -2.156118
55.750000 -2.423338
55.800000 -2.663150
55.850000 -2.865278
55.900000 -3.046850
55.950000 -3.159904
56.000000 -3.190737
56.050000 -3.173608
56.100000 -3.118794
56.150000 -3.033147
56.200000 -2.947499
56.250000 -2.861852
56.300000 -2.741946
56.350000 -2.594633
56.400000 -2.505559
56.450000 -2.464449
56.500000 -2.423338
56.550000 -2.378801
56.600000 -2.347968
56.650000 -2.320561
56.700000 -2.276024
56.750000 -2.238340
56.800000 -2.197230
56.850000 -2.128712
56.900000 -2.080748
56.950000 -2.091026
57.000000 -2.125286
57.050000 -2.149267
57.100000 -2.197230
57.150000 -2.289729
57.200000 -2.406209
57.250000 -2.519262
57.300000 -2.618613
57.350000 -2.683706
57.400000 -2.714539
57.450000 -2.731668
57.500000 -2.721391
57.550000 -2.670002
57.600000 -2.587781
57.650000 -2.488430
57.700000 -2.368523
57.750000 -2.252044
57.800000 -2.149267
57.850000 -2.063620
57.900000 -2.005379
57.950000 -1.967695
58.000000 -1.943713
58.050000 -1.950565
58.100000 -1.984824
58.150000 -2.005380
58.200000 -2.008805
58.250000 -2.029361
58.300000 -2.056768
58.350000 -2.070471
58.400000 -2.108156
58.450000 -2.169822
58.500000 -2.210932
58.550000 -2.252043
58.600000 -2.327413
58.650000 -2.430190
58.700000 -2.543244
58.750000 -2.663150
58.800000 -2.779630
58.850000 -2.882407
58.900000 -2.957776
58.950000 -2.974906
59.000000 -2.937221
59.050000 -2.896111
59.100000 -2.831019
59.150000 -2.711112
59.200000 -2.560373
59.250000 -2.409635
59.300000 -2.262321
59.350000 -2.142415
59.400000 -2.067045
59.450000 -2.039638
59.500000 -2.046490
59.550000 -2.091026
59.600000 -2.183525
59.650000 -2.317136
59.700000 -2.443893
59.750000 -2.536392
59.800000 -2.608336
59.850000 -2.673428
59.900000 -2.697409
59.950000 -2.649447
60.000000 -2.574077
60.050000 -2.485003
60.100000 -2.375375
60.150000 -2.265747
60.200000 -2.190377
60.250000 -2.128711
60.300000 -2.063619
60.350000 -2.029361
60.400000 -2.036212
60.450000 -2.063620
60.500000 -2.097878
60.550000 -2.142415
60.600000 -2.180100
60.650000 -2.234914
60.700000 -2.306858
60.750000 -2.358246
60.800000 -2.389079
60.850000 -2.423338
60.900000 -2.443893
60.950000 -2.450745
61.000000 -2.478152
61.050000 -2.512412
61.100000 -2.498708
61.150000 -2.485004
61.200000 -2.536392
61.250000 -2.611762
61.300000 -2.663150
61.350000 -2.745371
61.400000 -2.858426
61.450000 -2.947499
61.500000 -2.998888
61.550000 -3.033146
61.600000 -3.016017
61.650000 -2.944074
61.700000 -2.841297
61.750000 -2.690557
61.800000 -2.515837
61.850000 -2.378802
61.900000 -2.255469
61.950000 -2.142415
62.000000 -2.097879
62.050000 -2.128712
62.100000 -2.166396
62.150000 -2.214358
62.200000 -2.296580
62.250000 -2.409634
62.300000 -2.515837
62.350000 -2.598058
62.400000 -2.632317
62.450000 -2.649447
62.500000 -2.659725
62.550000 -2.622040
62.600000 -2.550096
62.650000 -2.498708
62.700000 -2.454171
62.750000 -2.395931
62.800000 -2.389079
62.850000 -2.437041
62.900000 -2.478152
62.950000 -2.515837
63.000000 -2.567225
63.050000 -2.601485
63.100000 -2.608335
63.150000 -2.615187
63.200000 -2.611761
63.250000 -2.577503
63.300000 -2.539818
63.350000 -2.495282
63.400000 -2.423338
63.450000 -2.344542
63.500000 -2.286302
63.550000 -2.221211
63.600000 -2.145840
63.650000 -2.094453
63.700000 -2.039638
63.750000 -1.971120
63.800000 -1.950565
63.850000 -1.960843
63.900000 -1.916306
63.950000 -1.834085
64.000000 -1.796400
64.050000 -1.765567
64.100000 -1.673068
64.150000 -1.563439
64.200000 -1.501773
64.250000 -1.467514
64.300000 -1.429830
64.350000 -1.429830
64.400000 -1.477793
64.450000 -1.563440
64.500000 -1.669642
64.550000 -1.803252
64.600000 -1.971121
64.650000 -2.149267
64.700000 -2.310283
64.750000 -2.419912
64.800000 -2.474727
64.850000 -2.474726
64.900000 -2.416486
64.950000 -2.289728
65.000000 -2.104730
65.050000 -1.909454
65.100000 -1.741586
65.150000 -1.590846
65.200000 -1.457237
65.250000 -1.395571
65.300000 -1.426404
65.350000 -1.518902
65.400000 -1.669643
65.450000 -1.878621
65.500000 -2.084175
65.550000 -2.272599
65.600000 -2.481578
65.650000 -2.673427
65.700000 -2.783056
65.750000 -2.844723
65.800000 -2.909814
65.850000 -2.930370
65.900000 -2.868704
65.950000 -2.762501
66.000000 -2.646020
66.050000 -2.526114
66.100000 -2.419912
66.150000 -2.306857
66.200000 -2.169822
66.250000 -2.056768
66.300000 -1.998528
66.350000 -1.930010
66.400000 -1.847788
66.450000 -1.868344
66.500000 -1.957417
66.550000 -2.029361
66.600000 -2.111582
66.650000 -2.245192
66.700000 -2.368524
66.750000 -2.464449
66.800000 -2.543244
66.850000 -2.577503
66.900000 -2.550096
66.950000 -2.485004
67.000000 -2.368524
67.050000 -2.197229
67.100000 -2.022508
67.150000 -1.840937
67.200000 -1.649087
67.250000 -1.539458
67.300000 -1.525755
67.350000 -1.532607
67.400000 -1.560014
67.450000 -1.673068
67.500000 -1.799826
67.550000 -1.892325
67.600000 -1.991676
67.650000 -2.091027
67.700000 -2.128712
67.750000 -2.115008
67.800000 -2.084175
67.850000 -2.029360
67.900000 -1.957416
67.950000 -1.885473
68.000000 -1.816955
68.050000 -1.772419
68.100000 -1.779270
68.150000 -1.813530
68.200000 -1.871769
68.250000 -1.967695
68.300000 -2.060193
68.350000 -2.128711
68.400000 -2.221210
68.450000 -2.337690
68.500000 -2.419912
68.550000 -2.464449
68.600000 -2.508985
68.650000 -2.529540
68.700000 -2.505560
68.750000 -2.474726
68.800000 -2.467874
68.850000 -2.467875
68.900000 -2.433616
68.950000 -2.371950
69.000000 -2.306857
69.050000 -2.234914
69.100000 -2.152693
69.150000 -2.070471
69.200000 -2.012231
69.250000 -1.964269
69.300000 -1.923158
69.350000 -1.902603
69.400000 -1.916306
69.450000 -1.947140
69.500000 -1.974546
69.550000 -2.008805
69.600000 -2.080749
69.650000 -2.173248
69.700000 -2.252044
69.750000 -2.303432
69.800000 -2.358246
69.850000 -2.419912
69.900000 -2.437042
69.950000 -2.409635
70.000000 -2.378801
70.050000 -2.354820
70.100000 -2.317135
70.150000 -2.272599
70.200000 -2.248617
70.250000 -2.228062
70.300000 -2.197229
70.350000 -2.183526
70.400000 -2.197229
70.450000 -2.252043
70.500000 -2.320561
70.550000 -2.368523
70.600000 -2.423338
70.650000 -2.529541
70.700000 -2.639169
70.750000 -2.697409
70.800000 -2.728242
70.850000 -2.759075
70.900000 -2.752223
70.950000 -2.690558
71.000000 -2.598058
71.050000 -2.457597
71.100000 -2.286303
71.150000 -2.115007
71.200000 -1.950565
71.250000 -1.782696
71.300000 -1.642235
71.350000 -1.573717
71.400000 -1.546310
71.450000 -1.553162
71.500000 -1.621680
71.550000 -1.724456
71.600000 -1.851215
71.650000 -2.001953
71.700000 -2.152693
71.750000 -2.269173
71.800000 -2.378801
71.850000 -2.508985
71.900000 -2.608336
71.950000 -2.652872
72.000000 -2.659725
72.050000 -2.652872
72.100000 -2.642595
72.150000 -2.611762
72.200000 -2.553522
72.250000 -2.491856
72.300000 -2.447320
72.350000 -2.378801
72.400000 -2.310284
72.450000 -2.293154
72.500000 -2.296580
72.550000 -2.269173
72.600000 -2.286302
72.650000 -2.361672
72.700000 -2.426763
72.750000 -2.474726
72.800000 -2.570651
72.850000 -2.652873
72.900000 -2.690557
72.950000 -2.721391
73.000000 -2.759075
73.050000 -2.765927
73.100000 -2.759075
73.150000 -2.759075
73.200000 -2.728242
73.250000 -2.656298
73.300000 -2.594633
73.350000 -2.532967
73.400000 -2.447319
73.450000 -2.375376
73.500000 -2.323987
73.550000 -2.265747
73.600000 -2.228063
73.650000 -2.217784
73.700000 -2.241766
73.750000 -2.286302
73.800000 -2.378801
73.850000 -2.495281
73.900000 -2.601484
73.950000 -2.676853
74.000000 -2.745371
74.050000 -2.796760
74.100000 -2.786482
74.150000 -2.690557
74.200000 -2.567225
74.250000 -2.443893
74.300000 -2.262321
74.350000 -2.043064
74.400000 -1.878621
74.450000 -1.775845
74.500000 -1.700475
74.550000 -1.690198
74.600000 -1.775844
74.650000 -1.882048
74.700000 -1.995101
74.750000 -2.169822
74.800000 -2.382228
74.850000 -2.546670
74.900000 -2.673428
74.950000 -2.786482
75.000000 -2.882407
75.050000 -2.926943
75.100000 -2.950925
75.150000 -2.957777
75.200000 -2.954351
75.250000 -2.937221
75.300000 -2.892685
75.350000 -2.820741
75.400000 -2.731668
75.450000 -2.646021
75.500000 -2.556948
75.550000 -2.454171
75.600000 -2.347969
75.650000 -2.262321
75.700000 -2.193803
75.750000 -2.145840
75.800000 -2.128711
75.850000 -2.138989
75.900000 -2.173248
75.950000 -2.238340
76.000000 -2.327413
76.050000 -2.399357
76.100000 -2.461022
76.150000 -2.508985
76.200000 -2.522688
76.250000 -2.488430
76.300000 -2.433616
76.350000 -2.382227
76.400000 -2.300006
76.450000 -2.193804
76.500000 -2.104730
76.550000 -2.039638
76.600000 -1.974546
76.650000 -1.919732
76.700000 -1.895750
76.750000 -1.892324
76.800000 -1.916306
76.850000 -1.960842
76.900000 -1.977972
76.950000 -1.984824
77.000000 -2.029361
77.050000 -2.111581
77.100000 -2.176674
77.150000 -2.228063
77.200000 -2.313710
77.250000 -2.426764
77.300000 -2.502133
77.350000 -2.543244
77.400000 -2.604910
77.450000 -2.656298
77.500000 -2.656298
77.550000 -2.632317
77.600000 -2.628892
77.650000 -2.622039
77.700000 -2.563800
77.750000 -2.502134
77.800000 -2.457597
77.850000 -2.395930
77.900000 -2.310284
77.950000 -2.231488
78.000000 -2.169822
78.050000 -2.115008
78.100000 -2.067046
78.150000 -2.025935
78.200000 -1.991676
78.250000 -1.964269
78.300000 -1.964269
78.350000 -1.981398
78.400000 -1.998528
78.450000 -2.012231
78.500000 -2.043064
78.550000 -2.080749
78.600000 -2.118434
78.650000 -2.162971
78.700000 -2.200655
78.750000 -2.210933
78.800000 -2.221211
78.850000 -2.245192
78.900000 -2.248618
78.950000 -2.221210
79.000000 -2.207507
79.050000 -2.224637
79.100000 -2.231488
79.150000 -2.214358
79.200000 -2.197230
79.250000 -2.173248
79.300000 -2.152692
79.350000 -2.138989
79.400000 -2.128711
79.450000 -2.118433
79.500000 -2.115008
79.550000 -2.111582
79.600000 -2.094452
79.650000 -2.077323
79.700000 -2.077323
79.750000 -2.073897
79.800000 -2.073897
79.850000 -2.087601
79.900000 -2.091026
79.950000 -2.070471
80.000000 -2.067046
80.050000 -2.094453
80.100000 -2.121860
80.150000 -2.135563
80.200000 -2.159544
80.250000 -2.200655
80.300000 -2.241766
80.350000 -2.272599
80.400000 -2.306857
80.450000 -2.354820
80.500000 -2.395931
80.550000 -2.378801
80.600000 -2.306857
80.650000 -2.241765
80.700000 -2.180100
80.750000 -2.060194
80.800000 -1.919732
80.850000 -1.840937
80.900000 -1.803252
80.950000 -1.789548
81.000000 -1.834085
81.050000 -1.919732
81.100000 -2.019083
81.150000 -2.152692
81.200000 -2.313710
81.250000 -2.419912
81.300000 -2.464448
81.350000 -2.485004
81.400000 -2.467874
81.450000 -2.389079
81.500000 -2.262321
81.550000 -2.094452
81.600000 -1.871769
81.650000 -1.676493
81.700000 -1.525755
81.750000 -1.392145
81.800000 -1.309924
81.850000 -1.320201
81.900000 -1.371589
81.950000 -1.419553
82.000000 -1.491496
82.050000 -1.587420
82.100000 -1.666216
82.150000 -1.717604
82.200000 -1.758715
82.250000 -1.789548
82.300000 -1.813529
82.350000 -1.816956
82.400000 -1.827233
82.450000 -1.861492
82.500000 -1.909454
82.550000 -1.967694
82.600000 -2.043064
82.650000 -2.145841
82.700000 -2.252044
82.750000 -2.361672
82.800000 -2.464448
82.850000 -2.556948
82.900000 -2.639169
82.950000 -2.704261
83.000000 -2.731668
83.050000 -2.717965
83.100000 -2.680280
83.150000 -2.639169
83.200000 -2.580929
83.250000 -2.498707
83.300000 -2.392505
83.350000 -2.258895
83.400000 -2.111582
83.450000 -1.974547
83.500000 -1.875195
83.550000 -1.799826
83.600000 -1.755290
83.650000 -1.755289
83.700000 -1.792974
83.750000 -1.851214
83.800000 -1.936861
83.850000 -2.046489
83.900000 -2.149266
83.950000 -2.238340
84.000000 -2.286303
84.050000 -2.282876
84.100000 -2.252044
84.150000 -2.197229
84.200000 -2.101304
84.250000 -1.974546
84.300000 -1.864918
84.350000 -1.786122
84.400000 -1.731309
84.450000 -1.690197
84.500000 -1.652513
84.550000 -1.628532
84.600000 -1.631958
84.650000 -1.645661
84.700000 -1.645661
84.750000 -1.638809
84.800000 -1.645661
84.850000 -1.662791
84.900000 -1.676493
84.950000 -1.714178
85.000000 -1.796400
85.050000 -1.909454
85.100000 -2.039638
85.150000 -2.152692
85.200000 -2.258895
85.250000 -2.351394
85.300000 -2.406208
85.350000 -2.423338
85.400000 -2.392505
85.450000 -2.310284
85.500000 -2.186952
85.550000 -2.053342
85.600000 -1.916306
85.650000 -1.806678
85.700000 -1.738160
85.750000 -1.710753
85.800000 -1.717605
85.850000 -1.799826
85.900000 -1.943713
85.950000 -2.108156
86.000000 -2.293154
86.050000 -2.471301
86.100000 -2.601485
86.150000 -2.697409
86.200000 -2.755649
86.250000 -2.752224
86.300000 -2.707687
86.350000 -2.649447
86.400000 -2.577503
86.450000 -2.481578
86.500000 -2.399356
86.550000 -2.354820
86.600000 -2.337690
86.650000 -2.323988
86.700000 -2.300005
86.750000 -2.262321
86.800000 -2.231488
86.850000 -2.210933
86.900000 -2.156118
86.950000 -2.060193
87.000000 -1.974546
87.050000 -1.919733
87.100000 -1.837511
87.150000 -1.707326
87.200000 -1.614828
87.250000 -1.580569
87.300000 -1.549736
87.350000 -1.505200
87.400000 -1.474366
87.450000 -1.484644
87.500000 -1.508625
87.550000 -1.512051
87.600000 -1.494921
87.650000 -1.505199
87.700000 -1.553161
87.750000 -1.597698
87.800000 -1.645661
87.850000 -1.741586
87.900000 -1.878622
87.950000 -2.012231
88.000000 -2.162970
88.050000 -2.323987
88.100000 -2.419912
88.150000 -2.443893
88.200000 -2.450745
88.250000 -2.433615
88.300000 -2.337690
88.350000 -2.166396
88.400000 -1.977973
88.450000 -1.820381
88.500000 -1.714178
88.550000 -1.659365
88.600000 -1.655939
88.650000 -1.741586
88.700000 -1.926583
88.750000 -2.149267
88.800000 -2.382228
88.850000 -2.608336
88.900000 -2.793334
88.950000 -2.926943
89.000000 -3.002313
89.050000 -2.988610
89.100000 -2.875555
89.150000 -2.711113
89.200000 -2.508985
89.250000 -2.269173
89.300000 -2.015657
89.350000 -1.799825
89.400000 -1.659365
89.450000 -1.601124
89.500000 -1.614827
89.550000 -1.683346
89.600000 -1.827233
89.650000 -2.039638
89.700000 -2.269173
89.750000 -2.464449
89.800000 -2.639169
89.850000 -2.810463
89.900000 -2.930369
89.950000 -2.957777
90.000000 -2.906389
90.050000 -2.807038
90.100000 -2.666576
90.150000 -2.481578
90.200000 -2.289728
90.250000 -2.125286
90.300000 -1.957416
90.350000 -1.796400
90.400000 -1.686771
90.450000 -1.645661
90.500000 -1.638809
90.550000 -1.645661
90.600000 -1.683346
90.650000 -1.755290
90.700000 -1.813529
90.750000 -1.864918
90.800000 -1.919732
90.850000 -1.950565
90.900000 -1.953991
90.950000 -1.960843
91.000000 -1.981398
91.050000 -1.981398
91.100000 -1.964268
91.150000 -1.981398
91.200000 -2.012231
91.250000 -2.036212
91.300000 -2.067045
91.350000 -2.101304
91.400000 -2.115008
91.450000 -2.142415
91.500000 -2.183526
91.550000 -2.190378
91.600000 -2.173248
91.650000 -2.207507
91.700000 -2.258895
91.750000 -2.272599
91.800000 -2.296580
91.850000 -2.371949
91.900000 -2.454171
91.950000 -2.512411
92.000000 -2.584355
92.050000 -2.680280
92.100000 -2.772779
92.150000 -2.841296
92.200000 -2.861852
92.250000 -2.831019
92.300000 -2.759075
92.350000 -2.649446
92.400000 -2.498708
92.450000 -2.323987
92.500000 -2.132137
92.550000 -1.933436
92.600000 -1.792974
92.650000 -1.738160
92.700000 -1.714178
92.750000 -1.727882
92.800000 -1.854641
92.850000 -2.036212
92.900000 -2.190377
92.950000 -2.344543
93.000000 -2.543244
93.050000 -2.714538
93.100000 -2.813890
93.150000 -2.896111
93.200000 -2.974907
93.250000 -3.005739
93.300000 -2.995461
93.350000 -2.957777
93.400000 -2.902962
93.450000 -2.861852
93.500000 -2.817316
93.550000 -2.738520
93.600000 -2.656299
93.650000 -2.598058
93.700000 -2.536393
93.750000 -2.461023
93.800000 -2.413060
93.850000 -2.413061
93.900000 -2.433616
93.950000 -2.464449
94.000000 -2.529540
94.050000 -2.618614
94.100000 -2.704261
94.150000 -2.759076
94.200000 -2.776205
94.250000 -2.762501
94.300000 -2.724817
94.350000 -2.663150
94.400000 -2.594633
94.450000 -2.515837
94.500000 -2.423338
94.550000 -2.334264
94.600000 -2.296580
94.650000 -2.320562
94.700000 -2.358246
94.750000 -2.392505
94.800000 -2.461023
94.850000 -2.556947
94.900000 -2.625466
94.950000 -2.632317
95.000000 -2.604910
95.050000 -2.532966
95.100000 -2.402783
95.150000 -2.255469
95.200000 -2.118433
95.250000 -1.981398
95.300000 -1.827233
95.350000 -1.710753
95.400000 -1.649086
95.450000 -1.638809
95.500000 -1.669642
95.550000 -1.762141
95.600000 -1.895750
95.650000 -2.032786
95.700000 -2.156118
95.750000 -2.282877
95.800000 -2.409635
95.850000 -2.498708
95.900000 -2.529540
95.950000 -2.498708
96.000000 -2.440467
96.050000 -2.368524
96.100000 -2.272599
96.150000 -2.152693
96.200000 -2.039639
96.250000 -1.933436
96.300000 -1.847789
96.350000 -1.792974
96.400000 -1.789548
96.450000 -1.810104
96.500000 -1.837511
96.550000 -1.888899
96.600000 -1.953991
96.650000 -2.001954
96.700000 -2.029361
96.750000 -2.043064
96.800000 -2.036212
96.850000 -2.019083
96.900000 -2.005379
96.950000 -1.995101
97.000000 -2.001954
97.050000 -2.063619
97.100000 -2.159544
97.150000 -2.276025
97.200000 -2.430190
97.250000 -2.611762
97.300000 -2.738520
97.350000 -2.810464
97.400000 -2.868704
97.450000 -2.892685
97.500000 -2.841297
97.550000 -2.714539
97.600000 -2.532966
97.650000 -2.351395
97.700000 -2.183525
97.750000 -1.991676
97.800000 -1.806678
97.850000 -1.721031
97.900000 -1.731308
97.950000 -1.751863
98.000000 -1.810103
98.050000 -1.957417
98.100000 -2.097879
98.150000 -2.162970
98.200000 -2.248617
98.250000 -2.365097
98.300000 -2.426763
98.350000 -2.430189
98.400000 -2.440467
98.450000 -2.447319
98.500000 -2.430189
98.550000 -2.419912
98.600000 -2.399356
98.650000 -2.351395
98.700000 -2.310284
98.750000 -2.286302
98.800000 -2.262321
98.850000 -2.228063
98.900000 -2.197229
98.950000 -2.145841
99.000000 -2.084175
99.050000 -2.046490
99.100000 -2.025935
99.150000 -2.015657
99.200000 -2.022509
99.250000 -2.046490
99.300000 -2.067046
99.350000 -2.094452
99.400000 -2.132138
99.450000 -2.166396
99.500000 -2.200655
99.550000 -2.204081
99.600000 -2.176674
99.650000 -2.166396
99.700000 -2.162970
99.750000 -2.138989
99.800000 -2.111582
99.850000 -2.115007
99.900000 -2.097878
99.950000 -2.053341
100.000000 -2.036212
100.050000 -2.032787
100.100000 -2.029361
100.150000 -2.063620
100.200000 -2.138989
100.250000 -2.210933
100.300000 -2.303432
100.350000 -2.454171
100.400000 -2.628891
100.450000 -2.783056
100.500000 -2.933796
100.550000 -3.074257
100.600000 -3.170182
100.650000 -3.218144
100.700000 -3.211293
100.750000 -3.139349
100.800000 -3.026294
100.850000 -2.878981
100.900000 -2.663150
100.950000 -2.385653
101.000000 -2.115007
101.050000 -1.878621
101.100000 -1.666216
101.150000 -1.494921
101.200000 -1.409274
101.250000 -1.426403
101.300000 -1.518903
101.350000 -1.649087
101.400000 -1.810103
101.450000 -2.008805
101.500000 -2.210932
101.550000 -2.371949
101.600000 -2.471300
101.650000 -2.539818
101.700000 -2.574077
101.750000 -2.522689
101.800000 -2.413060
101.850000 -2.317136
101.900000 -2.234914
101.950000 -2.142415
102.000000 -2.087600
102.050000 -2.108156
102.100000 -2.166396
102.150000 -2.231488
102.200000 -2.320561
102.250000 -2.402783
102.300000 -2.426764
102.350000 -2.416486
102.400000 -2.402783
102.450000 -2.351394
102.500000 -2.231488
102.550000 -2.077323
102.600000 -1.936861
102.650000 -1.792974
102.700000 -1.631958
102.750000 -1.501774
102.800000 -1.443533
102.850000 -1.457237
102.900000 -1.515477
102.950000 -1.628531
103.000000 -1.789548
103.050000 -1.991675
103.100000 -2.228062
103.150000 -2.481578
103.200000 -2.704261
103.250000 -2.902963
103.300000 -3.111942
103.350000 -3.269532
103.400000 -3.331199
103.450000 -3.334625
103.500000 -3.279810
103.550000 -3.108516
103.600000 -2.848148
103.650000 -2.553522
103.700000 -2.214358
103.750000 -1.851214
103.800000 -1.542884
103.850000 -1.292794
103.900000 -1.073537
103.950000 -0.936501
104.000000 -0.919372
104.050000 -0.977612
104.100000 -1.073537
104.150000 -1.207147
104.200000 -1.381868
104.250000 -1.542884
104.300000 -1.659365
104.350000 -1.707327
104.400000 -1.724456
104.450000 -1.727882
104.500000 -1.697049
104.550000 -1.642235
104.600000 -1.601125
104.650000 -1.601125
104.700000 -1.614828
104.750000 -1.625106
104.800000 -1.655939
104.850000 -1.717604
104.900000 -1.792974
104.950000 -1.834085
105.000000 -1.830659
105.050000 -1.830659
105.100000 -1.823808
105.150000 -1.782697
105.200000 -1.734734
105.250000 -1.700475
105.300000 -1.655939
105.350000 -1.604550
105.400000 -1.614828
105.450000 -1.666216
105.500000 -1.707327
105.550000 -1.734734
105.600000 -1.786123
105.650000 -1.823807
105.700000 -1.820381
105.750000 -1.816956
105.800000 -1.827233
105.850000 -1.810103
105.900000 -1.755289
105.950000 -1.714178
106.000000 -1.721030
106.050000 -1.768993
106.100000 -1.830659
106.150000 -1.871770
106.200000 -1.906029
106.250000 -1.971121
106.300000 -2.039638
106.350000 -2.104730
106.400000 -2.180099
106.450000 -2.238340
106.500000 -2.248617
106.550000 -2.248617
106.600000 -2.258895
106.650000 -2.255469
106.700000 -2.224637
106.750000 -2.197229
106.800000 -2.162970
106.850000 -2.125286
106.900000 -2.132137
106.950000 -2.145841
107.000000 -2.104730
107.050000 -2.036212
107.100000 -2.036213
107.150000 -2.056768
107.200000 -2.043064
107.250000 -2.039638
107.300000 -2.067046
107.350000 -2.067045
107.400000 -2.053341
107.450000 -2.046490
107.500000 -2.015657
107.550000 -1.947139
107.600000 -1.895751
107.650000 -1.858066
107.700000 -1.792974
107.750000 -1.697050
107.800000 -1.590847
107.850000 -1.508625
107.900000 -1.450385
107.950000 -1.402422
108.000000 -1.337330
108.050000 -1.313350
108.100000 -1.347609
108.150000 -1.409275
108.200000 -1.488070
108.250000 -1.604550
108.300000 -1.738159
108.350000 -1.861492
108.400000 -1.960843
108.450000 -2.036212
108.500000 -2.067045
108.550000 -2.063620
108.600000 -2.036212
108.650000 -1.984824
108.700000 -1.906028
108.750000 -1.820382
108.800000 -1.755289
108.850000 -1.717605
108.900000 -1.686771
108.950000 -1.673068
109.000000 -1.714179
109.050000 -1.786122
109.100000 -1.827233
109.150000 -1.830659
109.200000 -1.837511
109.250000 -1.861492
109.300000 -1.854640
109.350000 -1.796400
109.400000 -1.748437
109.450000 -1.745012
109.500000 -1.745012
109.550000 -1.734734
109.600000 -1.779270
109.650000 -1.888899
109.700000 -2.015657
109.750000 -2.149267
109.800000 -2.310283
109.850000 -2.461023
109.900000 -2.574077
109.950000 -2.646020
110.000000 -2.687132
110.050000 -2.697410
110.100000 -2.680280
110.150000 -2.618613
110.200000 -2.536392
110.250000 -2.471300
110.300000 -2.399357
110.350000 -2.289728
110.400000 -2.180100
110.450000 -2.101304
110.500000 -2.022509
110.550000 -1.936862
110.600000 -1.871770
110.650000 -1.806677
110.700000 -1.734734
110.750000 -1.679920
110.800000 -1.645661
110.850000 -1.638809
110.900000 -1.673067
110.950000 -1.734734
111.000000 -1.810104
111.050000 -1.919732
111.100000 -2.060193
111.150000 -2.183526
111.200000 -2.303432
111.250000 -2.440467
111.300000 -2.505559
111.350000 -2.478152
111.400000 -2.437041
111.450000 -2.395931
111.500000 -2.300006
111.550000 -2.159545
111.600000 -2.025934
111.650000 -1.899176
111.700000 -1.768993
111.750000 -1.655939
111.800000 -1.597698
111.850000 -1.607976
111.900000 -1.669643
111.950000 -1.762141
112.000000 -1.892325
112.050000 -2.053341
112.100000 -2.200655
112.150000 -2.293154
112.200000 -2.337690
112.250000 -2.344542
112.300000 -2.286302
112.350000 -2.176674
112.400000 -2.053342
112.450000 -1.926584
112.500000 -1.796400
112.550000 -1.683345
112.600000 -1.611402
112.650000 -1.590847
112.700000 -1.649087
112.750000 -1.755290
112.800000 -1.840936
112.850000 -1.940288
112.900000 -2.077323
112.950000 -2.176674
113.000000 -2.217784
113.050000 -2.265747
113.100000 -2.282877
113.150000 -2.217785
113.200000 -2.138989
113.250000 -2.125286
113.300000 -2.084175
113.350000 -2.012231
113.400000 -1.991676
113.450000 -1.984824
113.500000 -1.953991
113.550000 -1.974546
113.600000 -2.060193
113.650000 -2.104730
113.700000 -2.104730
113.750000 -2.145841
113.800000 -2.197229
113.850000 -2.197229
113.900000 -2.159545
113.950000 -2.094453
114.000000 -2.001953
114.050000 -1.895750
114.100000 -1.786123
114.150000 -1.645661
114.200000 -1.522329
114.250000 -1.464088
114.300000 -1.440107
114.350000 -1.422978
114.400000 -1.464088
114.450000 -1.573717
114.500000 -1.724457
114.550000 -1.923157
114.600000 -2.149267
114.650000 -2.341117
114.700000 -2.474726
114.750000 -2.567226
114.800000 -2.584355
114.850000 -2.522688
114.900000 -2.409635
114.950000 -2.245192
115.000000 -2.022509
115.050000 -1.799826
115.100000 -1.607976
115.150000 -1.429830
115.200000 -1.285942
115.250000 -1.241406
115.300000 -1.289368
115.350000 -1.364738
115.400000 -1.477792
115.450000 -1.649086
115.500000 -1.840937
115.550000 -1.991675
115.600000 -2.091026
115.650000 -2.156118
115.700000 -2.173248
115.750000 -2.145841
115.800000 -2.101305
115.850000 -2.067045
115.900000 -2.029360
115.950000 -1.998528
116.000000 -2.039638
116.050000 -2.145841
116.100000 -2.238340
116.150000 -2.320561
116.200000 -2.437042
116.250000 -2.529541
116.300000 -2.536392
116.350000 -2.512411
116.400000 -2.471300
116.450000 -2.358246
116.500000 -2.207507
116.550000 -2.097879
116.600000 -2.012231
116.650000 -1.926584
116.700000 -1.888899
116.750000 -1.930009
116.800000 -2.015657
116.850000 -2.121859
116.900000 -2.200655
116.950000 -2.234914
117.000000 -2.272599
117.050000 -2.341116
117.100000 -2.323987
117.150000 -2.224636
117.200000 -2.135563
117.250000 -2.046490
117.300000 -1.892325
117.350000 -1.741585
117.400000 -1.659364
117.450000 -1.604550
117.500000 -1.573717
117.550000 -1.590847
117.600000 -1.611402
117.650000 -1.649087
117.700000 -1.710753
117.750000 -1.758715
117.800000 -1.772419
117.850000 -1.813529
117.900000 -1.864918
117.950000 -1.854640
118.000000 -1.837510
118.050000 -1.861492
118.100000 -1.861492
118.150000 -1.806678
118.200000 -1.775845
118.250000 -1.762141
118.300000 -1.707327
118.350000 -1.659364
118.400000 -1.659364
118.450000 -1.659364
118.500000 -1.628531
118.550000 -1.621679
118.600000 -1.666216
118.650000 -1.765567
118.700000 -1.888899
118.750000 -1.998527
118.800000 -2.115008
118.850000 -2.279451
118.900000 -2.467875
118.950000 -2.604910
119.000000 -2.721390
119.050000 -2.813890
119.100000 -2.848148
119.150000 -2.813889
119.200000 -2.755649
119.250000 -2.673428
119.300000 -2.539819
119.350000 -2.354820
119.400000 -2.166397
119.450000 -2.019083
119.500000 -1.916306
119.550000 -1.813529
119.600000 -1.721031
119.650000 -1.686772
119.700000 -1.703901
119.750000 -1.721031
119.800000 -1.710753
119.850000 -1.697049
119.900000 -1.676494
119.950000 -1.642235
120.000000 -1.614827
120.050000 -1.583995
120.100000 -1.549736
120.150000 -1.536033
120.200000 -1.601124
120.250000 -1.679920
120.300000 -1.717605
120.350000 -1.748438
120.400000 -1.820381
120.450000 -1.912881
120.500000 -1.991675
120.550000 -2.053341
120.600000 -2.070471
120.650000 -2.063620
120.700000 -2.046490
120.750000 -1.998528
120.800000 -1.926584
120.850000 -1.885473
120.900000 -1.885473
120.950000 -1.882047
121.000000 -1.919732
121.050000 -2.012231
121.100000 -2.084175
121.150000 -2.128712
121.200000 -2.200655
121.250000 -2.262322
121.300000 -2.238340
121.350000 -2.162970
121.400000 -2.101305
121.450000 -2.046490
121.500000 -1.984824
121.550000 -1.923158
121.600000 -1.871770
121.650000 -1.851214
121.700000 -1.861492
121.750000 -1.885474
121.800000 -1.930010
121.850000 -1.991676
121.900000 -2.046490
121.950000 -2.094453
122.000000 -2.142415
122.050000 -2.176673
122.100000 -2.162971
122.150000 -2.118434
122.200000 -2.067046
122.250000 -2.012231
122.300000 -1.933436
122.350000 -1.840936
122.400000 -1.765567
122.450000 -1.717605
122.500000 -1.676494
122.550000 -1.625106
122.600000 -1.546310
122.650000 -1.481218
122.700000 -1.436682
122.750000 -1.392145
122.800000 -1.337330
122.850000 -1.316775
122.900000 -1.327053
122.950000 -1.330479
123.000000 -1.323627
123.050000 -1.340756
123.100000 -1.392145
123.150000 -1.453811
123.200000 -1.518903
123.250000 -1.594273
123.300000 -1.676493
123.350000 -1.738160
123.400000 -1.779271
123.450000 -1.827233
123.500000 -1.861492
123.550000 -1.847788
123.600000 -1.820382
123.650000 -1.813529
123.700000 -1.792975
123.750000 -1.772418
123.800000 -1.782696
123.850000 -1.813529
123.900000 -1.830659
123.950000 -1.840936
124.000000 -1.878621
124.050000 -1.909454
124.100000 -1.933435
124.150000 -1.947139
124.200000 -1.953991
124.250000 -1.953991
124.300000 -1.971120
124.350000 -1.991676
124.400000 -2.008805
124.450000 -2.043064
124.500000 -2.073897
124.550000 -2.087601
124.600000 -2.108156
124.650000 -2.159545
124.700000 -2.217784
124.750000 -2.252043
124.800000 -2.269173
124.850000 -2.272599
124.900000 -2.245191
124.950000 -2.152692
125.000000 -2.015657
125.050000 -1.888899
125.100000 -1.762141
125.150000 -1.583994
125.200000 -1.412700
125.250000 -1.316775
125.300000 -1.279091
125.350000 -1.234554
125.400000 -1.227702
125.450000 -1.296220
125.500000 -1.405848
125.550000 -1.512052
125.600000 -1.631957
125.650000 -1.786122
125.700000 -1.936862
125.750000 -2.063620
125.800000 -2.180100
125.850000 -2.293154
125.900000 -2.378801
125.950000 -2.443893
126.000000 -2.474726
126.050000 -2.461023
126.100000 -2.419912
126.150000 -2.368524
126.200000 -2.272598
126.250000 -2.135563
126.300000 -1.984824
126.350000 -1.830659
126.400000 -1.673068
126.450000 -1.560014
126.500000 -1.484644
126.550000 -1.416126
126.600000 -1.385293
126.650000 -1.422978
126.700000 -1.508626
126.750000 -1.604550
126.800000 -1.727882
126.850000 -1.875195
126.900000 -2.005380
126.950000 -2.080749
127.000000 -2.111582
127.050000 -2.128712
127.100000 -2.115008
127.150000 -2.056767
127.200000 -2.001953
127.250000 -1.995102
127.300000 -1.984824
127.350000 -1.960843
127.400000 -1.950565
127.450000 -1.974546
127.500000 -2.001953
127.550000 -2.049916
127.600000 -2.118434
127.650000 -2.180100
127.700000 -2.214358
127.750000 -2.207507
127.800000 -2.180099
127.850000 -2.152693
127.900000 -2.104730
127.950000 -1.998527
128.000000 -1.892325
128.050000 -1.816956
128.100000 -1.751863
128.150000 -1.693623
128.200000 -1.686772
128.250000 -1.700475
128.300000 -1.717605
128.350000 -1.765567
128.400000 -1.847788
128.450000 -1.923158
128.500000 -2.008805
128.550000 -2.121859
128.600000 -2.224636
128.650000 -2.289728
128.700000 -2.310283
128.750000 -2.300006
128.800000 -2.262321
128.850000 -2.186951
128.900000 -2.060194
128.950000 -1.923158
129.000000 -1.823808
129.050000 -1.762141
129.100000 -1.721030
129.150000 -1.727882
129.200000 -1.792974
129.250000 -1.875196
129.300000 -1.960843
129.350000 -2.046490
129.400000 -2.108156
129.450000 -2.128711
129.500000 -2.118434
129.550000 -2.073897
129.600000 -1.977972
129.650000 -1.847788
129.700000 -1.710752
129.750000 -1.570292
129.800000 -1.422978
129.850000 -1.316776
129.900000 -1.265387
129.950000 -1.258536
130.000000 -1.296220
130.050000 -1.402422
130.100000 -1.542884
130.150000 -1.662790
130.200000 -1.762141
130.250000 -1.871770
130.300000 -2.005379
130.350000 -2.091026
130.400000 -2.118433
130.450000 -2.152693
130.500000 -2.221211
130.550000 -2.255469
130.600000 -2.248617
130.650000 -2.279450
130.700000 -2.334265
130.750000 -2.330839
130.800000 -2.289729
130.850000 -2.269173
130.900000 -2.238340
130.950000 -2.159545
131.000000 -2.084175
131.050000 -2.012231
131.100000 -1.912881
131.150000 -1.799825
131.200000 -1.710753
131.250000 -1.635384
131.300000 -1.573717
131.350000 -1.546310
131.400000 -1.560014
131.450000 -1.594272
131.500000 -1.666216
131.550000 -1.768993
131.600000 -1.882047
131.650000 -2.015657
131.700000 -2.166396
131.750000 -2.310284
131.800000 -2.406208
131.850000 -2.474727
131.900000 -2.526115
131.950000 -2.519263
132.000000 -2.440468
132.050000 -2.361672
132.100000 -2.276025
132.150000 -2.128712
132.200000 -1.960843
132.250000 -1.823807
132.300000 -1.686771
132.350000 -1.508625
132.400000 -1.347609
132.450000 -1.231128
132.500000 -1.114648
132.550000 -1.008445
132.600000 -0.963909
132.650000 -0.946779
132.700000 -0.936501
132.750000 -0.943353
132.800000 -0.991316
132.850000 -1.080389
132.900000 -1.186592
132.950000 -1.296220
133.000000 -1.388719
133.050000 -1.481218
133.100000 -1.587421
133.150000 -1.690198
133.200000 -1.758716
133.250000 -1.823807
133.300000 -1.892325
133.350000 -1.947139
133.400000 -2.005379
133.450000 -2.094452
133.500000 -2.156118
133.550000 -2.149267
133.600000 -2.142415
133.650000 -2.159545
133.700000 -2.125285
133.750000 -2.019083
133.800000 -1.923158
133.850000 -1.840937
133.900000 -1.724457
133.950000 -1.607976
134.000000 -1.542884
134.050000 -1.498348
134.100000 -1.470940
134.150000 -1.512051
134.200000 -1.594273
134.250000 -1.679920
134.300000 -1.768993
134.350000 -1.868343
134.400000 -1.926583
134.450000 -1.967694
134.500000 -2.005379
134.550000 -2.012231
134.600000 -1.984824
134.650000 -1.974546
134.700000 -1.995102
134.750000 -2.019083
134.800000 -2.053341
134.850000 -2.125285
134.900000 -2.186951
134.950000 -2.204081
135.000000 -2.221211
135.050000 -2.231488
135.100000 -2.200655
135.150000 -2.142415
135.200000 -2.091027
135.250000 -2.019083
135.300000 -1.902603
135.350000 -1.786122
135.400000 -1.717605
135.450000 -1.686772
135.500000 -1.690197
135.550000 -1.734734
135.600000 -1.799826
135.650000 -1.875196
135.700000 -1.971120
135.750000 -2.084175
135.800000 -2.176673
135.850000 -2.231488
135.900000 -2.282876
135.950000 -2.327413
136.000000 -2.327413
136.050000 -2.306857
136.100000 -2.286303
136.150000 -2.252044
136.200000 -2.228062
136.250000 -2.231488
136.300000 -2.234914
136.350000 -2.224637
136.400000 -2.245191
136.450000 -2.289728
136.500000 -2.320561
136.550000 -2.341117
136.600000 -2.385653
136.650000 -2.430190
136.700000 -2.433615
136.750000 -2.409634
136.800000 -2.382228
136.850000 -2.344542
136.900000 -2.269173
136.950000 -2.149267
137.000000 -2.029361
137.050000 -1.943713
137.100000 -1.854640
137.150000 -1.748437
137.200000 -1.659365
137.250000 -1.628531
137.300000 -1.625106
137.350000 -1.642235
137.400000 -1.693623
137.450000 -1.796400
137.500000 -1.902603
137.550000 -2.001954
137.600000 -2.115008
137.650000 -2.221210
137.700000 -2.262321
137.750000 -2.248617
137.800000 -2.238340
137.850000 -2.238340
137.900000 -2.190378
137.950000 -2.084175
138.000000 -1.984824
138.050000 -1.919732
138.100000 -1.858066
138.150000 -1.792974
138.200000 -1.779271
138.250000 -1.834084
138.300000 -1.902602
138.350000 -1.940288
138.400000 -1.953991
138.450000 -1.981398
138.500000 -2.019083
138.550000 -2.019083
138.600000 -1.950565
138.650000 -1.861492
138.700000 -1.799826
138.750000 -1.745012
138.800000 -1.673068
138.850000 -1.628532
138.900000 -1.642235
138.950000 -1.683346
139.000000 -1.751864
139.050000 -1.861491
139.100000 -1.977972
139.150000 -2.077323
139.200000 -2.210933
139.250000 -2.385653
139.300000 -2.505560
139.350000 -2.570651
139.400000 -2.618613
139.450000 -2.642594
139.500000 -2.639168
139.550000 -2.625465
139.600000 -2.591206
139.650000 -2.543244
139.700000 -2.515837
139.750000 -2.491856
139.800000 -2.430190
139.850000 -2.385653
139.900000 -2.371950
139.950000 -2.344543
140.000000 -2.300006
140.050000 -2.293154
140.100000 -2.289728
140.150000 -2.269173
140.200000 -2.265747
140.250000 -2.269173
140.300000 -2.252044
140.350000 -2.234914
140.400000 -2.214359
140.450000 -2.190377
140.500000 -2.183526
140.550000 -2.173248
140.600000 -2.135563
140.650000 -2.091027
140.700000 -2.053342
140.750000 -1.988250
140.800000 -1.899177
140.850000 -1.827233
140.900000 -1.758716
140.950000 -1.673068
141.000000 -1.625106
141.050000 -1.621680
141.100000 -1.618253
141.150000 -1.618254
141.200000 -1.662790
141.250000 -1.731308
141.300000 -1.810104
141.350000 -1.930010
141.400000 -2.060193
141.450000 -2.152692
141.500000 -2.224636
141.550000 -2.265747
141.600000 -2.245192
141.650000 -2.180099
141.700000 -2.128711
141.750000 -2.060193
141.800000 -1.964268
141.850000 -1.892324
141.900000 -1.847788
141.950000 -1.816955
142.000000 -1.858066
142.050000 -1.957416
142.100000 -2.008805
142.150000 -2.029360
142.200000 -2.091026
142.250000 -2.142415
142.300000 -2.118433
142.350000 -2.084175
142.400000 -2.049916
142.450000 -1.950565
142.500000 -1.789548
142.550000 -1.625106
142.600000 -1.467514
142.650000 -1.313349
142.700000 -1.196869
142.750000 -1.118073
142.800000 -1.083815
142.850000 -1.118073
142.900000 -1.183166
142.950000 -1.255109
143.000000 -1.371590
143.050000 -1.536032
143.100000 -1.679920
143.150000 -1.789548
143.200000 -1.888899
143.250000 -1.967694
143.300000 -1.995102
143.350000 -1.988249
143.400000 -1.974546
143.450000 -1.940288
143.500000 -1.868344
143.550000 -1.772419
143.600000 -1.703901
143.650000 -1.679920
143.700000 -1.679920
143.750000 -1.703901
143.800000 -1.758715
143.850000 -1.837511
143.900000 -1.933436
143.950000 -2.036212
144.000000 -2.135563
144.050000 -2.224636
144.100000 -2.296579
144.150000 -2.344543
144.200000 -2.347968
144.250000 -2.279451
144.300000 -2.149266
144.350000 -1.967695
144.400000 -1.755289
144.450000 -1.542884
144.500000 -1.327053
144.550000 -1.100945
144.600000 -0.898817
144.650000 -0.785762
144.700000 -0.744652
144.750000 -0.748077
144.800000 -0.809744
144.850000 -0.984464
144.900000 -1.234554
144.950000 -1.491496
145.000000 -1.755289
145.050000 -2.053342
145.100000 -2.337690
145.150000 -2.560373
145.200000 -2.714538
145.250000 -2.793334
145.300000 -2.776205
145.350000 -2.666576
145.400000 -2.505559
145.450000 -2.306857
145.500000 -2.084175
145.550000 -1.858066
145.600000 -1.638809
145.650000 -1.460663
145.700000 -1.344182
145.750000 -1.299646
145.800000 -1.306497
145.850000 -1.327053
145.900000 -1.351034
145.950000 -1.398997
146.000000 -1.481218
146.050000 -1.560014
146.100000 -1.607976
146.150000 -1.638809
146.200000 -1.659364
146.250000 -1.666216
146.300000 -1.659365
146.350000 -1.659364
146.400000 -1.676494
146.450000 -1.727882
146.500000 -1.803251
146.550000 -1.875196
146.600000 -1.936862
146.650000 -2.005380
146.700000 -2.067045
146.750000 -2.091027
146.800000 -2.084175
146.850000 -2.063619
146.900000 -2.036213
146.950000 -1.998528
147.000000 -1.947139
147.050000 -1.871770
147.100000 -1.799825
147.150000 -1.741586
147.200000 -1.703901
147.250000 -1.662791
147.300000 -1.649087
147.350000 -1.673068
147.400000 -1.731308
147.450000 -1.803252
147.500000 -1.847789
147.550000 -1.871770
147.600000 -1.888899
147.650000 -1.895750
147.700000 -1.864918
147.750000 -1.816955
147.800000 -1.792974
147.850000 -1.779271
147.900000 -1.724457
147.950000 -1.642235
148.000000 -1.611402
148.050000 -1.628531
148.100000 -1.635383
148.150000 -1.652512
148.200000 -1.693623
148.250000 -1.738160
148.300000 -1.775844
148.350000 -1.827233
148.400000 -1.878621
148.450000 -1.909454
148.500000 -1.960843
148.550000 -2.012231
148.600000 -2.019083
148.650000 -2.012231
148.700000 -2.036212
148.750000 -2.046490
148.800000 -2.012231
148.850000 -1.943713
148.900000 -1.868344
148.950000 -1.820381
149.000000 -1.799826
149.050000 -1.755290
149.100000 -1.703901
149.150000 -1.683346
149.200000 -1.673068
149.250000 -1.669643
149.300000 -1.693623
149.350000 -1.727883
149.400000 -1.731308
149.450000 -1.731308
149.500000 -1.727883
149.550000 -1.724456
149.600000 -1.721031
149.650000 -1.727882
149.700000 -1.731308
149.750000 -1.745011
149.800000 -1.775845
149.850000 -1.830659
149.900000 -1.926583
149.950000 -2.060194
150.000000 -2.190378
150.050000 -2.330839
150.100000 -2.467875
150.150000 -2.532966
150.200000 -2.515837
150.250000 -2.471300
150.300000 -2.389079
150.350000 -2.231488
150.400000 -2.053341
150.450000 -1.895751
150.500000 -1.700475
150.550000 -1.481218
150.600000 -1.320201
150.650000 -1.210573
150.700000 -1.094092
150.750000 -1.029001
150.800000 -1.052982
150.850000 -1.121499
150.900000 -1.220850
150.950000 -1.351034
151.000000 -1.481219
151.050000 -1.611402
151.100000 -1.758715
151.150000 -1.888899
151.200000 -1.960843
151.250000 -2.029360
151.300000 -2.104730
151.350000 -2.138989
151.400000 -2.111582
151.450000 -2.070471
151.500000 -1.991676
151.550000 -1.861492
151.600000 -1.762141
151.650000 -1.703901
151.700000 -1.611402
151.750000 -1.491496
151.800000 -1.426404
151.850000 -1.385293
151.900000 -1.320201
151.950000 -1.251683
152.000000 -1.220850
152.050000 -1.220850
152.100000 -1.224277
152.150000 -1.244831
152.200000 -1.282517
152.250000 -1.316775
152.300000 -1.320201
152.350000 -1.313350
152.400000 -1.344183
152.450000 -1.402423
152.500000 -1.446959
152.550000 -1.515477
152.600000 -1.631957
152.650000 -1.755290
152.700000 -1.868344
152.750000 -1.974546
152.800000 -2.067045
152.850000 -2.135563
152.900000 -2.183526
152.950000 -2.190377
153.000000 -2.166397
153.050000 -2.142415
153.100000 -2.084175
153.150000 -1.967694
153.200000 -1.847788
153.250000 -1.734734
153.300000 -1.594272
153.350000 -1.446959
153.400000 -1.368163
153.450000 -1.347609
153.500000 -1.344183
153.550000 -1.354460
153.600000 -1.419552
153.650000 -1.536032
153.700000 -1.655939
153.750000 -1.758715
153.800000 -1.851214
153.850000 -1.947139
153.900000 -2.025935
153.950000 -2.060194
154.000000 -2.056768
154.050000 -2.046490
154.100000 -2.008805
154.150000 -1.947139
154.200000 -1.892325
154.250000 -1.868344
154.300000 -1.864917
154.350000 -1.868344
154.400000 -1.892325
154.450000 -1.919732
154.500000 -1.923158
154.550000 -1.909454
154.600000 -1.899177
154.650000 -1.902603
154.700000 -1.885473
154.750000 -1.844362
154.800000 -1.806677
154.850000 -1.758715
154.900000 -1.693623
154.950000 -1.638809
155.000000 -1.607976
155.050000 -1.566866
155.100000 -1.536032
155.150000 -1.563440
155.200000 -1.611401
155.250000 -1.659364
155.300000 -1.734734
155.350000 -1.834084
155.400000 -1.916306
155.450000 -2.032787
155.500000 -2.186951
155.550000 -2.306858
155.600000 -2.395931
155.650000 -2.491856
155.700000 -2.550095
155.750000 -2.529540
155.800000 -2.474726
155.850000 -2.389079
155.900000 -2.234914
155.950000 -2.049916
156.000000 -1.875196
156.050000 -1.714178
156.100000 -1.587420
156.150000 -1.512051
156.200000 -1.474366
156.250000 -1.488070
156.300000 -1.577143
156.350000 -1.686771
156.400000 -1.786122
156.450000 -1.888899
156.500000 -1.971120
156.550000 -1.981398
156.600000 -1.950565
156.650000 -1.906029
156.700000 -1.823808
156.750000 -1.741586
156.800000 -1.683346
156.850000 -1.631957
156.900000 -1.583995
156.950000 -1.604550
157.000000 -1.690197
157.050000 -1.810104
157.100000 -1.947139
157.150000 -2.087601
157.200000 -2.221211
157.250000 -2.361672
157.300000 -2.481578
157.350000 -2.539818
157.400000 -2.553521
157.450000 -2.563799
157.500000 -2.532966
157.550000 -2.426764
157.600000 -2.317135
157.650000 -2.262322
157.700000 -2.186951
157.750000 -2.046490
157.800000 -1.923158
157.850000 -1.827233
157.900000 -1.721030
157.950000 -1.618253
158.000000 -1.566865
158.050000 -1.539459
158.100000 -1.518903
158.150000 -1.508625
158.200000 -1.515477
158.250000 -1.549736
158.300000 -1.601124
158.350000 -1.638809
158.400000 -1.686772
158.450000 -1.741586
158.500000 -1.758715
158.550000 -1.745012
158.600000 -1.745012
158.650000 -1.755289
158.700000 -1.745012
158.750000 -1.731308
158.800000 -1.738160
158.850000 -1.734734
158.900000 -1.686772
158.950000 -1.614828
159.000000 -1.536032
159.050000 -1.470940
159.100000 -1.412700
159.150000 -1.309923
159.200000 -1.193444
159.250000 -1.121500
159.300000 -1.087241
159.350000 -1.059834
159.400000 -1.100944
159.450000 -1.234554
159.500000 -1.388719
159.550000 -1.529181
159.600000 -1.683345
159.650000 -1.851215
159.700000 -1.981398
159.750000 -2.039638
159.800000 -2.060193
159.850000 -2.063619
159.900000 -2.029361
159.950000 -1.940287
160.000000 -1.837511
160.050000 -1.779270
160.100000 -1.748438
160.150000 -1.727882
160.200000 -1.741586
160.250000 -1.803252
160.300000 -1.871770
160.350000 -1.947139
160.400000 -2.032786
160.450000 -2.121860
160.500000 -2.159545
160.550000 -2.152693
160.600000 -2.128711
160.650000 -2.087601
160.700000 -2.001953
160.750000 -1.919732
160.800000 -1.885473
160.850000 -1.864918
160.900000 -1.851214
160.950000 -1.878621
161.000000 -1.919732
161.050000 -1.919732
161.100000 -1.923158
161.150000 -1.971121
161.200000 -2.019083
161.250000 -2.043064
161.300000 -2.067046
161.350000 -2.091026
161.400000 -2.115008
161.450000 -2.162971
161.500000 -2.217784
161.550000 -2.245191
161.600000 -2.296580
161.650000 -2.375375
161.700000 -2.437041
161.750000 -2.450745
161.800000 -2.464449
161.850000 -2.467874
161.900000 -2.430190
161.950000 -2.371950
162.000000 -2.320561
162.050000 -2.276024
162.100000 -2.197229
162.150000 -2.118434
162.200000 -2.084175
162.250000 -2.039638
162.300000 -1.933435
162.350000 -1.803252
162.400000 -1.703901
162.450000 -1.614828
162.500000 -1.532606
162.550000 -1.491495
162.600000 -1.474366
162.650000 -1.481219
162.700000 -1.529181
162.750000 -1.618254
162.800000 -1.721030
162.850000 -1.820381
162.900000 -1.936861
162.950000 -2.073897
163.000000 -2.186951
163.050000 -2.269173
163.100000 -2.344542
163.150000 -2.416486
163.200000 -2.443893
163.250000 -2.423338
163.300000 -2.389079
163.350000 -2.327413
163.400000 -2.241766
163.450000 -2.173248
163.500000 -2.125285
163.550000 -2.049916
163.600000 -1.947139
163.650000 -1.875195
163.700000 -1.827233
163.750000 -1.779270
163.800000 -1.731308
163.850000 -1.697050
163.900000 -1.683346
163.950000 -1.700475
164.000000 -1.734734
164.050000 -1.762141
164.100000 -1.762141
164.150000 -1.758716
164.200000 -1.745012
164.250000 -1.731308
164.300000 -1.703901
164.350000 -1.655938
164.400000 -1.597698
164.450000 -1.546310
164.500000 -1.488070
164.550000 -1.422978
164.600000 -1.378441
164.650000 -1.364738
164.700000 -1.354460
164.750000 -1.368163
164.800000 -1.433255
164.850000 -1.525755
164.900000 -1.604550
164.950000 -1.676494
165.000000 -1.755289
165.050000 -1.820382
165.100000 -1.858066
165.150000 -1.871770
165.200000 -1.882047
165.250000 -1.919732
165.300000 -1.953991
165.350000 -1.943714
165.400000 -1.909454
165.450000 -1.895751
165.500000 -1.875195
165.550000 -1.844362
165.600000 -1.830659
165.650000 -1.806678
165.700000 -1.748438
165.750000 -1.659364
165.800000 -1.553162
165.850000 -1.429830
165.900000 -1.316775
165.950000 -1.217425
166.000000 -1.155758
166.050000 -1.155758
166.100000 -1.213999
166.150000 -1.299646
166.200000 -1.446960
166.250000 -1.642235
166.300000 -1.820381
166.350000 -1.964268
166.400000 -2.108156
166.450000 -2.217784
166.500000 -2.248618
166.550000 -2.224636
166.600000 -2.193803
166.650000 -2.142415
166.700000 -2.063619
166.750000 -1.960843
166.800000 -1.851214
166.850000 -1.772419
166.900000 -1.741585
166.950000 -1.741586
167.000000 -1.796400
167.050000 -1.909454
167.100000 -1.995101
167.150000 -2.046490
167.200000 -2.138989
167.250000 -2.245192
167.300000 -2.296580
167.350000 -2.347968
167.400000 -2.437042
167.450000 -2.526115
167.500000 -2.584355
167.550000 -2.622039
167.600000 -2.659724
167.650000 -2.687131
167.700000 -2.731668
167.750000 -2.779631
167.800000 -2.793334
167.850000 -2.772779
167.900000 -2.735094
167.950000 -2.656298
168.000000 -2.539818
168.050000 -2.409635
168.100000 -2.262321
168.150000 -2.091026
168.200000 -1.957417
168.250000 -1.864918
168.300000 -1.758715
168.350000 -1.649087
168.400000 -1.618253
168.450000 -1.662791
168.500000 -1.710752
168.550000 -1.762141
168.600000 -1.847789
168.650000 -1.957416
168.700000 -2.067045
168.750000 -2.169822
168.800000 -2.241766
168.850000 -2.272599
168.900000 -2.258895
168.950000 -2.193804
169.000000 -2.132138
169.050000 -2.091027
169.100000 -2.029361
169.150000 -1.964269
169.200000 -1.940288
169.250000 -1.933436
169.300000 -1.892324
169.350000 -1.861492
169.400000 -1.882047
169.450000 -1.916307
169.500000 -1.957417
169.550000 -2.012231
169.600000 -2.022508
169.650000 -1.984824
169.700000 -1.947139
169.750000 -1.882047
169.800000 -1.762141
169.850000 -1.645661
169.900000 -1.556587
169.950000 -1.457237
170.000000 -1.388719
170.050000 -1.385293
170.100000 -1.378442
170.150000 -1.371589
170.200000 -1.426404
170.250000 -1.515477
170.300000 -1.587421
170.350000 -1.669642
170.400000 -1.768993
170.450000 -1.861492
170.500000 -1.964268
170.550000 -2.063619
170.600000 -2.108156
170.650000 -2.115008
170.700000 -2.142415
170.750000 -2.138989
170.800000 -2.084174
170.850000 -2.046490
170.900000 -2.032786
170.950000 -1.974546
171.000000 -1.875196
171.050000 -1.772419
171.100000 -1.659365
171.150000 -1.525754
171.200000 -1.443533
171.250000 -1.436682
171.300000 -1.422978
171.350000 -1.409274
171.400000 -1.481218
171.450000 -1.614827
171.500000 -1.748437
171.550000 -1.885473
171.600000 -2.039638
171.650000 -2.197229
171.700000 -2.361672
171.750000 -2.539818
171.800000 -2.700835
171.850000 -2.834445
171.900000 -2.937221
171.950000 -3.002313
172.000000 -3.050276
172.050000 -3.087961
172.100000 -3.091386
172.150000 -3.033146
172.200000 -2.954351
172.250000 -2.855000
172.300000 -2.704261
172.350000 -2.488430
172.400000 -2.252043
172.450000 -2.019083
172.500000 -1.792974
172.550000 -1.583995
172.600000 -1.381867
172.650000 -1.207147
172.700000 -1.100944
172.750000 -1.042705
172.800000 -1.025575
172.850000 -1.056407
172.900000 -1.131777
172.950000 -1.234554
173.000000 -1.351034
173.050000 -1.474366
173.100000 -1.597698
173.150000 -1.727882
173.200000 -1.830659
173.250000 -1.882048
173.300000 -1.906029
173.350000 -1.919732
173.400000 -1.923158
173.450000 -1.906029
173.500000 -1.858066
173.550000 -1.782696
173.600000 -1.724456
173.650000 -1.690197
173.700000 -1.652512
173.750000 -1.631957
173.800000 -1.693623
173.850000 -1.827233
173.900000 -1.957416
173.950000 -2.087601
174.000000 -2.234914
174.050000 -2.361672
174.100000 -2.406208
174.150000 -2.385653
174.200000 -2.341116
174.250000 -2.269173
174.300000 -2.180100
174.350000 -2.046490
174.400000 -1.885473
174.450000 -1.765567
174.500000 -1.738160
174.550000 -1.751864
174.600000 -1.792974
174.650000 -1.919732
174.700000 -2.135563
174.750000 -2.361672
174.800000 -2.577503
174.850000 -2.803612
174.900000 -2.992036
174.950000 -3.087960
175.000000 -3.125645
175.050000 -3.118794
175.100000 -3.050276
175.150000 -2.926944
175.200000 -2.783056
175.250000 -2.625466
175.300000 -2.447319
175.350000 -2.279450
175.400000 -2.121859
175.450000 -1.960843
175.500000 -1.854640
175.550000 -1.810103
175.600000 -1.782696
175.650000 -1.768993
175.700000 -1.806678
175.750000 -1.861492
175.800000 -1.899177
175.850000 -1.957417
175.900000 -2.015657
175.950000 -2.025934
176.000000 -2.029361
176.050000 -2.053342
176.100000 -2.049916
176.150000 -2.001953
176.200000 -1.960843
176.250000 -1.916306
176.300000 -1.851215
176.350000 -1.775845
176.400000 -1.721031
176.450000 -1.686772
176.500000 -1.683346
176.550000 -1.700475
176.600000 -1.717604
176.650000 -1.768993
176.700000 -1.830659
176.750000 -1.864918
176.800000 -1.902602
176.850000 -1.984824
176.900000 -2.063619
176.950000 -2.111582
177.000000 -2.193803
177.050000 -2.313710
177.100000 -2.416486
177.150000 -2.508985
177.200000 -2.646021
177.250000 -2.769353
177.300000 -2.834444
177.350000 -2.882407
177.400000 -2.916666
177.450000 -2.909814
177.500000 -2.872130
177.550000 -2.820741
177.600000 -2.741946
177.650000 -2.639169
177.700000 -2.536392
177.750000 -2.433616
177.800000 -2.354820
177.850000 -2.279451
177.900000 -2.200656
177.950000 -2.111582
178.000000 -2.012231
178.050000 -1.906028
178.100000 -1.786122
178.150000 -1.645661
178.200000 -1.491496
178.250000 -1.340756
178.300000 -1.213998
178.350000 -1.114648
178.400000 -1.032427
178.450000 -0.991316
178.500000 -1.018723
178.550000 -1.100944
178.600000 -1.217425
178.650000 -1.378441
178.700000 -1.566866
178.750000 -1.734734
178.800000 -1.868344
178.850000 -1.988250
178.900000 -2.077322
178.950000 -2.118434
179.000000 -2.125286
179.050000 -2.115008
179.100000 -2.097878
179.150000 -2.056768
179.200000 -2.005380
179.250000 -1.964268
179.300000 -1.943714
179.350000 -1.919733
179.400000 -1.916307
179.450000 -1.940287
179.500000 -1.947139
179.550000 -1.947139
179.600000 -1.977973
179.650000 -2.012231
179.700000 -2.008806
179.750000 -2.029361
179.800000 -2.091027
179.850000 -2.145840
179.900000 -2.200655
179.950000 -2.289729
180.000000 -2.378802
180.050000 -2.443894
180.100000 -2.532967
180.150000 -2.625465
180.200000 -2.670002
180.250000 -2.680280
180.300000 -2.673428
180.350000 -2.642594
180.400000 -2.584355
180.450000 -2.488429
180.500000 -2.351394
180.550000 -2.190377
180.600000 -2.039638
180.650000 -1.912880
180.700000 -1.803252
180.750000 -1.703901
180.800000 -1.642235
180.850000 -1.631958
180.900000 -1.669642
180.950000 -1.727883
181.000000 -1.806678
181.050000 -1.926584
181.100000 -2.043064
181.150000 -2.104730
181.200000 -2.142415
181.250000 -2.193804
181.300000 -2.204080
181.350000 -2.159544
181.400000 -2.091026
181.450000 -1.995102
181.500000 -1.847789
181.550000 -1.686772
181.600000 -1.549736
181.650000 -1.419552
181.700000 -1.333905
181.750000 -1.296220
181.800000 -1.285942
181.850000 -1.299646
181.900000 -1.364738
181.950000 -1.450385
182.000000 -1.532607
182.050000 -1.625106
182.100000 -1.724456
182.150000 -1.803252
182.200000 -1.885473
182.250000 -1.977972
182.300000 -2.067045
182.350000 -2.128711
182.400000 -2.156118
182.450000 -2.135563
182.500000 -2.077323
182.550000 -1.984824
182.600000 -1.858066
182.650000 -1.727882
182.700000 -1.583995
182.750000 -1.409274
182.800000 -1.255110
182.850000 -1.200295
182.900000 -1.186591
182.950000 -1.179740
183.000000 -1.237980
183.050000 -1.378441
183.100000 -1.539458
183.150000 -1.717604
183.200000 -1.926583
183.250000 -2.104730
183.300000 -2.200655
183.350000 -2.282876
183.400000 -2.347969
183.450000 -2.344542
183.500000 -2.303431
183.550000 -2.258895
183.600000 -2.214359
183.650000 -2.162970
183.700000 -2.125286
183.750000 -2.104730
183.800000 -2.097879
183.850000 -2.101305
183.900000 -2.067045
183.950000 -2.001953
184.000000 -1.930010
184.050000 -1.861492
184.100000 -1.765567
184.150000 -1.649087
184.200000 -1.553162
184.250000 -1.505200
184.300000 -1.498348
184.350000 -1.512051
184.400000 -1.573718
184.450000 -1.686771
184.500000 -1.834084
184.550000 -1.974547
184.600000 -2.087600
184.650000 -2.200655
184.700000 -2.296580
184.750000 -2.347968
184.800000 -2.327413
184.850000 -2.245191
184.900000 -2.121859
184.950000 -1.991676
185.000000 -1.878622
185.050000 -1.772418
185.100000 -1.666216
185.150000 -1.587421
185.200000 -1.563440
185.250000 -1.583994
185.300000 -1.625105
185.350000 -1.703901
185.400000 -1.830659
185.450000 -1.964268
185.500000 -2.077323
185.550000 -2.173247
185.600000 -2.221210
185.650000 -2.214359
185.700000 -2.180099
185.750000 -2.135564
185.800000 -2.046490
185.850000 -1.940287
185.900000 -1.871770
185.950000 -1.830659
186.000000 -1.796400
186.050000 -1.799826
186.100000 -1.875195
186.150000 -1.991676
186.200000 -2.121859
186.250000 -2.265747
186.300000 -2.395930
186.350000 -2.498707
186.400000 -2.574077
186.450000 -2.622040
186.500000 -2.604910
186.550000 -2.508985
186.600000 -2.351394
186.650000 -2.169822
186.700000 -1.995102
186.750000 -1.820382
186.800000 -1.679920
186.850000 -1.614828
186.900000 -1.597698
186.950000 -1.583995
187.000000 -1.621679
187.050000 -1.734734
187.100000 -1.858066
187.150000 -1.964269
187.200000 -2.067045
187.250000 -2.142415
187.300000 -2.156119
187.350000 -2.125286
187.400000 -2.039639
187.450000 -1.888899
187.500000 -1.710753
187.550000 -1.522329
187.600000 -1.323627
187.650000 -1.183166
187.700000 -1.107796
187.750000 -1.035852
187.800000 -0.994741
187.850000 -1.035852
187.900000 -1.138629
187.950000 -1.265387
188.000000 -1.443533
188.050000 -1.649086
188.100000 -1.820381
188.150000 -1.995101
188.200000 -2.176673
188.250000 -2.293154
188.300000 -2.347969
188.350000 -2.382227
188.400000 -2.375375
188.450000 -2.306857
188.500000 -2.204081
188.550000 -2.053342
188.600000 -1.871769
188.650000 -1.724457
188.700000 -1.614828
188.750000 -1.498347
188.800000 -1.422978
188.850000 -1.436681
