time[ns] Raw_signal[mV]
-11.250000 0.218024
-11.200000 0.163210
-11.150000 0.074137
-11.100000 -0.014937
-11.050000 -0.134843
-11.000000 -0.278730
-10.950000 -0.402062
-10.900000 -0.504839
-10.850000 -0.590486
-10.800000 -0.641875
-10.750000 -0.648727
-10.700000 -0.652152
-10.650000 -0.638449
-10.600000 -0.587060
-10.550000 -0.525394
-10.500000 -0.467155
-10.450000 -0.384933
-10.400000 -0.282156
-10.350000 -0.182805
-10.300000 -0.100584
-10.250000 -0.025214
-10.200000 0.060433
-10.150000 0.166635
-10.100000 0.245431
-10.050000 0.272839
-10.000000 0.272839
-9.950000 0.283116
-9.900000 0.269412
-9.850000 0.211173
-9.800000 0.132377
-9.750000 0.070710
-9.700000 0.043303
-9.650000 0.029600
-9.600000 0.039877
-9.550000 0.074137
-9.500000 0.125525
-9.450000 0.173488
-9.400000 0.231728
-9.350000 0.334505
-9.300000 0.440707
-9.250000 0.498947
-9.200000 0.519503
-9.150000 0.522929
-9.100000 0.488670
-9.050000 0.406448
-9.000000 0.313949
-8.950000 0.218024
-8.900000 0.128951
-8.850000 0.050155
-8.800000 -0.018363
-8.750000 -0.073177
-8.700000 -0.076602
-8.650000 -0.038918
-8.600000 -0.004659
-8.550000 0.043304
-8.500000 0.122099
-8.450000 0.190617
-8.400000 0.238580
-8.350000 0.286542
-8.300000 0.310523
-8.250000 0.286542
-8.200000 0.231728
-8.150000 0.190617
-8.100000 0.159784
-8.050000 0.104970
-8.000000 0.005619
-7.950000 -0.080028
-7.900000 -0.107435
-7.850000 -0.107436
-7.800000 -0.131416
-7.750000 -0.145120
-7.700000 -0.086880
-7.650000 -0.011510
-7.600000 0.026174
-7.550000 0.057008
-7.500000 0.094692
-7.450000 0.111822
-7.400000 0.098118
-7.350000 0.080989
-7.300000 0.046729
-7.250000 0.009045
-7.200000 -0.011510
-7.150000 -0.014936
-7.100000 0.002193
-7.050000 0.060433
-7.000000 0.142654
-6.950000 0.207747
-6.900000 0.276264
-6.850000 0.355060
-6.800000 0.416725
-6.750000 0.440707
-6.700000 0.437281
-6.650000 0.399597
-6.600000 0.351634
-6.550000 0.320801
-6.500000 0.279690
-6.450000 0.218024
-6.400000 0.207747
-6.350000 0.262561
-6.300000 0.313949
-6.250000 0.372190
-6.200000 0.471540
-6.150000 0.574316
-6.100000 0.649687
-6.050000 0.707927
-6.000000 0.738759
-5.950000 0.731908
-5.900000 0.701075
-5.850000 0.615427
-5.800000 0.468114
-5.750000 0.317375
-5.700000 0.187191
-5.650000 0.036452
-5.600000 -0.114287
-5.550000 -0.223915
-5.500000 -0.309563
-5.450000 -0.374655
-5.400000 -0.384933
-5.350000 -0.354099
-5.300000 -0.330118
-5.250000 -0.278730
-5.200000 -0.193083
-5.150000 -0.110861
-5.100000 -0.014937
-5.050000 0.101544
-5.000000 0.180340
-4.950000 0.211172
-4.900000 0.259135
-4.850000 0.303671
-4.800000 0.300245
-4.750000 0.293394
-4.700000 0.324226
-4.650000 0.341356
-4.600000 0.365338
-4.550000 0.409874
-4.500000 0.474966
-4.450000 0.540058
-4.400000 0.584595
-4.350000 0.608575
-4.300000 0.632557
-4.250000 0.649686
-4.200000 0.625705
-4.150000 0.581169
-4.100000 0.546909
-4.050000 0.478392
-4.000000 0.372189
-3.950000 0.265986
-3.900000 0.190617
-3.850000 0.115248
-3.800000 0.070711
-3.750000 0.070711
-3.700000 0.118674
-3.650000 0.197469
-3.600000 0.283116
-3.550000 0.358486
-3.500000 0.440707
-3.450000 0.519502
-3.400000 0.505799
-3.350000 0.379041
-3.300000 0.303671
-3.250000 0.327652
-3.200000 0.255708
-3.150000 0.067284
-3.100000 -0.001233
-3.050000 0.070711
-3.000000 0.074137
-2.950000 0.067285
-2.900000 0.149507
-2.850000 0.197468
-2.800000 0.248857
-2.750000 0.485243
-2.700000 0.677094
-2.650000 0.581168
-2.600000 0.502373
-2.550000 0.574316
-2.500000 0.461263
-2.450000 0.183765
-2.400000 0.098118
-2.350000 0.046729
-2.300000 -0.206786
-2.250000 -0.347248
-2.200000 -0.206786
-2.150000 -0.182805
-2.100000 -0.360952
-2.050000 -0.432895
-2.000000 -0.340397
-1.950000 -0.217064
-1.900000 -0.104010
-1.850000 -0.127991
-1.800000 -0.285582
-1.750000 -0.323266
-1.700000 -0.227341
-1.650000 -0.292434
-1.600000 -0.402062
-1.550000 -0.254749
-1.500000 -0.004659
-1.450000 0.087840
-1.400000 0.163210
-1.350000 0.276264
-1.300000 0.300245
-1.250000 0.406448
-1.200000 0.690797
-1.150000 0.742185
-1.100000 0.471540
-1.050000 0.403022
-1.000000 0.560613
-0.950000 0.495521
-0.900000 0.313949
-0.850000 0.324227
-0.800000 0.296820
-0.750000 0.101544
-0.700000 0.019323
-0.650000 0.046730
-0.600000 -0.042344
-0.550000 -0.138268
-0.500000 -0.124565
-0.450000 -0.114287
-0.400000 -0.138268
-0.350000 -0.104009
-0.300000 -0.066324
-0.250000 -0.062899
-0.200000 -0.032066
-0.150000 0.029600
-0.100000 0.094692
-0.050000 0.149506
0.000000 0.135803
0.050000 0.057007
0.100000 0.057007
0.150000 0.091267
0.200000 -0.032065
0.250000 -0.223916
0.300000 -0.247897
0.350000 -0.162250
0.400000 -0.172527
0.450000 -0.196509
0.500000 -0.117713
0.550000 -0.045769
0.600000 -0.038918
0.650000 0.033026
0.700000 0.231728
0.750000 0.474965
0.800000 0.762741
0.850000 1.187551
0.900000 1.763101
0.950000 2.516797
1.000000 3.530860
1.050000 4.846402
1.100000 6.446292
1.150000 8.371642
1.200000 10.666993
1.250000 13.250109
1.300000 15.997669
1.350000 18.861723
1.400000 21.859374
1.450000 24.952947
1.500000 28.025972
1.550000 31.009923
1.600000 33.887671
1.650000 36.621536
1.700000 39.119006
1.750000 41.356116
1.800000 43.397936
1.850000 45.223946
1.900000 46.738186
1.950000 47.889286
2.000000 48.732056
2.050000 49.283626
2.100000 49.489176
2.150000 49.297326
2.200000 48.714926
2.250000 47.827616
2.300000 46.676516
2.350000 45.230796
2.400000 43.500716
2.450000 41.551386
2.500000 39.413636
2.550000 37.111436
2.600000 34.720166
2.650000 32.304916
2.700000 29.827996
2.750000 27.323665
2.800000 24.983780
2.850000 22.870007
2.900000 20.896699
2.950000 19.118659
3.000000 17.693489
3.050000 16.597205
3.100000 15.771563
3.150000 15.254259
3.200000 15.035000
3.250000 15.021294
3.300000 15.219996
3.350000 15.651659
3.400000 16.216934
3.450000 16.847293
3.500000 17.539328
3.550000 18.241632
3.600000 18.913109
3.650000 19.574302
3.700000 20.173838
3.750000 20.622630
3.800000 20.917250
3.850000 21.098823
3.900000 21.133083
3.950000 20.978923
4.000000 20.643176
4.050000 20.136146
4.100000 19.478375
4.150000 18.704127
4.200000 17.813395
4.250000 16.819887
4.300000 15.774991
4.350000 14.726668
4.400000 13.661217
4.450000 12.595765
4.500000 11.595405
4.550000 10.649859
4.600000 9.759128
4.650000 8.960896
4.700000 8.292847
4.750000 7.754982
4.800000 7.350727
4.850000 7.069805
4.900000 6.853973
4.950000 6.723789
5.000000 6.706660
5.050000 6.778603
5.100000 6.905361
5.150000 7.066378
5.200000 7.251377
5.250000 7.484337
5.300000 7.768685
5.350000 8.063312
5.400000 8.330532
5.450000 8.604603
5.500000 8.899230
5.550000 9.125338
5.600000 9.262374
5.650000 9.327466
5.700000 9.300059
5.750000 9.183578
5.800000 8.998580
5.850000 8.738212
5.900000 8.395624
5.950000 8.001646
6.000000 7.576836
6.050000 7.128045
6.100000 6.706660
6.150000 6.312682
6.200000 5.915279
6.250000 5.531580
6.300000 5.199268
6.350000 4.887512
6.400000 4.565478
6.450000 4.260574
6.500000 4.000206
6.550000 3.767246
6.600000 3.561693
6.650000 3.397249
6.700000 3.291047
6.750000 3.205400
6.800000 3.112902
6.850000 3.058087
6.900000 3.044383
6.950000 3.016976
7.000000 2.992995
7.050000 3.030680
7.100000 3.085495
7.150000 3.102623
7.200000 3.160864
7.250000 3.297899
7.300000 3.431509
7.350000 3.517156
7.400000 3.637063
7.450000 3.763820
7.500000 3.870022
7.550000 3.965947
7.600000 4.037891
7.650000 4.037891
7.700000 3.989929
7.750000 3.911133
7.800000 3.753542
7.850000 3.537712
7.900000 3.328732
7.950000 3.106049
8.000000 2.838830
8.050000 2.554481
8.100000 2.290688
8.150000 2.047449
8.200000 1.838470
8.250000 1.677453
8.300000 1.536992
8.350000 1.413660
8.400000 1.345142
8.450000 1.304031
8.500000 1.273198
8.550000 1.269773
8.600000 1.280050
8.650000 1.300606
8.700000 1.341716
8.750000 1.358845
8.800000 1.304031
8.850000 1.238939
8.900000 1.201254
8.950000 1.139588
9.000000 1.060793
9.050000 1.009405
9.100000 0.968294
9.150000 0.906628
9.200000 0.875795
9.250000 0.899776
9.300000 0.927184
9.350000 0.958017
9.400000 1.016257
9.450000 1.091627
9.500000 1.184125
9.550000 1.269772
9.600000 1.324586
9.650000 1.369124
9.700000 1.399956
9.750000 1.365698
9.800000 1.293754
9.850000 1.235514
9.900000 1.146440
9.950000 0.995701
10.000000 0.844962
10.050000 0.707926
10.100000 0.529780
10.150000 0.344782
10.200000 0.176913
10.250000 0.019323
10.300000 -0.114287
10.350000 -0.196508
10.400000 -0.254749
10.450000 -0.302711
10.500000 -0.292434
10.550000 -0.251323
10.600000 -0.220489
10.650000 -0.175953
10.700000 -0.100584
10.750000 -0.038918
10.800000 0.019322
10.850000 0.087841
10.900000 0.125525
10.950000 0.135803
11.000000 0.176913
11.050000 0.214598
11.100000 0.235154
11.150000 0.279690
11.200000 0.365337
11.250000 0.454411
11.300000 0.577742
11.350000 0.745611
11.400000 0.892924
11.450000 1.009405
11.500000 1.153292
11.550000 1.280051
11.600000 1.328012
11.650000 1.334865
11.700000 1.321160
11.750000 1.242365
11.800000 1.095052
11.850000 0.927184
11.900000 0.766167
11.950000 0.588021
12.000000 0.385893
12.050000 0.173487
12.100000 0.026175
12.150000 -0.076603
12.200000 -0.186231
12.250000 -0.285582
12.300000 -0.323266
12.350000 -0.364377
12.400000 -0.429469
12.450000 -0.460302
12.500000 -0.497987
12.550000 -0.597338
12.600000 -0.700114
12.650000 -0.744651
12.700000 -0.816595
12.750000 -0.936501
12.800000 -1.032426
12.850000 -1.080388
12.900000 -1.107795
12.950000 -1.083814
13.000000 -1.015296
13.050000 -0.909094
13.100000 -0.772058
13.150000 -0.597338
13.200000 -0.402062
13.250000 -0.189657
13.300000 0.022748
13.350000 0.194043
13.400000 0.313949
13.450000 0.396170
13.500000 0.427004
13.550000 0.385892
13.600000 0.286542
13.650000 0.139228
13.700000 -0.042344
13.750000 -0.237620
13.800000 -0.408914
13.850000 -0.566505
13.900000 -0.706967
13.950000 -0.830298
14.000000 -0.922797
14.050000 -0.970760
14.100000 -0.987889
14.150000 -0.991315
14.200000 -0.998166
14.250000 -0.987889
14.300000 -0.974185
14.350000 -0.967334
14.400000 -0.981038
14.450000 -1.001592
14.500000 -1.039278
14.550000 -1.073537
14.600000 -1.100944
14.650000 -1.121499
14.700000 -1.124925
14.750000 -1.114647
14.800000 -1.114647
14.850000 -1.104370
14.900000 -1.046129
14.950000 -0.967334
15.000000 -0.895390
15.050000 -0.806317
15.100000 -0.700115
15.150000 -0.628171
15.200000 -0.583634
15.250000 -0.525394
15.300000 -0.467154
15.350000 -0.456876
15.400000 -0.480858
15.450000 -0.504838
15.500000 -0.521968
15.550000 -0.549375
15.600000 -0.587060
15.650000 -0.631597
15.700000 -0.676133
15.750000 -0.703540
15.800000 -0.710392
15.850000 -0.703540
15.900000 -0.693263
15.950000 -0.679559
16.000000 -0.655578
16.050000 -0.614467
16.100000 -0.573357
16.150000 -0.535671
16.200000 -0.508265
16.250000 -0.487709
16.300000 -0.436321
16.350000 -0.374655
16.400000 -0.350674
16.450000 -0.326693
16.500000 -0.265026
16.550000 -0.223915
16.600000 -0.234193
16.650000 -0.268452
16.700000 -0.299285
16.750000 -0.364378
16.800000 -0.439747
16.850000 -0.504838
16.900000 -0.559653
16.950000 -0.614467
17.000000 -0.648726
17.050000 -0.669282
17.100000 -0.655577
17.150000 -0.652152
17.200000 -0.672707
17.250000 -0.686411
17.300000 -0.682985
17.350000 -0.737799
17.400000 -0.840576
17.450000 -0.926223
17.500000 -0.994741
17.550000 -1.097518
17.600000 -1.213998
17.650000 -1.285942
17.700000 -1.299645
17.750000 -1.279090
17.800000 -1.241405
17.850000 -1.190017
17.900000 -1.090666
17.950000 -0.957056
18.000000 -0.820020
18.050000 -0.686410
18.100000 -0.542524
18.150000 -0.405488
18.200000 -0.295860
18.250000 -0.213638
18.300000 -0.169101
18.350000 -0.175954
18.400000 -0.227341
18.450000 -0.282156
18.500000 -0.350674
18.550000 -0.470580
18.600000 -0.614467
18.650000 -0.730947
18.700000 -0.861131
18.750000 -1.029000
18.800000 -1.169461
18.850000 -1.231127
18.900000 -1.282516
18.950000 -1.316775
19.000000 -1.282516
19.050000 -1.179739
19.100000 -1.066685
19.150000 -0.950205
19.200000 -0.823447
19.250000 -0.686411
19.300000 -0.566504
19.350000 -0.504838
19.400000 -0.491135
19.450000 -0.470580
19.500000 -0.443172
19.550000 -0.467153
19.600000 -0.525394
19.650000 -0.559653
19.700000 -0.576782
19.750000 -0.576782
19.800000 -0.552801
19.850000 -0.532245
19.900000 -0.504838
19.950000 -0.426043
20.000000 -0.309563
20.050000 -0.241046
20.100000 -0.210213
20.150000 -0.175953
20.200000 -0.172527
20.250000 -0.227342
20.300000 -0.278730
20.350000 -0.309563
20.400000 -0.343822
20.450000 -0.391784
20.500000 -0.429469
20.550000 -0.450025
20.600000 -0.474006
20.650000 -0.504838
20.700000 -0.535672
20.750000 -0.549375
20.800000 -0.539098
20.850000 -0.515116
20.900000 -0.508265
20.950000 -0.515116
21.000000 -0.494561
21.050000 -0.443173
21.100000 -0.378080
21.150000 -0.309562
21.200000 -0.247897
21.250000 -0.182805
21.300000 -0.110861
21.350000 -0.059473
21.400000 -0.049195
21.450000 -0.059473
21.500000 -0.052621
21.550000 -0.056047
21.600000 -0.069751
21.650000 -0.097157
21.700000 -0.107435
21.750000 -0.076603
21.800000 -0.014937
21.850000 0.043304
21.900000 0.111821
21.950000 0.187191
22.000000 0.242005
22.050000 0.265986
22.100000 0.286542
22.150000 0.265987
22.200000 0.183765
22.250000 0.067285
22.300000 -0.052622
22.350000 -0.193083
22.400000 -0.347248
22.450000 -0.453450
22.500000 -0.515116
22.550000 -0.556227
22.600000 -0.563079
22.650000 -0.539098
22.700000 -0.491135
22.750000 -0.422617
22.800000 -0.319841
22.850000 -0.220490
22.900000 -0.165675
22.950000 -0.151972
23.000000 -0.162250
23.050000 -0.179379
23.100000 -0.217063
23.150000 -0.306137
23.200000 -0.426043
23.250000 -0.521968
23.300000 -0.590485
23.350000 -0.669282
23.400000 -0.730948
23.450000 -0.734374
23.500000 -0.713818
23.550000 -0.679559
23.600000 -0.607615
23.650000 -0.518543
23.700000 -0.467154
23.750000 -0.426043
23.800000 -0.381507
23.850000 -0.357525
23.900000 -0.354099
23.950000 -0.347248
24.000000 -0.357525
24.050000 -0.402062
24.100000 -0.450024
24.150000 -0.501413
24.200000 -0.545950
24.250000 -0.569931
24.300000 -0.580209
24.350000 -0.604190
24.400000 -0.635023
24.450000 -0.665856
24.500000 -0.717243
24.550000 -0.751503
24.600000 -0.754929
24.650000 -0.758354
24.700000 -0.782336
24.750000 -0.796040
24.800000 -0.806317
24.850000 -0.813169
24.900000 -0.802891
24.950000 -0.789188
25.000000 -0.782335
25.050000 -0.758355
25.100000 -0.710392
25.150000 -0.659004
25.200000 -0.611041
25.250000 -0.559653
25.300000 -0.491135
25.350000 -0.432895
25.400000 -0.388358
25.450000 -0.347248
25.500000 -0.302711
25.550000 -0.271878
25.600000 -0.271878
25.650000 -0.261600
25.700000 -0.241045
25.750000 -0.244471
25.800000 -0.268452
25.850000 -0.275304
25.900000 -0.285581
25.950000 -0.319841
26.000000 -0.360952
26.050000 -0.395210
26.100000 -0.426043
26.150000 -0.450025
26.200000 -0.474005
26.250000 -0.504839
26.300000 -0.518542
26.350000 -0.515117
26.400000 -0.504838
26.450000 -0.477432
26.500000 -0.426044
26.550000 -0.395210
26.600000 -0.395210
26.650000 -0.405487
26.700000 -0.412340
26.750000 -0.460302
26.800000 -0.566505
26.850000 -0.676134
26.900000 -0.768632
26.950000 -0.861131
27.000000 -0.933075
27.050000 -0.967334
27.100000 -0.960482
27.150000 -0.939926
27.200000 -0.891964
27.250000 -0.802891
27.300000 -0.710392
27.350000 -0.652151
27.400000 -0.604190
27.450000 -0.535672
27.500000 -0.477432
27.550000 -0.494561
27.600000 -0.563079
27.650000 -0.624745
27.700000 -0.682985
27.750000 -0.782336
27.800000 -0.881687
27.850000 -0.933074
27.900000 -0.939926
27.950000 -0.905668
28.000000 -0.837150
28.050000 -0.772058
28.100000 -0.717244
28.150000 -0.621319
28.200000 -0.521968
28.250000 -0.470580
28.300000 -0.456876
28.350000 -0.446599
28.400000 -0.439747
28.450000 -0.432895
28.500000 -0.450024
28.550000 -0.508264
28.600000 -0.566505
28.650000 -0.569931
28.700000 -0.549375
28.750000 -0.535672
28.800000 -0.508264
28.850000 -0.443173
28.900000 -0.381507
28.950000 -0.343822
29.000000 -0.323267
29.050000 -0.299286
29.100000 -0.285581
29.150000 -0.306137
29.200000 -0.360951
29.250000 -0.426043
29.300000 -0.480857
29.350000 -0.556227
29.400000 -0.641874
29.450000 -0.682985
29.500000 -0.693263
29.550000 -0.724095
29.600000 -0.758354
29.650000 -0.768633
29.700000 -0.772058
29.750000 -0.768632
29.800000 -0.744651
29.850000 -0.710392
29.900000 -0.676133
29.950000 -0.659004
30.000000 -0.635023
30.050000 -0.607615
30.100000 -0.549375
30.150000 -0.463728
30.200000 -0.374655
30.250000 -0.323266
30.300000 -0.295859
30.350000 -0.275304
30.400000 -0.282156
30.450000 -0.347247
30.500000 -0.453450
30.550000 -0.597338
30.600000 -0.765206
30.650000 -0.953631
30.700000 -1.135202
30.750000 -1.306497
30.800000 -1.426403
30.850000 -1.498347
30.900000 -1.532605
30.950000 -1.532606
31.000000 -1.488069
31.050000 -1.409273
31.100000 -1.309922
31.150000 -1.203720
31.200000 -1.111221
31.250000 -1.046129
31.300000 -0.974185
31.350000 -0.878261
31.400000 -0.802891
31.450000 -0.751503
31.500000 -0.659004
31.550000 -0.549376
31.600000 -0.480857
31.650000 -0.439747
31.700000 -0.402062
31.750000 -0.402062
31.800000 -0.463728
31.850000 -0.539097
31.900000 -0.604190
31.950000 -0.682985
32.000000 -0.768632
32.050000 -0.833724
32.100000 -0.867983
32.150000 -0.888539
32.200000 -0.878261
32.250000 -0.820020
32.300000 -0.727521
32.350000 -0.641875
32.400000 -0.580208
32.450000 -0.556227
32.500000 -0.573357
32.550000 -0.621319
32.600000 -0.717244
32.650000 -0.864557
32.700000 -1.025574
32.750000 -1.145480
32.800000 -1.248257
32.850000 -1.333904
32.900000 -1.375014
32.950000 -1.375014
33.000000 -1.347608
33.050000 -1.261960
33.100000 -1.135202
33.150000 -1.032426
33.200000 -0.943353
33.250000 -0.830299
33.300000 -0.730947
33.350000 -0.686411
33.400000 -0.652151
33.450000 -0.628171
33.500000 -0.635023
33.550000 -0.648726
33.600000 -0.624745
33.650000 -0.614467
33.700000 -0.631597
33.750000 -0.652152
33.800000 -0.676133
33.850000 -0.724095
33.900000 -0.782336
33.950000 -0.830298
34.000000 -0.881687
34.050000 -0.936501
34.100000 -0.977611
34.150000 -1.029000
34.200000 -1.083814
34.250000 -1.118073
34.300000 -1.142054
34.350000 -1.145480
34.400000 -1.107796
34.450000 -1.046129
34.500000 -0.974185
34.550000 -0.857705
34.600000 -0.727522
34.650000 -0.621319
34.700000 -0.525394
34.750000 -0.422617
34.800000 -0.336970
34.850000 -0.278730
34.900000 -0.230767
34.950000 -0.230767
35.000000 -0.271879
35.050000 -0.309563
35.100000 -0.336970
35.150000 -0.415765
35.200000 -0.518542
35.250000 -0.587060
35.300000 -0.611041
35.350000 -0.628171
35.400000 -0.641874
35.450000 -0.659004
35.500000 -0.672707
35.550000 -0.662429
35.600000 -0.638448
35.650000 -0.621319
35.700000 -0.611042
35.750000 -0.611041
35.800000 -0.645300
35.850000 -0.710392
35.900000 -0.768632
35.950000 -0.850853
36.000000 -0.953630
36.050000 -1.049556
36.100000 -1.128350
36.150000 -1.210572
36.200000 -1.275664
36.250000 -1.306497
36.300000 -1.296220
36.350000 -1.244831
36.400000 -1.169462
36.450000 -1.094091
36.500000 -1.015296
36.550000 -0.919371
36.600000 -0.854279
36.650000 -0.816594
36.700000 -0.775484
36.750000 -0.737800
36.800000 -0.744651
36.850000 -0.775484
36.900000 -0.816595
36.950000 -0.850853
37.000000 -0.909094
37.050000 -0.977612
37.100000 -1.039278
37.150000 -1.076963
37.200000 -1.097518
37.250000 -1.111221
37.300000 -1.100944
37.350000 -1.076962
37.400000 -1.052981
37.450000 -1.008444
37.500000 -0.933075
37.550000 -0.857705
37.600000 -0.806317
37.650000 -0.734373
37.700000 -0.641874
37.750000 -0.569930
37.800000 -0.521968
37.850000 -0.480858
37.900000 -0.460302
37.950000 -0.463728
38.000000 -0.474006
38.050000 -0.497987
38.100000 -0.535671
38.150000 -0.566505
38.200000 -0.590486
38.250000 -0.617893
38.300000 -0.624745
38.350000 -0.611041
38.400000 -0.607615
38.450000 -0.593912
38.500000 -0.539097
38.550000 -0.474005
38.600000 -0.429469
38.650000 -0.391784
38.700000 -0.354099
38.750000 -0.347248
38.800000 -0.391784
38.850000 -0.477432
38.900000 -0.573356
38.950000 -0.679559
39.000000 -0.792613
39.050000 -0.912520
39.100000 -0.994741
39.150000 -1.042703
39.200000 -1.073537
39.250000 -1.070111
39.300000 -1.005018
39.350000 -0.898816
39.400000 -0.792614
39.450000 -0.659004
39.500000 -0.477432
39.550000 -0.306137
39.600000 -0.172527
39.650000 -0.052622
39.700000 0.046730
39.750000 0.057007
39.800000 -0.004658
39.850000 -0.083454
39.900000 -0.148546
39.950000 -0.258175
40.000000 -0.419191
40.050000 -0.566504
40.100000 -0.665855
40.150000 -0.758354
40.200000 -0.850854
40.250000 -0.898816
40.300000 -0.895390
40.350000 -0.881686
40.400000 -0.854279
40.450000 -0.792614
40.500000 -0.730947
40.550000 -0.696688
40.600000 -0.665855
40.650000 -0.631597
40.700000 -0.611042
40.750000 -0.600763
40.800000 -0.604189
40.850000 -0.631596
40.900000 -0.662429
40.950000 -0.679559
41.000000 -0.710392
41.050000 -0.772058
41.100000 -0.809742
41.150000 -0.809743
41.200000 -0.823446
41.250000 -0.854280
41.300000 -0.867983
41.350000 -0.850854
41.400000 -0.830298
41.450000 -0.813169
41.500000 -0.782336
41.550000 -0.730947
41.600000 -0.648726
41.650000 -0.573357
41.700000 -0.504838
41.750000 -0.429469
41.800000 -0.350673
41.850000 -0.295859
41.900000 -0.265026
41.950000 -0.241045
42.000000 -0.251323
42.050000 -0.289007
42.100000 -0.343822
42.150000 -0.439747
42.200000 -0.576782
42.250000 -0.706966
42.300000 -0.820020
42.350000 -0.946779
42.400000 -1.090666
42.450000 -1.193443
42.500000 -1.241405
42.550000 -1.272238
42.600000 -1.265386
42.650000 -1.176313
42.700000 -1.028999
42.750000 -0.878261
42.800000 -0.724095
42.850000 -0.566504
42.900000 -0.419192
42.950000 -0.316415
43.000000 -0.265026
43.050000 -0.241046
43.100000 -0.247897
43.150000 -0.312989
43.200000 -0.408914
43.250000 -0.515116
43.300000 -0.631597
43.350000 -0.758354
43.400000 -0.881687
43.450000 -0.963908
43.500000 -1.029000
43.550000 -1.083814
43.600000 -1.121498
43.650000 -1.118073
43.700000 -1.080388
43.750000 -1.025574
43.800000 -0.953631
43.850000 -0.837150
43.900000 -0.669281
43.950000 -0.504839
44.000000 -0.357525
44.050000 -0.206786
44.100000 -0.038918
44.150000 0.074137
44.200000 0.111821
44.250000 0.111822
44.300000 0.084414
44.350000 0.012471
44.400000 -0.086880
44.450000 -0.210212
44.500000 -0.357526
44.550000 -0.491136
44.600000 -0.587060
44.650000 -0.672708
44.700000 -0.761780
44.750000 -0.813169
44.800000 -0.830299
44.850000 -0.816595
44.900000 -0.778910
44.950000 -0.730947
45.000000 -0.682985
45.050000 -0.617893
45.100000 -0.542523
45.150000 -0.497987
45.200000 -0.470580
45.250000 -0.439746
45.300000 -0.419192
45.350000 -0.436321
45.400000 -0.460302
45.450000 -0.484283
45.500000 -0.518542
45.550000 -0.563079
45.600000 -0.604189
45.650000 -0.614468
45.700000 -0.611042
45.750000 -0.607616
45.800000 -0.593912
45.850000 -0.532246
45.900000 -0.477431
45.950000 -0.467154
46.000000 -0.480857
46.050000 -0.470580
46.100000 -0.501413
46.150000 -0.621319
46.200000 -0.765206
46.250000 -0.895390
46.300000 -1.039277
46.350000 -1.213998
46.400000 -1.344182
46.450000 -1.419551
46.500000 -1.481218
46.550000 -1.508624
46.600000 -1.464088
46.650000 -1.364737
46.700000 -1.255108
46.750000 -1.128351
46.800000 -0.953630
46.850000 -0.761780
46.900000 -0.593911
46.950000 -0.456876
47.000000 -0.364377
47.050000 -0.323266
47.100000 -0.330118
47.150000 -0.384932
47.200000 -0.467154
47.250000 -0.563078
47.300000 -0.669281
47.350000 -0.785762
47.400000 -0.902242
47.450000 -0.960482
47.500000 -0.984463
47.550000 -1.018722
47.600000 -1.035852
47.650000 -1.011871
47.700000 -0.960482
47.750000 -0.939926
47.800000 -0.933075
47.850000 -0.895390
47.900000 -0.871409
47.950000 -0.905668
48.000000 -0.960482
48.050000 -1.001593
48.100000 -1.059833
48.150000 -1.131776
48.200000 -1.196868
48.250000 -1.237979
48.300000 -1.261960
48.350000 -1.265386
48.400000 -1.268812
48.450000 -1.261961
48.500000 -1.248257
48.550000 -1.213998
48.600000 -1.169461
48.650000 -1.100943
48.700000 -1.032426
48.750000 -0.987889
48.800000 -0.960482
48.850000 -0.929649
48.900000 -0.905668
48.950000 -0.898816
49.000000 -0.909093
49.050000 -0.898816
49.100000 -0.874835
49.150000 -0.857705
49.200000 -0.833725
49.250000 -0.741225
49.300000 -0.617893
49.350000 -0.528820
49.400000 -0.456877
49.450000 -0.350674
49.500000 -0.247896
49.550000 -0.227341
49.600000 -0.244471
49.650000 -0.247897
49.700000 -0.271878
49.750000 -0.336971
49.800000 -0.405488
49.850000 -0.463728
49.900000 -0.525394
49.950000 -0.573357
50.000000 -0.597337
50.050000 -0.611042
50.100000 -0.621319
50.150000 -0.624745
50.200000 -0.617893
50.250000 -0.624745
50.300000 -0.624745
50.350000 -0.631596
50.400000 -0.655578
50.450000 -0.689837
50.500000 -0.703540
50.550000 -0.703540
50.600000 -0.720670
50.650000 -0.720670
50.700000 -0.689836
50.750000 -0.686411
50.800000 -0.720670
50.850000 -0.724096
50.900000 -0.706966
50.950000 -0.727522
51.000000 -0.768632
51.050000 -0.772058
51.100000 -0.772058
51.150000 -0.785762
51.200000 -0.761781
51.250000 -0.676133
51.300000 -0.583634
51.350000 -0.497987
51.400000 -0.391785
51.450000 -0.285582
51.500000 -0.213638
51.550000 -0.179379
51.600000 -0.165676
51.650000 -0.175953
51.700000 -0.206786
51.750000 -0.282156
51.800000 -0.408914
51.850000 -0.552801
51.900000 -0.689837
51.950000 -0.826872
52.000000 -0.970760
52.050000 -1.097518
52.100000 -1.220850
52.150000 -1.337330
52.200000 -1.395570
52.250000 -1.412699
52.300000 -1.426403
52.350000 -1.426403
52.400000 -1.381866
52.450000 -1.313349
52.500000 -1.234553
52.550000 -1.121499
52.600000 -1.005018
52.650000 -0.915945
52.700000 -0.840576
52.750000 -0.761781
52.800000 -0.703540
52.850000 -0.686410
52.900000 -0.689837
52.950000 -0.689836
53.000000 -0.700114
53.050000 -0.703540
53.100000 -0.693263
53.150000 -0.679559
53.200000 -0.662429
53.250000 -0.607615
53.300000 -0.508265
53.350000 -0.419191
53.400000 -0.367803
53.450000 -0.312989
53.500000 -0.254749
53.550000 -0.244471
53.600000 -0.275304
53.650000 -0.306137
53.700000 -0.340396
53.750000 -0.402062
53.800000 -0.477431
53.850000 -0.545949
53.900000 -0.614467
53.950000 -0.655577
54.000000 -0.696689
54.050000 -0.751502
54.100000 -0.796039
54.150000 -0.854279
54.200000 -0.950204
54.250000 -1.046129
54.300000 -1.128350
54.350000 -1.231127
54.400000 -1.368163
54.450000 -1.446958
54.500000 -1.477791
54.550000 -1.501773
54.600000 -1.467514
54.650000 -1.361312
54.700000 -1.248257
54.750000 -1.159183
54.800000 -1.039278
54.850000 -0.898816
54.900000 -0.768632
54.950000 -0.659004
55.000000 -0.587060
55.050000 -0.569930
55.100000 -0.583634
55.150000 -0.590485
55.200000 -0.624745
55.250000 -0.689837
55.300000 -0.741225
55.350000 -0.741225
55.400000 -0.737800
55.450000 -0.734373
55.500000 -0.706966
55.550000 -0.689836
55.600000 -0.703540
55.650000 -0.734373
55.700000 -0.785761
55.750000 -0.864557
55.800000 -0.943353
55.850000 -0.998167
55.900000 -1.046130
55.950000 -1.097518
56.000000 -1.114648
56.050000 -1.083814
56.100000 -1.011870
56.150000 -0.919371
56.200000 -0.796040
56.250000 -0.631597
56.300000 -0.480857
56.350000 -0.364377
56.400000 -0.268453
56.450000 -0.186231
56.500000 -0.145120
56.550000 -0.151972
56.600000 -0.175953
56.650000 -0.230767
56.700000 -0.323267
56.750000 -0.415765
56.800000 -0.491135
56.850000 -0.576783
56.900000 -0.669281
56.950000 -0.744651
57.000000 -0.820020
57.050000 -0.909093
57.100000 -0.987889
57.150000 -1.049555
57.200000 -1.107795
57.250000 -1.152332
57.300000 -1.131776
57.350000 -1.090665
57.400000 -1.080388
57.450000 -1.059833
57.500000 -0.981038
57.550000 -0.881686
57.600000 -0.796039
57.650000 -0.703540
57.700000 -0.614468
57.750000 -0.566504
57.800000 -0.556227
57.850000 -0.563078
57.900000 -0.587060
57.950000 -0.635023
58.000000 -0.696688
58.050000 -0.775484
58.100000 -0.867983
58.150000 -0.950205
58.200000 -1.018722
58.250000 -1.073536
58.300000 -1.107795
58.350000 -1.152332
58.400000 -1.193443
58.450000 -1.196868
58.500000 -1.148906
58.550000 -1.097518
58.600000 -1.056407
58.650000 -0.991315
58.700000 -0.909093
58.750000 -0.833724
58.800000 -0.761780
58.850000 -0.669281
58.900000 -0.593912
58.950000 -0.542523
59.000000 -0.480858
59.050000 -0.398636
59.100000 -0.354100
59.150000 -0.374654
59.200000 -0.402062
59.250000 -0.408914
59.300000 -0.443173
59.350000 -0.521968
59.400000 -0.587060
59.450000 -0.628171
59.500000 -0.659003
59.550000 -0.703540
59.600000 -0.754928
59.650000 -0.799466
59.700000 -0.816595
59.750000 -0.813169
59.800000 -0.796039
59.850000 -0.768632
59.900000 -0.734373
59.950000 -0.727521
60.000000 -0.734373
60.050000 -0.720670
60.100000 -0.706966
60.150000 -0.724095
60.200000 -0.741225
60.250000 -0.741225
60.300000 -0.748077
60.350000 -0.772058
60.400000 -0.768632
60.450000 -0.717244
60.500000 -0.676133
60.550000 -0.652152
60.600000 -0.600763
60.650000 -0.511691
60.700000 -0.426043
60.750000 -0.360951
60.800000 -0.299285
60.850000 -0.237619
60.900000 -0.193083
60.950000 -0.193082
61.000000 -0.244471
61.050000 -0.306137
61.100000 -0.374655
61.150000 -0.470580
61.200000 -0.576783
61.250000 -0.648726
61.300000 -0.720669
61.350000 -0.802891
61.400000 -0.837150
61.450000 -0.820020
61.500000 -0.792614
61.550000 -0.758355
61.600000 -0.703541
61.650000 -0.635023
61.700000 -0.580208
61.750000 -0.535671
61.800000 -0.511691
61.850000 -0.515116
61.900000 -0.525394
61.950000 -0.539097
62.000000 -0.573357
62.050000 -0.624744
62.100000 -0.672708
62.150000 -0.693262
62.200000 -0.693262
62.250000 -0.703541
62.300000 -0.706966
62.350000 -0.659004
62.400000 -0.569930
62.450000 -0.494561
62.500000 -0.443172
62.550000 -0.398636
62.600000 -0.350674
62.650000 -0.302711
62.700000 -0.275304
62.750000 -0.278730
62.800000 -0.289008
62.850000 -0.278730
62.900000 -0.261600
62.950000 -0.230767
63.000000 -0.175953
63.050000 -0.114288
63.100000 -0.086880
63.150000 -0.076603
63.200000 -0.062899
63.250000 -0.069751
63.300000 -0.107436
63.350000 -0.189656
63.400000 -0.306137
63.450000 -0.429469
63.500000 -0.542524
63.550000 -0.665855
63.600000 -0.799465
63.650000 -0.857705
63.700000 -0.857705
63.750000 -0.867983
63.800000 -0.888538
63.850000 -0.864558
63.900000 -0.837150
63.950000 -0.833724
64.000000 -0.830298
64.050000 -0.799466
64.100000 -0.775484
64.150000 -0.768632
64.200000 -0.748077
64.250000 -0.724095
64.300000 -0.741225
64.350000 -0.772058
64.400000 -0.768632
64.450000 -0.772058
64.500000 -0.813169
64.550000 -0.861131
64.600000 -0.919371
64.650000 -0.987889
64.700000 -1.049555
64.750000 -1.090666
64.800000 -1.118073
64.850000 -1.124925
64.900000 -1.083814
64.950000 -1.005018
65.000000 -0.936500
65.050000 -0.844002
65.100000 -0.727521
65.150000 -0.638449
65.200000 -0.611041
65.250000 -0.607616
65.300000 -0.590486
65.350000 -0.604189
65.400000 -0.672708
65.450000 -0.741225
65.500000 -0.778910
65.550000 -0.802891
65.600000 -0.840576
65.650000 -0.847428
65.700000 -0.796039
65.750000 -0.727521
65.800000 -0.659003
65.850000 -0.566504
65.900000 -0.487709
65.950000 -0.443173
66.000000 -0.398636
66.050000 -0.364377
66.100000 -0.381507
66.150000 -0.443173
66.200000 -0.504839
66.250000 -0.552802
66.300000 -0.624745
66.350000 -0.703540
66.400000 -0.778910
66.450000 -0.867983
66.500000 -0.922797
66.550000 -0.929649
66.600000 -0.919371
66.650000 -0.898816
66.700000 -0.854280
66.750000 -0.806317
66.800000 -0.768632
66.850000 -0.717244
66.900000 -0.655578
66.950000 -0.617893
67.000000 -0.590486
67.050000 -0.559653
67.100000 -0.532246
67.150000 -0.532246
67.200000 -0.545950
67.250000 -0.542524
67.300000 -0.525394
67.350000 -0.521968
67.400000 -0.525394
67.450000 -0.501412
67.500000 -0.439747
67.550000 -0.391785
67.600000 -0.381507
67.650000 -0.381507
67.700000 -0.357526
67.750000 -0.360952
67.800000 -0.408914
67.850000 -0.460302
67.900000 -0.518542
67.950000 -0.621319
68.000000 -0.717244
68.050000 -0.782336
68.100000 -0.871409
68.150000 -0.960482
68.200000 -0.981038
68.250000 -0.963908
68.300000 -0.953630
68.350000 -0.919372
68.400000 -0.826872
68.450000 -0.713818
68.500000 -0.604190
68.550000 -0.491135
68.600000 -0.408914
68.650000 -0.347248
68.700000 -0.285582
68.750000 -0.271878
68.800000 -0.278730
68.850000 -0.254749
68.900000 -0.244471
68.950000 -0.285582
69.000000 -0.306137
69.050000 -0.275304
69.100000 -0.282156
69.150000 -0.340396
69.200000 -0.402062
69.250000 -0.463728
69.300000 -0.552801
69.350000 -0.655577
69.400000 -0.751503
69.450000 -0.830298
69.500000 -0.867983
69.550000 -0.881686
69.600000 -0.891964
69.650000 -0.864557
69.700000 -0.772058
69.750000 -0.655578
69.800000 -0.552801
69.850000 -0.443173
69.900000 -0.333544
69.950000 -0.261601
70.000000 -0.230767
70.050000 -0.230768
70.100000 -0.282156
70.150000 -0.381507
70.200000 -0.484283
70.250000 -0.576783
70.300000 -0.676133
70.350000 -0.737799
70.400000 -0.775484
70.450000 -0.813169
70.500000 -0.806316
70.550000 -0.720669
70.600000 -0.635023
70.650000 -0.583634
70.700000 -0.515116
70.750000 -0.426043
70.800000 -0.357526
70.850000 -0.302712
70.900000 -0.261600
70.950000 -0.251322
71.000000 -0.254749
71.050000 -0.265026
71.100000 -0.285582
71.150000 -0.316415
71.200000 -0.340396
71.250000 -0.378081
71.300000 -0.415765
71.350000 -0.439747
71.400000 -0.474005
71.450000 -0.515116
71.500000 -0.518542
71.550000 -0.515117
71.600000 -0.532245
71.650000 -0.504839
71.700000 -0.436321
71.750000 -0.395210
71.800000 -0.364378
71.850000 -0.278730
71.900000 -0.199934
71.950000 -0.162250
72.000000 -0.117713
72.050000 -0.059473
72.100000 -0.004659
72.150000 0.060433
72.200000 0.125526
72.250000 0.132377
72.300000 0.098118
72.350000 0.077563
72.400000 0.022748
72.450000 -0.073177
72.500000 -0.155397
72.550000 -0.227342
72.600000 -0.330118
72.650000 -0.450024
72.700000 -0.556227
72.750000 -0.665856
72.800000 -0.761780
72.850000 -0.809742
72.900000 -0.830298
72.950000 -0.830298
73.000000 -0.789188
73.050000 -0.713818
73.100000 -0.617893
73.150000 -0.484283
73.200000 -0.347247
73.250000 -0.258174
73.300000 -0.186231
73.350000 -0.093732
73.400000 -0.032066
73.450000 -0.035491
73.500000 -0.066325
73.550000 -0.107435
73.600000 -0.179379
73.650000 -0.265026
73.700000 -0.347248
73.750000 -0.429469
73.800000 -0.491135
73.850000 -0.504838
73.900000 -0.491135
73.950000 -0.480858
74.000000 -0.467154
74.050000 -0.439746
74.100000 -0.408914
74.150000 -0.378081
74.200000 -0.357526
74.250000 -0.347248
74.300000 -0.354100
74.350000 -0.364377
74.400000 -0.367803
74.450000 -0.367803
74.500000 -0.388358
74.550000 -0.419192
74.600000 -0.446599
74.650000 -0.474006
74.700000 -0.508264
74.750000 -0.552802
74.800000 -0.597337
74.850000 -0.638448
74.900000 -0.676133
74.950000 -0.717244
75.000000 -0.754929
75.050000 -0.765206
75.100000 -0.778910
75.150000 -0.823446
75.200000 -0.888538
75.250000 -0.902242
75.300000 -0.850854
75.350000 -0.809743
75.400000 -0.816594
75.450000 -0.820021
75.500000 -0.806317
75.550000 -0.806317
75.600000 -0.816595
75.650000 -0.826873
75.700000 -0.861131
75.750000 -0.909094
75.800000 -0.933074
75.850000 -0.943353
75.900000 -0.950204
75.950000 -0.933075
76.000000 -0.922798
76.050000 -0.929649
76.100000 -0.915946
76.150000 -0.891964
76.200000 -0.898816
76.250000 -0.912519
76.300000 -0.909093
76.350000 -0.926223
76.400000 -0.960482
76.450000 -0.967333
76.500000 -0.981038
76.550000 -1.005018
76.600000 -1.008445
76.650000 -0.991315
76.700000 -0.987889
76.750000 -0.953631
76.800000 -0.888539
76.850000 -0.830298
76.900000 -0.785762
76.950000 -0.724095
77.000000 -0.645300
77.050000 -0.566505
77.100000 -0.484284
77.150000 -0.408914
77.200000 -0.347248
77.250000 -0.265027
77.300000 -0.172528
77.350000 -0.131416
77.400000 -0.121139
77.450000 -0.104009
77.500000 -0.093732
77.550000 -0.127991
77.600000 -0.186230
77.650000 -0.234193
77.700000 -0.282155
77.750000 -0.336970
77.800000 -0.381507
77.850000 -0.419192
77.900000 -0.446599
77.950000 -0.450025
78.000000 -0.419191
78.050000 -0.364377
78.100000 -0.306137
78.150000 -0.258175
78.200000 -0.196509
78.250000 -0.141694
78.300000 -0.127991
78.350000 -0.131417
78.400000 -0.138269
78.450000 -0.165676
78.500000 -0.223916
78.550000 -0.268453
78.600000 -0.319841
78.650000 -0.398636
78.700000 -0.474005
78.750000 -0.501413
78.800000 -0.515117
78.850000 -0.521968
78.900000 -0.501413
78.950000 -0.446599
79.000000 -0.378081
79.050000 -0.302712
79.100000 -0.234194
79.150000 -0.172527
79.200000 -0.093731
79.250000 -0.014936
79.300000 0.026174
79.350000 0.002193
79.400000 -0.056047
79.450000 -0.124565
79.500000 -0.206786
79.550000 -0.312989
79.600000 -0.436321
79.650000 -0.552801
79.700000 -0.648726
79.750000 -0.730947
79.800000 -0.772058
79.850000 -0.765206
79.900000 -0.754929
79.950000 -0.727521
80.000000 -0.648726
80.050000 -0.563079
80.100000 -0.521968
80.150000 -0.487709
80.200000 -0.453450
80.250000 -0.456877
80.300000 -0.484283
80.350000 -0.501413
80.400000 -0.532246
80.450000 -0.576783
80.500000 -0.593912
80.550000 -0.583634
80.600000 -0.552802
80.650000 -0.477432
80.700000 -0.378080
80.750000 -0.292434
80.800000 -0.196509
80.850000 -0.080028
80.900000 0.002193
80.950000 0.015897
81.000000 -0.014936
81.050000 -0.076603
81.100000 -0.182805
81.150000 -0.312989
81.200000 -0.456876
81.250000 -0.587060
81.300000 -0.689836
81.350000 -0.765206
81.400000 -0.802891
81.450000 -0.751503
81.500000 -0.645301
81.550000 -0.549376
81.600000 -0.432895
81.650000 -0.265027
81.700000 -0.107436
81.750000 -0.004659
81.800000 0.060433
81.850000 0.104970
81.900000 0.098118
81.950000 0.033026
82.000000 -0.052621
82.050000 -0.141694
82.100000 -0.241045
82.150000 -0.343821
82.200000 -0.432895
82.250000 -0.480858
82.300000 -0.491135
82.350000 -0.501413
82.400000 -0.504839
82.450000 -0.474005
82.500000 -0.443173
82.550000 -0.422617
82.600000 -0.391784
82.650000 -0.374655
82.700000 -0.402062
82.750000 -0.456876
82.800000 -0.497987
82.850000 -0.528820
82.900000 -0.559653
82.950000 -0.593912
83.000000 -0.628171
83.050000 -0.624745
83.100000 -0.583634
83.150000 -0.542524
83.200000 -0.532246
83.250000 -0.497986
83.300000 -0.429469
83.350000 -0.381507
83.400000 -0.360951
83.450000 -0.340396
83.500000 -0.336970
83.550000 -0.367803
83.600000 -0.422617
83.650000 -0.484284
83.700000 -0.511690
83.750000 -0.491135
83.800000 -0.463728
83.850000 -0.443173
83.900000 -0.398636
83.950000 -0.347247
84.000000 -0.323267
84.050000 -0.306137
84.100000 -0.282155
84.150000 -0.299285
84.200000 -0.340396
84.250000 -0.360951
84.300000 -0.395210
84.350000 -0.474006
84.400000 -0.556227
84.450000 -0.600763
84.500000 -0.628171
84.550000 -0.641875
84.600000 -0.611041
84.650000 -0.542523
84.700000 -0.443172
84.750000 -0.357526
84.800000 -0.312989
84.850000 -0.268452
84.900000 -0.203361
84.950000 -0.189657
85.000000 -0.244471
85.050000 -0.275304
85.100000 -0.251323
85.150000 -0.241045
85.200000 -0.237619
85.250000 -0.165675
85.300000 -0.059473
85.350000 0.022748
85.400000 0.094692
85.450000 0.173487
85.500000 0.211172
85.550000 0.180339
85.600000 0.098118
85.650000 -0.025214
85.700000 -0.186231
85.750000 -0.391784
85.800000 -0.617893
85.850000 -0.813169
85.900000 -0.943353
85.950000 -1.018722
86.000000 -1.049555
86.050000 -1.011871
86.100000 -0.912519
86.150000 -0.782336
86.200000 -0.638449
86.250000 -0.480857
86.300000 -0.347248
86.350000 -0.285582
86.400000 -0.278730
86.450000 -0.289008
86.500000 -0.350674
86.550000 -0.460302
86.600000 -0.569931
86.650000 -0.652151
86.700000 -0.734374
86.750000 -0.799465
86.800000 -0.826872
86.850000 -0.826872
86.900000 -0.813168
86.950000 -0.778910
87.000000 -0.727521
87.050000 -0.652152
87.100000 -0.559653
87.150000 -0.474006
87.200000 -0.422618
87.250000 -0.360951
87.300000 -0.258174
87.350000 -0.155398
87.400000 -0.069750
87.450000 0.026175
87.500000 0.139228
87.550000 0.224876
87.600000 0.262561
87.650000 0.259135
87.700000 0.187191
87.750000 0.053581
87.800000 -0.093731
87.850000 -0.254749
87.900000 -0.446599
87.950000 -0.648726
88.000000 -0.813169
88.050000 -0.946779
88.100000 -1.066685
88.150000 -1.145481
88.200000 -1.155758
88.250000 -1.111222
88.300000 -1.042704
88.350000 -0.960482
88.400000 -0.885113
88.450000 -0.816594
88.500000 -0.730947
88.550000 -0.662430
88.600000 -0.631597
88.650000 -0.600764
88.700000 -0.542524
88.750000 -0.491135
88.800000 -0.453450
88.850000 -0.419191
88.900000 -0.391785
88.950000 -0.371229
89.000000 -0.316414
89.050000 -0.244471
89.100000 -0.186231
89.150000 -0.158824
89.200000 -0.145120
89.250000 -0.138269
89.300000 -0.124565
89.350000 -0.114287
89.400000 -0.117713
89.450000 -0.148547
89.500000 -0.172527
89.550000 -0.213638
89.600000 -0.275304
89.650000 -0.357525
89.700000 -0.439746
89.750000 -0.525394
89.800000 -0.590486
89.850000 -0.638448
89.900000 -0.669282
89.950000 -0.676134
90.000000 -0.665856
90.050000 -0.659004
90.100000 -0.669282
90.150000 -0.676133
90.200000 -0.679559
90.250000 -0.693263
90.300000 -0.713818
90.350000 -0.734373
90.400000 -0.751503
90.450000 -0.744651
90.500000 -0.717244
90.550000 -0.689836
90.600000 -0.648726
90.650000 -0.563079
90.700000 -0.453450
90.750000 -0.354099
90.800000 -0.265026
90.850000 -0.169101
90.900000 -0.090306
90.950000 -0.062899
91.000000 -0.073176
91.050000 -0.093732
91.100000 -0.145120
91.150000 -0.227341
91.200000 -0.306137
91.250000 -0.360951
91.300000 -0.388358
91.350000 -0.419191
91.400000 -0.443173
91.450000 -0.446598
91.500000 -0.408913
91.550000 -0.354100
91.600000 -0.306137
91.650000 -0.254749
91.700000 -0.182805
91.750000 -0.104009
91.800000 -0.035492
91.850000 0.029600
91.900000 0.070711
91.950000 0.060433
92.000000 0.015897
92.050000 -0.028640
92.100000 -0.069751
92.150000 -0.124565
92.200000 -0.203360
92.250000 -0.289008
92.300000 -0.374655
92.350000 -0.446599
92.400000 -0.484283
92.450000 -0.491135
92.500000 -0.480857
92.550000 -0.460302
92.600000 -0.422617
92.650000 -0.374655
92.700000 -0.323267
92.750000 -0.295859
92.800000 -0.299285
92.850000 -0.292433
92.900000 -0.292434
92.950000 -0.333544
93.000000 -0.395210
93.050000 -0.446599
93.100000 -0.491135
93.150000 -0.535671
93.200000 -0.569931
93.250000 -0.583635
93.300000 -0.583634
93.350000 -0.580209
93.400000 -0.576782
93.450000 -0.559653
93.500000 -0.532246
93.550000 -0.515116
93.600000 -0.521968
93.650000 -0.504839
93.700000 -0.474006
93.750000 -0.480857
93.800000 -0.491135
93.850000 -0.460302
93.900000 -0.408913
93.950000 -0.374655
94.000000 -0.336970
94.050000 -0.289007
94.100000 -0.258175
94.150000 -0.237619
94.200000 -0.223915
94.250000 -0.251323
94.300000 -0.302711
94.350000 -0.333544
94.400000 -0.378081
94.450000 -0.436320
94.500000 -0.460302
94.550000 -0.470579
94.600000 -0.504839
94.650000 -0.504839
94.700000 -0.456876
94.750000 -0.429469
94.800000 -0.408913
94.850000 -0.333544
94.900000 -0.227341
94.950000 -0.165676
95.000000 -0.124565
95.050000 -0.056047
95.100000 0.002193
95.150000 0.039878
95.200000 0.050155
95.250000 0.077563
95.300000 0.115247
95.350000 0.152932
95.400000 0.170062
95.450000 0.159784
95.500000 0.149506
95.550000 0.122099
95.600000 0.091266
95.650000 0.053582
95.700000 -0.008085
95.750000 -0.097158
95.800000 -0.189657
95.850000 -0.309563
95.900000 -0.463728
95.950000 -0.600764
96.000000 -0.686411
96.050000 -0.782336
96.100000 -0.874835
96.150000 -0.909094
96.200000 -0.915946
96.250000 -0.933075
96.300000 -0.915945
96.350000 -0.837150
96.400000 -0.748077
96.450000 -0.693263
96.500000 -0.662430
96.550000 -0.645300
96.600000 -0.641875
96.650000 -0.662429
96.700000 -0.706966
96.750000 -0.758355
96.800000 -0.799465
96.850000 -0.820021
96.900000 -0.813169
96.950000 -0.768632
97.000000 -0.693263
97.050000 -0.583634
97.100000 -0.432895
97.150000 -0.278730
97.200000 -0.141694
97.250000 0.002193
97.300000 0.132377
97.350000 0.190617
97.400000 0.180339
97.450000 0.183766
97.500000 0.173488
97.550000 0.067285
97.600000 -0.069751
97.650000 -0.145120
97.700000 -0.210212
97.750000 -0.309563
97.800000 -0.381507
97.850000 -0.405488
97.900000 -0.436321
97.950000 -0.467154
98.000000 -0.487710
98.050000 -0.525394
98.100000 -0.573356
98.150000 -0.607615
98.200000 -0.641874
98.250000 -0.686411
98.300000 -0.717244
98.350000 -0.727521
98.400000 -0.724095
98.450000 -0.676133
98.500000 -0.587060
98.550000 -0.494561
98.600000 -0.412340
98.650000 -0.309563
98.700000 -0.210212
98.750000 -0.148546
98.800000 -0.114287
98.850000 -0.097158
98.900000 -0.104009
98.950000 -0.141695
99.000000 -0.213638
99.050000 -0.292433
99.100000 -0.378080
99.150000 -0.460303
99.200000 -0.501413
99.250000 -0.504839
99.300000 -0.480858
99.350000 -0.422617
99.400000 -0.340396
99.450000 -0.244471
99.500000 -0.134843
99.550000 -0.025214
99.600000 0.063860
99.650000 0.128951
99.700000 0.176913
99.750000 0.183765
99.800000 0.176914
99.850000 0.159784
99.900000 0.125525
99.950000 0.067285
100.000000 0.005619
100.050000 -0.042343
100.100000 -0.083454
100.150000 -0.107435
100.200000 -0.104010
100.250000 -0.090305
100.300000 -0.076603
100.350000 -0.056047
100.400000 -0.025214
100.450000 0.015897
100.500000 0.046730
100.550000 0.046729
100.600000 0.029600
100.650000 0.002193
100.700000 -0.052621
100.750000 -0.134842
100.800000 -0.217064
100.850000 -0.319840
100.900000 -0.443173
100.950000 -0.539097
101.000000 -0.607615
101.050000 -0.659003
101.100000 -0.676133
101.150000 -0.669281
101.200000 -0.659004
101.250000 -0.617893
101.300000 -0.521968
101.350000 -0.456876
101.400000 -0.456877
101.450000 -0.453451
101.500000 -0.443173
101.550000 -0.480858
101.600000 -0.549376
101.650000 -0.597337
101.700000 -0.648726
101.750000 -0.700115
101.800000 -0.734374
101.850000 -0.772058
101.900000 -0.830298
101.950000 -0.847427
102.000000 -0.837150
102.050000 -0.857706
102.100000 -0.902242
102.150000 -0.891965
102.200000 -0.830299
102.250000 -0.754929
102.300000 -0.641874
102.350000 -0.480857
102.400000 -0.295859
102.450000 -0.083454
102.500000 0.146081
102.550000 0.337930
102.600000 0.478392
102.650000 0.608575
102.700000 0.701074
102.750000 0.707926
102.800000 0.649686
102.850000 0.557188
102.900000 0.440707
102.950000 0.289968
103.000000 0.118673
103.050000 -0.045770
103.100000 -0.175953
103.150000 -0.278730
103.200000 -0.371229
103.250000 -0.439747
103.300000 -0.474006
103.350000 -0.497987
103.400000 -0.525394
103.450000 -0.532246
103.500000 -0.515117
103.550000 -0.504838
103.600000 -0.491136
103.650000 -0.467154
103.700000 -0.450024
103.750000 -0.436321
103.800000 -0.419191
103.850000 -0.408914
103.900000 -0.405488
103.950000 -0.412340
104.000000 -0.439747
104.050000 -0.453450
104.100000 -0.470580
104.150000 -0.494561
104.200000 -0.515116
104.250000 -0.494561
104.300000 -0.463728
104.350000 -0.436320
104.400000 -0.405488
104.450000 -0.360952
104.500000 -0.330118
104.550000 -0.312988
104.600000 -0.340396
104.650000 -0.419191
104.700000 -0.545949
104.750000 -0.682985
104.800000 -0.806317
104.850000 -0.915946
104.900000 -1.011871
104.950000 -1.083815
105.000000 -1.118073
105.050000 -1.100943
105.100000 -1.052981
105.150000 -0.987889
105.200000 -0.891965
105.250000 -0.778909
105.300000 -0.659004
105.350000 -0.552801
105.400000 -0.484283
105.450000 -0.467154
105.500000 -0.474006
105.550000 -0.508265
105.600000 -0.583634
105.650000 -0.686411
105.700000 -0.785762
105.750000 -0.898816
105.800000 -1.008444
105.850000 -1.070110
105.900000 -1.090666
105.950000 -1.131776
106.000000 -1.179739
106.050000 -1.169462
106.100000 -1.111221
106.150000 -1.063259
106.200000 -1.001593
106.250000 -0.885113
106.300000 -0.761780
106.350000 -0.669281
106.400000 -0.566505
106.450000 -0.450024
106.500000 -0.343821
106.550000 -0.265026
106.600000 -0.203360
106.650000 -0.155397
106.700000 -0.117713
106.750000 -0.093732
106.800000 -0.090306
106.850000 -0.090306
106.900000 -0.100584
106.950000 -0.127991
107.000000 -0.145120
107.050000 -0.155398
107.100000 -0.196508
107.150000 -0.244471
107.200000 -0.275304
107.250000 -0.306138
107.300000 -0.364378
107.350000 -0.426043
107.400000 -0.470580
107.450000 -0.501413
107.500000 -0.525394
107.550000 -0.518543
107.600000 -0.480858
107.650000 -0.439747
107.700000 -0.381507
107.750000 -0.326692
107.800000 -0.299286
107.850000 -0.278730
107.900000 -0.237619
107.950000 -0.223916
108.000000 -0.271879
108.050000 -0.330118
108.100000 -0.384932
108.150000 -0.453450
108.200000 -0.511690
108.250000 -0.518542
108.300000 -0.494561
108.350000 -0.463728
108.400000 -0.388358
108.450000 -0.285582
108.500000 -0.206786
108.550000 -0.127991
108.600000 -0.035491
108.650000 0.009044
108.700000 0.009044
108.750000 -0.001233
108.800000 -0.035492
108.850000 -0.097158
108.900000 -0.141694
108.950000 -0.179379
109.000000 -0.251322
109.050000 -0.330119
109.100000 -0.360952
109.150000 -0.347247
109.200000 -0.336970
109.250000 -0.316415
109.300000 -0.244471
109.350000 -0.148546
109.400000 -0.069750
109.450000 -0.011511
109.500000 0.029600
109.550000 0.033026
109.600000 0.002193
109.650000 -0.028640
109.700000 -0.066324
109.750000 -0.141695
109.800000 -0.247897
109.850000 -0.330118
109.900000 -0.402062
109.950000 -0.477432
110.000000 -0.545949
110.050000 -0.583634
110.100000 -0.590486
110.150000 -0.569931
110.200000 -0.504838
110.250000 -0.408914
110.300000 -0.309563
110.350000 -0.213638
110.400000 -0.127991
110.450000 -0.062899
110.500000 -0.018362
110.550000 -0.004659
110.600000 -0.004659
110.650000 -0.001232
110.700000 0.009045
110.750000 -0.011511
110.800000 -0.073177
110.850000 -0.148546
110.900000 -0.203361
110.950000 -0.258175
111.000000 -0.330118
111.050000 -0.405488
111.100000 -0.491135
111.150000 -0.587060
111.200000 -0.672707
111.250000 -0.772058
111.300000 -0.895390
111.350000 -1.001593
111.400000 -1.070111
111.450000 -1.107795
111.500000 -1.107796
111.550000 -1.076962
111.600000 -1.042704
111.650000 -0.950204
111.700000 -0.782336
111.750000 -0.617893
111.800000 -0.501413
111.850000 -0.364377
111.900000 -0.217063
111.950000 -0.134843
112.000000 -0.114287
112.050000 -0.093732
112.100000 -0.097158
112.150000 -0.158824
112.200000 -0.223916
112.250000 -0.261600
112.300000 -0.302712
112.350000 -0.381507
112.400000 -0.446598
112.450000 -0.470580
112.500000 -0.456876
112.550000 -0.432895
112.600000 -0.402062
112.650000 -0.357525
112.700000 -0.309563
112.750000 -0.275304
112.800000 -0.241045
112.850000 -0.196508
112.900000 -0.151972
112.950000 -0.145120
113.000000 -0.138268
113.050000 -0.114287
113.100000 -0.083454
113.150000 -0.090306
113.200000 -0.127991
113.250000 -0.172528
113.300000 -0.227341
113.350000 -0.295859
113.400000 -0.378080
113.450000 -0.446599
113.500000 -0.508264
113.550000 -0.573356
113.600000 -0.607615
113.650000 -0.604189
113.700000 -0.580208
113.750000 -0.549375
113.800000 -0.501413
113.850000 -0.422617
113.900000 -0.343822
113.950000 -0.295860
114.000000 -0.268452
114.050000 -0.254748
114.100000 -0.282156
114.150000 -0.350674
114.200000 -0.422617
114.250000 -0.487709
114.300000 -0.545949
114.350000 -0.593911
114.400000 -0.631597
114.450000 -0.635023
114.500000 -0.590485
114.550000 -0.539098
114.600000 -0.497987
114.650000 -0.436321
114.700000 -0.360951
114.750000 -0.292433
114.800000 -0.251323
114.850000 -0.241045
114.900000 -0.237619
114.950000 -0.230767
115.000000 -0.265026
115.050000 -0.319840
115.100000 -0.333545
115.150000 -0.316415
115.200000 -0.350673
115.250000 -0.415765
115.300000 -0.443172
115.350000 -0.484283
115.400000 -0.556227
115.450000 -0.600763
115.500000 -0.617893
115.550000 -0.659003
115.600000 -0.686411
115.650000 -0.669281
115.700000 -0.641875
115.750000 -0.593911
115.800000 -0.508265
115.850000 -0.405488
115.900000 -0.309563
115.950000 -0.199934
116.000000 -0.104009
116.050000 -0.038917
116.100000 0.019322
116.150000 0.050155
116.200000 0.002194
116.250000 -0.073176
116.300000 -0.127991
116.350000 -0.223916
116.400000 -0.360951
116.450000 -0.450024
116.500000 -0.504839
116.550000 -0.580209
116.600000 -0.628171
116.650000 -0.597338
116.700000 -0.525394
116.750000 -0.432895
116.800000 -0.306137
116.850000 -0.175953
116.900000 -0.052621
116.950000 0.080988
117.000000 0.187191
117.050000 0.221450
117.100000 0.228302
117.150000 0.214598
117.200000 0.125526
117.250000 0.002193
117.300000 -0.110861
117.350000 -0.234193
117.400000 -0.364377
117.450000 -0.436321
117.500000 -0.467154
117.550000 -0.497987
117.600000 -0.480857
117.650000 -0.408914
117.700000 -0.360951
117.750000 -0.343822
117.800000 -0.302711
117.850000 -0.247897
117.900000 -0.220490
117.950000 -0.223915
118.000000 -0.265026
118.050000 -0.323266
118.100000 -0.367803
118.150000 -0.412340
118.200000 -0.467154
118.250000 -0.511691
118.300000 -0.515117
118.350000 -0.521968
118.400000 -0.542524
118.450000 -0.545949
118.500000 -0.532245
118.550000 -0.532246
118.600000 -0.518542
118.650000 -0.470579
118.700000 -0.422617
118.750000 -0.398636
118.800000 -0.347248
118.850000 -0.254748
118.900000 -0.169101
118.950000 -0.097158
119.000000 -0.025214
119.050000 0.029600
119.100000 0.063859
119.150000 0.084415
119.200000 0.091266
119.250000 0.053581
119.300000 -0.001233
119.350000 -0.045770
119.400000 -0.090306
119.450000 -0.155397
119.500000 -0.234193
119.550000 -0.312989
119.600000 -0.343822
119.650000 -0.326692
119.700000 -0.285582
119.750000 -0.237619
119.800000 -0.189657
119.850000 -0.162249
119.900000 -0.148546
119.950000 -0.141694
120.000000 -0.148546
120.050000 -0.169101
120.100000 -0.199934
120.150000 -0.237619
120.200000 -0.261600
120.250000 -0.258175
120.300000 -0.234194
120.350000 -0.206786
120.400000 -0.162250
120.450000 -0.080028
120.500000 0.015897
120.550000 0.080989
120.600000 0.118674
120.650000 0.156358
120.700000 0.204321
120.750000 0.214598
120.800000 0.163210
120.850000 0.091266
120.900000 0.019322
120.950000 -0.062899
121.000000 -0.155398
121.050000 -0.230768
121.100000 -0.275304
121.150000 -0.292433
121.200000 -0.278730
121.250000 -0.254748
121.300000 -0.244471
121.350000 -0.220490
121.400000 -0.175953
121.450000 -0.145120
121.500000 -0.134842
121.550000 -0.124565
121.600000 -0.131417
121.650000 -0.155398
121.700000 -0.186231
121.750000 -0.237620
121.800000 -0.299285
121.850000 -0.343822
121.900000 -0.391784
121.950000 -0.484283
122.000000 -0.573356
122.050000 -0.621319
122.100000 -0.662430
122.150000 -0.713818
122.200000 -0.741225
122.250000 -0.748077
122.300000 -0.782336
122.350000 -0.806317
122.400000 -0.792613
122.450000 -0.754929
122.500000 -0.717244
122.550000 -0.655578
122.600000 -0.559653
122.650000 -0.450024
122.700000 -0.330119
122.750000 -0.217064
122.800000 -0.124565
122.850000 -0.052621
122.900000 -0.018363
122.950000 -0.021788
123.000000 -0.066325
123.050000 -0.145120
123.100000 -0.265027
123.150000 -0.412339
123.200000 -0.545949
123.250000 -0.655577
123.300000 -0.737799
123.350000 -0.789187
123.400000 -0.796040
123.450000 -0.748077
123.500000 -0.635022
123.550000 -0.501413
123.600000 -0.384932
123.650000 -0.292434
123.700000 -0.210212
123.750000 -0.138268
123.800000 -0.100583
123.850000 -0.121139
123.900000 -0.189657
123.950000 -0.241045
124.000000 -0.261600
124.050000 -0.278730
124.100000 -0.295859
124.150000 -0.265026
124.200000 -0.199934
124.250000 -0.124565
124.300000 -0.021788
124.350000 0.104969
124.400000 0.218024
124.450000 0.313949
124.500000 0.396170
124.550000 0.420152
124.600000 0.392745
124.650000 0.355059
124.700000 0.300246
124.750000 0.211172
124.800000 0.122099
124.850000 0.019323
124.900000 -0.124565
124.950000 -0.234193
125.000000 -0.289008
125.050000 -0.312988
125.100000 -0.312989
125.150000 -0.268452
125.200000 -0.220490
125.250000 -0.158824
125.300000 -0.045769
125.350000 0.077562
125.400000 0.170061
125.450000 0.259135
125.500000 0.355060
125.550000 0.399596
125.600000 0.403022
125.650000 0.368763
125.700000 0.262561
125.750000 0.122100
125.800000 0.005619
125.850000 -0.138268
125.900000 -0.350674
125.950000 -0.528820
126.000000 -0.617893
126.050000 -0.682985
126.100000 -0.751503
126.150000 -0.775484
126.200000 -0.751503
126.250000 -0.700114
126.300000 -0.631596
126.350000 -0.569931
126.400000 -0.525394
126.450000 -0.470580
126.500000 -0.415766
126.550000 -0.415765
126.600000 -0.436321
126.650000 -0.429469
126.700000 -0.436321
126.750000 -0.477431
126.800000 -0.491135
126.850000 -0.443173
126.900000 -0.412340
126.950000 -0.402062
127.000000 -0.367803
127.050000 -0.306137
127.100000 -0.271878
127.150000 -0.258175
127.200000 -0.230767
127.250000 -0.193082
127.300000 -0.186231
127.350000 -0.196509
127.400000 -0.206786
127.450000 -0.199934
127.500000 -0.199934
127.550000 -0.196509
127.600000 -0.203360
127.650000 -0.244471
127.700000 -0.309563
127.750000 -0.367803
127.800000 -0.402062
127.850000 -0.453450
127.900000 -0.525394
127.950000 -0.563079
128.000000 -0.566504
128.050000 -0.569930
128.100000 -0.563078
128.150000 -0.515116
128.200000 -0.419192
128.250000 -0.302711
128.300000 -0.189657
128.350000 -0.090306
128.400000 -0.014936
128.450000 0.043303
128.500000 0.060433
128.550000 0.036452
128.600000 -0.001233
128.650000 -0.052622
128.700000 -0.145120
128.750000 -0.254749
128.800000 -0.343822
128.850000 -0.422618
128.900000 -0.515116
128.950000 -0.587060
129.000000 -0.638448
129.050000 -0.679559
129.100000 -0.682985
129.150000 -0.652152
129.200000 -0.624745
129.250000 -0.587060
129.300000 -0.515116
129.350000 -0.443173
129.400000 -0.388358
129.450000 -0.333544
129.500000 -0.278730
129.550000 -0.244471
129.600000 -0.217064
129.650000 -0.196508
129.700000 -0.213638
129.750000 -0.268452
129.800000 -0.330118
129.850000 -0.378081
129.900000 -0.439747
129.950000 -0.532246
130.000000 -0.621319
130.050000 -0.652152
130.100000 -0.665855
130.150000 -0.706966
130.200000 -0.741225
130.250000 -0.724095
130.300000 -0.713818
130.350000 -0.761780
130.400000 -0.813169
130.450000 -0.823446
130.500000 -0.844001
130.550000 -0.895391
130.600000 -0.946779
130.650000 -0.967334
130.700000 -0.963908
130.750000 -0.936501
130.800000 -0.871409
130.850000 -0.761781
130.900000 -0.641874
130.950000 -0.535672
131.000000 -0.467154
131.050000 -0.412340
131.100000 -0.360951
131.150000 -0.357525
131.200000 -0.426043
131.250000 -0.511690
131.300000 -0.590486
131.350000 -0.662429
131.400000 -0.727521
131.450000 -0.754929
131.500000 -0.744651
131.550000 -0.700114
131.600000 -0.628171
131.650000 -0.535672
131.700000 -0.429470
131.750000 -0.347248
131.800000 -0.289008
131.850000 -0.251322
131.900000 -0.237620
131.950000 -0.275305
132.000000 -0.347248
132.050000 -0.429469
132.100000 -0.518543
132.150000 -0.614467
132.200000 -0.676133
132.250000 -0.696689
132.300000 -0.710392
132.350000 -0.682985
132.400000 -0.607615
132.450000 -0.525394
132.500000 -0.439747
132.550000 -0.350673
132.600000 -0.271878
132.650000 -0.237619
132.700000 -0.223916
132.750000 -0.220489
132.800000 -0.244471
132.850000 -0.282156
132.900000 -0.319841
132.950000 -0.364377
133.000000 -0.415765
133.050000 -0.453450
133.100000 -0.477431
133.150000 -0.491135
133.200000 -0.467153
133.250000 -0.426044
133.300000 -0.388358
133.350000 -0.354100
133.400000 -0.312989
133.450000 -0.261601
133.500000 -0.210213
133.550000 -0.158823
133.600000 -0.117713
133.650000 -0.073176
133.700000 -0.025214
133.750000 0.009044
133.800000 0.029600
133.850000 0.060433
133.900000 0.080988
133.950000 0.053581
134.000000 -0.014936
134.050000 -0.076602
134.100000 -0.141694
134.150000 -0.237619
134.200000 -0.350674
134.250000 -0.453450
134.300000 -0.559653
134.350000 -0.669281
134.400000 -0.730948
134.450000 -0.748077
134.500000 -0.751503
134.550000 -0.717244
134.600000 -0.659004
134.650000 -0.590486
134.700000 -0.494561
134.750000 -0.378080
134.800000 -0.312988
134.850000 -0.316414
134.900000 -0.323267
134.950000 -0.333545
135.000000 -0.381507
135.050000 -0.443173
135.100000 -0.480857
135.150000 -0.525394
135.200000 -0.576783
135.250000 -0.600763
135.300000 -0.587060
135.350000 -0.549375
135.400000 -0.504838
135.450000 -0.467154
135.500000 -0.419192
135.550000 -0.388358
135.600000 -0.374655
135.650000 -0.354100
135.700000 -0.330118
135.750000 -0.340396
135.800000 -0.402062
135.850000 -0.467154
135.900000 -0.497987
135.950000 -0.515117
136.000000 -0.545949
136.050000 -0.542523
136.100000 -0.484283
136.150000 -0.398637
136.200000 -0.292433
136.250000 -0.145120
136.300000 0.057008
136.350000 0.262561
136.400000 0.454410
136.450000 0.635983
136.500000 0.790147
136.550000 0.896350
136.600000 0.930609
136.650000 0.882647
136.700000 0.783296
136.750000 0.629131
136.800000 0.420152
136.850000 0.200895
136.900000 0.039878
136.950000 -0.097158
137.000000 -0.230768
137.050000 -0.285582
137.100000 -0.258175
137.150000 -0.210212
137.200000 -0.145120
137.250000 -0.014937
137.300000 0.108395
137.350000 0.166636
137.400000 0.183766
137.450000 0.173487
137.500000 0.080989
137.550000 -0.080028
137.600000 -0.271878
137.650000 -0.494561
137.700000 -0.724095
137.750000 -0.902242
137.800000 -1.025574
137.850000 -1.090666
137.900000 -1.076962
137.950000 -0.994741
138.000000 -0.867983
138.050000 -0.700114
138.100000 -0.521968
138.150000 -0.360952
138.200000 -0.210213
138.250000 -0.073176
138.300000 0.009045
138.350000 0.026174
138.400000 -0.004659
138.450000 -0.069751
138.500000 -0.162250
138.550000 -0.285581
138.600000 -0.405487
138.650000 -0.480858
138.700000 -0.528820
138.750000 -0.587060
138.800000 -0.635022
138.850000 -0.607615
138.900000 -0.532246
138.950000 -0.463728
139.000000 -0.391785
139.050000 -0.299285
139.100000 -0.213638
139.150000 -0.151972
139.200000 -0.107435
139.250000 -0.059473
139.300000 -0.021788
139.350000 0.005619
139.400000 0.005619
139.450000 -0.008085
139.500000 -0.038918
139.550000 -0.114287
139.600000 -0.258174
139.650000 -0.426043
139.700000 -0.563078
139.750000 -0.682985
139.800000 -0.809743
139.850000 -0.919372
139.900000 -0.984463
139.950000 -1.005019
140.000000 -0.991315
140.050000 -0.909094
140.100000 -0.778909
140.150000 -0.628171
140.200000 -0.463728
140.250000 -0.271878
140.300000 -0.083454
140.350000 0.080989
140.400000 0.228302
140.450000 0.334504
140.500000 0.372189
140.550000 0.368763
140.600000 0.341356
140.650000 0.276264
140.700000 0.187191
140.750000 0.108396
140.800000 0.029601
140.850000 -0.056047
140.900000 -0.124565
140.950000 -0.155398
141.000000 -0.165675
141.050000 -0.155398
141.100000 -0.117713
141.150000 -0.073177
141.200000 -0.042344
141.250000 -0.008085
141.300000 0.033026
141.350000 0.043304
141.400000 0.012471
141.450000 -0.032066
141.500000 -0.093732
141.550000 -0.189657
141.600000 -0.289007
141.650000 -0.367803
141.700000 -0.460302
141.750000 -0.566505
141.800000 -0.628170
141.850000 -0.631597
141.900000 -0.617893
141.950000 -0.593912
142.000000 -0.532246
142.050000 -0.419192
142.100000 -0.282155
142.150000 -0.172527
142.200000 -0.083454
142.250000 0.033027
142.300000 0.146080
142.350000 0.211172
142.400000 0.231728
142.450000 0.221450
142.500000 0.183765
142.550000 0.125525
142.600000 0.063859
142.650000 -0.018362
142.700000 -0.114287
142.750000 -0.199934
142.800000 -0.241045
142.850000 -0.261601
142.900000 -0.258175
142.950000 -0.227342
143.000000 -0.165675
143.050000 -0.093732
143.100000 -0.032066
143.150000 -0.001233
143.200000 -0.014937
143.250000 -0.062899
143.300000 -0.155397
143.350000 -0.285582
143.400000 -0.426043
143.450000 -0.552801
143.500000 -0.676133
143.550000 -0.775484
143.600000 -0.820020
143.650000 -0.809743
143.700000 -0.772058
143.750000 -0.703540
143.800000 -0.593912
143.850000 -0.436321
143.900000 -0.278730
143.950000 -0.165676
144.000000 -0.083454
144.050000 -0.001233
144.100000 0.043304
144.150000 0.015896
144.200000 -0.042343
144.250000 -0.097158
144.300000 -0.172528
144.350000 -0.275304
144.400000 -0.384933
144.450000 -0.515116
144.500000 -0.665856
144.550000 -0.796040
144.600000 -0.909094
144.650000 -1.032426
144.700000 -1.138629
144.750000 -1.203721
144.800000 -1.237979
144.850000 -1.234554
144.900000 -1.148906
144.950000 -1.005019
145.000000 -0.850854
145.050000 -0.669282
145.100000 -0.456876
145.150000 -0.254749
145.200000 -0.097158
145.250000 0.026174
145.300000 0.108395
145.350000 0.128951
145.400000 0.080988
145.450000 -0.021788
145.500000 -0.127991
145.550000 -0.223916
145.600000 -0.333544
145.650000 -0.443173
145.700000 -0.504839
145.750000 -0.521968
145.800000 -0.525394
145.850000 -0.504838
145.900000 -0.439747
145.950000 -0.378081
146.000000 -0.333544
146.050000 -0.289008
146.100000 -0.254748
146.150000 -0.282156
146.200000 -0.357526
146.250000 -0.450024
146.300000 -0.545949
146.350000 -0.652151
146.400000 -0.734373
146.450000 -0.796039
146.500000 -0.850854
146.550000 -0.871409
146.600000 -0.844002
146.650000 -0.789187
146.700000 -0.727521
146.750000 -0.648726
146.800000 -0.549375
146.850000 -0.443173
146.900000 -0.336970
146.950000 -0.247897
147.000000 -0.172527
147.050000 -0.100583
147.100000 -0.032066
147.150000 0.002193
147.200000 0.009045
147.250000 0.019323
147.300000 0.026174
147.350000 0.002193
147.400000 -0.028640
147.450000 -0.032066
147.500000 -0.032066
147.550000 -0.076602
147.600000 -0.110861
147.650000 -0.093732
147.700000 -0.076603
147.750000 -0.097158
147.800000 -0.097158
147.850000 -0.062899
147.900000 -0.049195
147.950000 -0.076603
148.000000 -0.090306
148.050000 -0.083454
148.100000 -0.076603
148.150000 -0.062899
148.200000 -0.021788
148.250000 0.022749
148.300000 0.046729
148.350000 0.070711
148.400000 0.125525
148.450000 0.180339
148.500000 0.221450
148.550000 0.269413
148.600000 0.313949
148.650000 0.313949
148.700000 0.293394
148.750000 0.283116
148.800000 0.238580
148.850000 0.152932
148.900000 0.067285
148.950000 -0.014937
149.000000 -0.131416
149.050000 -0.247897
149.100000 -0.316415
149.150000 -0.360952
149.200000 -0.391784
149.250000 -0.371229
149.300000 -0.306137
149.350000 -0.258174
149.400000 -0.210212
149.450000 -0.155398
149.500000 -0.121139
149.550000 -0.107435
149.600000 -0.083454
149.650000 -0.083454
149.700000 -0.114288
149.750000 -0.138269
149.800000 -0.145121
149.850000 -0.169102
149.900000 -0.179379
149.950000 -0.151972
150.000000 -0.107436
150.050000 -0.073177
150.100000 -0.032066
150.150000 0.005619
150.200000 0.019323
150.250000 0.022749
150.300000 0.009044
150.350000 -0.049195
150.400000 -0.124565
150.450000 -0.172527
150.500000 -0.217064
150.550000 -0.306137
150.600000 -0.384933
150.650000 -0.415766
150.700000 -0.405488
150.750000 -0.391785
150.800000 -0.347247
150.850000 -0.271878
150.900000 -0.175953
150.950000 -0.049196
151.000000 0.087841
151.050000 0.197469
151.100000 0.289968
151.150000 0.382467
151.200000 0.450984
151.250000 0.471540
151.300000 0.450985
151.350000 0.396170
151.400000 0.289968
151.450000 0.122100
151.500000 -0.059473
151.550000 -0.237619
151.600000 -0.439747
151.650000 -0.635022
151.700000 -0.782336
151.750000 -0.888538
151.800000 -0.950204
151.850000 -0.929649
151.900000 -0.826872
151.950000 -0.713817
152.000000 -0.593912
152.050000 -0.446598
152.100000 -0.299285
152.150000 -0.203361
152.200000 -0.148546
152.250000 -0.110861
152.300000 -0.114287
152.350000 -0.169101
152.400000 -0.244471
152.450000 -0.330119
152.500000 -0.419191
152.550000 -0.487709
152.600000 -0.511691
152.650000 -0.487709
152.700000 -0.436321
152.750000 -0.381506
152.800000 -0.323267
152.850000 -0.258175
152.900000 -0.206787
152.950000 -0.155398
153.000000 -0.097158
153.050000 -0.038918
153.100000 0.002193
153.150000 0.053582
153.200000 0.125525
153.250000 0.180339
153.300000 0.218024
153.350000 0.262561
153.400000 0.310523
153.450000 0.331078
153.500000 0.324227
153.550000 0.289967
153.600000 0.221450
153.650000 0.142655
153.700000 0.070710
153.750000 -0.025214
153.800000 -0.158823
153.850000 -0.275304
153.900000 -0.336970
153.950000 -0.398636
154.000000 -0.480858
154.050000 -0.559653
154.100000 -0.597337
154.150000 -0.611041
154.200000 -0.604189
154.250000 -0.563078
154.300000 -0.504839
154.350000 -0.439747
154.400000 -0.378080
154.450000 -0.319841
154.500000 -0.241045
154.550000 -0.145120
154.600000 -0.083454
154.650000 -0.073176
154.700000 -0.073176
154.750000 -0.083454
154.800000 -0.127991
154.850000 -0.186231
154.900000 -0.237619
154.950000 -0.295859
155.000000 -0.326693
155.050000 -0.326692
155.100000 -0.323266
155.150000 -0.326692
155.200000 -0.295859
155.250000 -0.230768
155.300000 -0.179379
155.350000 -0.155398
155.400000 -0.134842
155.450000 -0.110861
155.500000 -0.090306
155.550000 -0.093732
155.600000 -0.121139
155.650000 -0.155398
155.700000 -0.193083
155.750000 -0.237619
155.800000 -0.278730
155.850000 -0.302711
155.900000 -0.343822
155.950000 -0.408914
156.000000 -0.450025
156.050000 -0.460302
156.100000 -0.484283
156.150000 -0.525394
156.200000 -0.528819
156.250000 -0.535672
156.300000 -0.566504
156.350000 -0.590486
156.400000 -0.580208
156.450000 -0.569930
156.500000 -0.563079
156.550000 -0.528820
156.600000 -0.497987
156.650000 -0.487710
156.700000 -0.460302
156.750000 -0.408913
156.800000 -0.367803
156.850000 -0.330118
156.900000 -0.261600
156.950000 -0.179380
157.000000 -0.124565
157.050000 -0.090306
157.100000 -0.080029
157.150000 -0.107436
157.200000 -0.158824
157.250000 -0.213638
157.300000 -0.295859
157.350000 -0.419192
157.400000 -0.549375
157.450000 -0.669281
157.500000 -0.758355
157.550000 -0.820021
157.600000 -0.861132
157.650000 -0.871409
157.700000 -0.840576
157.750000 -0.782336
157.800000 -0.713818
157.850000 -0.662429
157.900000 -0.631596
157.950000 -0.614467
158.000000 -0.604189
158.050000 -0.593912
158.100000 -0.593911
158.150000 -0.617893
158.200000 -0.655578
158.250000 -0.682985
158.300000 -0.662429
158.350000 -0.607616
158.400000 -0.525394
158.450000 -0.432895
158.500000 -0.319841
158.550000 -0.199935
158.600000 -0.090306
158.650000 0.002193
158.700000 0.077563
158.750000 0.115247
158.800000 0.101543
158.850000 0.080988
158.900000 0.063859
158.950000 0.019323
159.000000 -0.049195
159.050000 -0.083454
159.100000 -0.066324
159.150000 -0.049195
159.200000 -0.028640
159.250000 0.019322
159.300000 0.060434
159.350000 0.050156
159.400000 -0.008085
159.450000 -0.073176
159.500000 -0.158824
159.550000 -0.285581
159.600000 -0.439747
159.650000 -0.587060
159.700000 -0.710392
159.750000 -0.844002
159.800000 -0.970760
159.850000 -1.056407
159.900000 -1.111222
159.950000 -1.145480
160.000000 -1.138629
160.050000 -1.090666
160.100000 -1.029000
160.150000 -0.939927
160.200000 -0.823446
160.250000 -0.727521
160.300000 -0.676133
160.350000 -0.611041
160.400000 -0.521968
160.450000 -0.432895
160.500000 -0.336970
160.550000 -0.234193
160.600000 -0.151972
160.650000 -0.114287
160.700000 -0.100584
160.750000 -0.090306
160.800000 -0.080028
160.850000 -0.080028
160.900000 -0.093732
160.950000 -0.110862
161.000000 -0.145120
161.050000 -0.165676
161.100000 -0.148546
161.150000 -0.114287
161.200000 -0.097158
161.250000 -0.049195
161.300000 0.029600
161.350000 0.098118
161.400000 0.146080
161.450000 0.190617
161.500000 0.218024
161.550000 0.207747
161.600000 0.176914
161.650000 0.142655
161.700000 0.087841
161.750000 0.015897
161.800000 -0.056047
161.850000 -0.127991
161.900000 -0.186231
161.950000 -0.241045
162.000000 -0.295859
162.050000 -0.340396
162.100000 -0.378081
162.150000 -0.429469
162.200000 -0.491135
162.250000 -0.532246
162.300000 -0.566505
162.350000 -0.628171
162.400000 -0.682985
162.450000 -0.700114
162.500000 -0.710392
162.550000 -0.737799
162.600000 -0.744651
162.650000 -0.713818
162.700000 -0.665856
162.750000 -0.607615
162.800000 -0.535671
162.850000 -0.453451
162.900000 -0.391785
162.950000 -0.354100
163.000000 -0.309563
163.050000 -0.261601
163.100000 -0.244471
163.150000 -0.258175
163.200000 -0.275304
163.250000 -0.292434
163.300000 -0.316414
163.350000 -0.364377
163.400000 -0.415765
163.450000 -0.453450
163.500000 -0.474006
163.550000 -0.501413
163.600000 -0.535672
163.650000 -0.539098
163.700000 -0.515116
163.750000 -0.497987
163.800000 -0.487710
163.850000 -0.474006
163.900000 -0.456876
163.950000 -0.415765
164.000000 -0.350674
164.050000 -0.292434
164.100000 -0.234194
164.150000 -0.141694
164.200000 -0.049196
164.250000 -0.001233
164.300000 0.036452
164.350000 0.084415
164.400000 0.080989
164.450000 0.029600
164.500000 -0.018363
164.550000 -0.073176
164.600000 -0.145120
164.650000 -0.217064
164.700000 -0.265026
164.750000 -0.292434
164.800000 -0.312989
164.850000 -0.302711
164.900000 -0.285582
164.950000 -0.268453
165.000000 -0.247896
165.050000 -0.234193
165.100000 -0.244471
165.150000 -0.285581
165.200000 -0.340396
165.250000 -0.405488
165.300000 -0.494561
165.350000 -0.580209
165.400000 -0.624745
165.450000 -0.631596
165.500000 -0.621319
165.550000 -0.607616
165.600000 -0.545950
165.650000 -0.446598
165.700000 -0.343822
165.750000 -0.258174
165.800000 -0.169101
165.850000 -0.076602
165.900000 -0.018362
165.950000 -0.001233
166.000000 -0.025214
166.050000 -0.062898
166.100000 -0.110862
166.150000 -0.182805
166.200000 -0.292433
166.250000 -0.419192
166.300000 -0.521968
166.350000 -0.621319
166.400000 -0.751503
166.450000 -0.867983
166.500000 -0.915946
166.550000 -0.933075
166.600000 -0.950205
166.650000 -0.905668
166.700000 -0.796039
166.750000 -0.665855
166.800000 -0.511690
166.850000 -0.316415
166.900000 -0.117713
166.950000 0.053581
167.000000 0.207747
167.050000 0.334505
167.100000 0.392745
167.150000 0.396171
167.200000 0.355059
167.250000 0.276264
167.300000 0.183765
167.350000 0.077562
167.400000 -0.032066
167.450000 -0.117713
167.500000 -0.169102
167.550000 -0.199935
167.600000 -0.220489
167.650000 -0.203360
167.700000 -0.169101
167.750000 -0.138268
167.800000 -0.114287
167.850000 -0.090306
167.900000 -0.049195
167.950000 -0.028640
168.000000 -0.035491
168.050000 -0.035491
168.100000 -0.045769
168.150000 -0.080028
168.200000 -0.121139
168.250000 -0.141694
168.300000 -0.169101
168.350000 -0.210212
168.400000 -0.251323
168.450000 -0.275304
168.500000 -0.278730
168.550000 -0.265026
168.600000 -0.220490
168.650000 -0.141695
168.700000 -0.056047
168.750000 0.029600
168.800000 0.122099
168.850000 0.224876
168.900000 0.313949
168.950000 0.351634
169.000000 0.344782
169.050000 0.327653
169.100000 0.296819
169.150000 0.228301
169.200000 0.115247
169.250000 0.012471
169.300000 -0.066325
169.350000 -0.155398
169.400000 -0.247897
169.450000 -0.316415
169.500000 -0.371229
169.550000 -0.422617
169.600000 -0.446599
169.650000 -0.432895
169.700000 -0.395210
169.750000 -0.354099
169.800000 -0.316415
169.850000 -0.299285
169.900000 -0.309563
169.950000 -0.309563
170.000000 -0.306137
170.050000 -0.326692
170.100000 -0.374654
170.150000 -0.439747
170.200000 -0.508264
170.250000 -0.573356
170.300000 -0.611041
170.350000 -0.611041
170.400000 -0.593911
170.450000 -0.552801
170.500000 -0.487709
170.550000 -0.395210
170.600000 -0.299285
170.650000 -0.203360
170.700000 -0.107436
170.750000 -0.032066
170.800000 0.005618
170.850000 0.039878
170.900000 0.067285
170.950000 0.053582
171.000000 -0.001233
171.050000 -0.042344
171.100000 -0.076602
171.150000 -0.155398
171.200000 -0.261600
171.250000 -0.367803
171.300000 -0.474006
171.350000 -0.563079
171.400000 -0.614468
171.450000 -0.652152
171.500000 -0.686411
171.550000 -0.696688
171.600000 -0.641874
171.650000 -0.545949
171.700000 -0.429469
171.750000 -0.309563
171.800000 -0.186231
171.850000 -0.069751
171.900000 0.022748
171.950000 0.077562
172.000000 0.132377
172.050000 0.197469
172.100000 0.211172
172.150000 0.170062
172.200000 0.132377
172.250000 0.128951
172.300000 0.094692
172.350000 0.022748
172.400000 -0.025214
172.450000 -0.073176
172.500000 -0.155398
172.550000 -0.244471
172.600000 -0.333545
172.650000 -0.432895
172.700000 -0.511691
172.750000 -0.573357
172.800000 -0.648726
172.850000 -0.693263
172.900000 -0.662430
172.950000 -0.617893
173.000000 -0.597338
173.050000 -0.545949
173.100000 -0.460302
173.150000 -0.415765
173.200000 -0.398636
173.250000 -0.374655
173.300000 -0.350674
173.350000 -0.357525
173.400000 -0.357525
173.450000 -0.336970
173.500000 -0.312989
173.550000 -0.289008
173.600000 -0.247897
173.650000 -0.199935
173.700000 -0.162250
173.750000 -0.114287
173.800000 -0.056047
173.850000 -0.014937
173.900000 -0.011511
173.950000 -0.021788
174.000000 -0.045769
174.050000 -0.083455
174.100000 -0.131416
174.150000 -0.179379
174.200000 -0.230768
174.250000 -0.285582
174.300000 -0.316414
174.350000 -0.316415
174.400000 -0.302711
174.450000 -0.278730
174.500000 -0.223916
174.550000 -0.172527
174.600000 -0.141694
174.650000 -0.090306
174.700000 -0.004659
174.750000 0.063859
174.800000 0.098118
174.850000 0.125526
174.900000 0.166636
174.950000 0.194043
175.000000 0.221450
175.050000 0.245431
175.100000 0.231728
175.150000 0.173487
175.200000 0.122099
175.250000 0.091266
175.300000 0.026174
175.350000 -0.073177
175.400000 -0.145121
175.450000 -0.186231
175.500000 -0.241045
175.550000 -0.302711
175.600000 -0.343822
175.650000 -0.336970
175.700000 -0.323266
175.750000 -0.312989
175.800000 -0.289007
175.850000 -0.234193
175.900000 -0.186231
175.950000 -0.155398
176.000000 -0.121139
176.050000 -0.076602
176.100000 -0.028640
176.150000 -0.004659
176.200000 -0.014936
176.250000 -0.021789
176.300000 -0.001233
176.350000 0.019322
176.400000 0.022748
176.450000 0.039878
176.500000 0.067285
176.550000 0.070711
176.600000 0.039878
176.650000 -0.001232
176.700000 -0.052621
176.750000 -0.104010
176.800000 -0.148546
176.850000 -0.175953
176.900000 -0.203361
176.950000 -0.230767
177.000000 -0.251323
177.050000 -0.258174
177.100000 -0.265026
177.150000 -0.275304
177.200000 -0.285582
177.250000 -0.285582
177.300000 -0.285581
177.350000 -0.299285
177.400000 -0.323267
177.450000 -0.343822
177.500000 -0.354100
177.550000 -0.360952
177.600000 -0.347247
177.650000 -0.282156
177.700000 -0.196508
177.750000 -0.104009
177.800000 -0.008085
177.850000 0.115247
177.900000 0.200895
177.950000 0.228302
178.000000 0.235154
178.050000 0.231728
178.100000 0.176914
178.150000 0.091267
178.200000 0.019322
178.250000 -0.032066
178.300000 -0.069751
178.350000 -0.083454
178.400000 -0.076603
178.450000 -0.042344
178.500000 0.043303
178.550000 0.166636
178.600000 0.269413
178.650000 0.344782
178.700000 0.427003
178.750000 0.498947
178.800000 0.526354
178.850000 0.519503
178.900000 0.495522
178.950000 0.413299
179.000000 0.283116
179.050000 0.170061
179.100000 0.091266
179.150000 -0.004658
179.200000 -0.097158
179.250000 -0.134843
179.300000 -0.127991
179.350000 -0.110862
179.400000 -0.062899
179.450000 0.022748
179.500000 0.098118
179.550000 0.152932
179.600000 0.194043
179.650000 0.214599
179.700000 0.190617
179.750000 0.132377
179.800000 0.050155
179.850000 -0.045770
179.900000 -0.145120
179.950000 -0.254749
180.000000 -0.350674
180.050000 -0.408914
180.100000 -0.422617
180.150000 -0.436321
180.200000 -0.439747
180.250000 -0.395211
180.300000 -0.333544
180.350000 -0.299286
180.400000 -0.278730
180.450000 -0.244471
180.500000 -0.223915
180.550000 -0.247896
180.600000 -0.268452
180.650000 -0.258175
180.700000 -0.244471
180.750000 -0.241045
180.800000 -0.223915
180.850000 -0.189657
180.900000 -0.175953
180.950000 -0.182805
181.000000 -0.203360
181.050000 -0.241046
181.100000 -0.299285
181.150000 -0.350673
181.200000 -0.395210
181.250000 -0.426043
181.300000 -0.432895
181.350000 -0.412340
181.400000 -0.378081
181.450000 -0.309562
181.500000 -0.196509
181.550000 -0.090306
181.600000 -0.032066
181.650000 0.009044
181.700000 0.036452
181.750000 -0.004659
181.800000 -0.104009
181.850000 -0.203360
181.900000 -0.299286
181.950000 -0.415766
182.000000 -0.515116
182.050000 -0.573356
182.100000 -0.590486
182.150000 -0.600763
182.200000 -0.583634
182.250000 -0.501413
182.300000 -0.384933
182.350000 -0.292433
182.400000 -0.234193
182.450000 -0.165676
182.500000 -0.097158
182.550000 -0.073176
182.600000 -0.073177
182.650000 -0.062899
182.700000 -0.049195
182.750000 -0.038918
182.800000 -0.018362
182.850000 0.015897
182.900000 0.050156
182.950000 0.077562
183.000000 0.101544
183.050000 0.111822
183.100000 0.077563
183.150000 -0.001233
183.200000 -0.110861
183.250000 -0.230767
183.300000 -0.343822
183.350000 -0.456876
183.400000 -0.580208
183.450000 -0.706966
183.500000 -0.792613
183.550000 -0.830299
183.600000 -0.837150
183.650000 -0.813169
183.700000 -0.748077
183.750000 -0.662430
183.800000 -0.566504
183.850000 -0.446598
183.900000 -0.326692
183.950000 -0.251323
184.000000 -0.196509
184.050000 -0.141695
184.100000 -0.117713
184.150000 -0.131416
184.200000 -0.145120
184.250000 -0.141695
184.300000 -0.151972
184.350000 -0.169102
184.400000 -0.162250
184.450000 -0.158824
184.500000 -0.165675
184.550000 -0.158824
184.600000 -0.169102
184.650000 -0.206787
184.700000 -0.227342
184.750000 -0.241045
184.800000 -0.271878
184.850000 -0.295859
184.900000 -0.302711
184.950000 -0.340396
185.000000 -0.388359
185.050000 -0.391784
185.100000 -0.357525
185.150000 -0.336970
185.200000 -0.306137
185.250000 -0.247897
185.300000 -0.196509
185.350000 -0.172527
185.400000 -0.148546
185.450000 -0.121139
185.500000 -0.110861
185.550000 -0.100583
185.600000 -0.083454
185.650000 -0.066325
185.700000 -0.028640
185.750000 0.005619
185.800000 0.005619
185.850000 -0.001233
185.900000 0.029601
185.950000 0.022749
186.000000 -0.035492
186.050000 -0.083454
186.100000 -0.114287
186.150000 -0.196509
186.200000 -0.295859
186.250000 -0.357525
186.300000 -0.395210
186.350000 -0.436321
186.400000 -0.443172
186.450000 -0.419191
186.500000 -0.378081
186.550000 -0.319840
186.600000 -0.254748
186.650000 -0.189657
186.700000 -0.124565
186.750000 -0.073176
186.800000 -0.049195
186.850000 -0.025214
186.900000 0.012471
186.950000 0.005619
187.000000 -0.038918
187.050000 -0.049195
187.100000 -0.045769
187.150000 -0.083454
187.200000 -0.117713
187.250000 -0.117713
187.300000 -0.121139
187.350000 -0.145120
187.400000 -0.155398
187.450000 -0.141695
187.500000 -0.107436
187.550000 -0.086880
187.600000 -0.104010
187.650000 -0.131416
187.700000 -0.104010
187.750000 -0.062899
187.800000 -0.052621
187.850000 -0.018363
187.900000 0.046730
187.950000 0.077562
188.000000 0.063859
188.050000 0.084414
188.100000 0.111822
188.150000 0.098118
188.200000 0.087841
188.250000 0.111821
188.300000 0.128951
188.350000 0.122099
188.400000 0.125525
188.450000 0.146080
188.500000 0.149506
188.550000 0.152932
188.600000 0.187191
188.650000 0.218024
188.700000 0.231728
188.750000 0.228302
