time[ns] Raw_signal[mV]
-11.100000 -0.168828
-11.050000 -0.124292
-11.000000 -0.086606
-10.950000 -0.042070
-10.900000 -0.004386
-10.850000 0.005893
-10.800000 -0.018088
-10.750000 -0.052348
-10.700000 -0.117440
-10.650000 -0.213365
-10.600000 -0.299012
-10.550000 -0.346974
-10.500000 -0.374381
-10.450000 -0.370955
-10.400000 -0.302438
-10.350000 -0.185957
-10.300000 -0.045495
-10.250000 0.105244
-10.200000 0.252557
-10.150000 0.379315
-10.100000 0.478666
-10.050000 0.543757
-10.000000 0.557461
-9.950000 0.523202
-9.900000 0.464962
-9.850000 0.396444
-9.800000 0.327926
-9.750000 0.279963
-9.700000 0.269687
-9.650000 0.290242
-9.600000 0.327926
-9.550000 0.393018
-9.500000 0.492369
-9.450000 0.591720
-9.400000 0.646534
-9.350000 0.646534
-9.300000 0.591719
-9.250000 0.485517
-9.200000 0.307371
-9.150000 0.081262
-9.100000 -0.141421
-9.050000 -0.357251
-9.000000 -0.566232
-8.950000 -0.716970
-8.900000 -0.802617
-8.850000 -0.871135
-8.800000 -0.908820
-8.750000 -0.860858
-8.700000 -0.768359
-8.650000 -0.692989
-8.600000 -0.600490
-8.550000 -0.466880
-8.500000 -0.346974
-8.450000 -0.261327
-8.400000 -0.165401
-8.350000 -0.069477
-8.300000 0.009318
-8.250000 0.081262
-8.200000 0.166909
-8.150000 0.228576
-8.100000 0.273112
-8.050000 0.331352
-8.000000 0.369037
-7.950000 0.351907
-7.900000 0.300519
-7.850000 0.232001
-7.800000 0.142928
-7.750000 0.050429
-7.700000 -0.024940
-7.650000 -0.114013
-7.600000 -0.206513
-7.550000 -0.251049
-7.500000 -0.244197
-7.450000 -0.254475
-7.400000 -0.271605
-7.350000 -0.295586
-7.300000 -0.340122
-7.250000 -0.388084
-7.200000 -0.401788
-7.150000 -0.432621
-7.100000 -0.504565
-7.050000 -0.552527
-7.000000 -0.545675
-6.950000 -0.545676
-6.900000 -0.549101
-6.850000 -0.528546
-6.800000 -0.494287
-6.750000 -0.449751
-6.700000 -0.398362
-6.650000 -0.346974
-6.600000 -0.302438
-6.550000 -0.261327
-6.500000 -0.240771
-6.450000 -0.257901
-6.400000 -0.309289
-6.350000 -0.374381
-6.300000 -0.418918
-6.250000 -0.466881
-6.200000 -0.538824
-6.150000 -0.576509
-6.100000 -0.525120
-6.050000 -0.439473
-6.000000 -0.360677
-5.950000 -0.240772
-5.900000 -0.069477
-5.850000 0.070984
-5.800000 0.163484
-5.750000 0.252557
-5.700000 0.338204
-5.650000 0.386166
-5.600000 0.379314
-5.550000 0.338204
-5.500000 0.273112
-5.450000 0.197743
-5.400000 0.118947
-5.350000 0.050429
-5.300000 0.026447
-5.250000 0.050430
-5.200000 0.091540
-5.150000 0.160057
-5.100000 0.238853
-5.050000 0.300519
-5.000000 0.351907
-4.950000 0.382740
-4.900000 0.365611
-4.850000 0.297093
-4.800000 0.214872
-4.750000 0.146354
-4.700000 0.105243
-4.650000 0.074410
-4.600000 0.043577
-4.550000 0.023022
-4.500000 0.040152
-4.450000 0.077836
-4.400000 0.129224
-4.350000 0.166909
-4.300000 0.211446
-4.250000 0.238853
-4.200000 0.238853
-4.150000 0.225150
-4.100000 0.208020
-4.050000 0.166910
-4.000000 0.091540
-3.950000 0.023022
-3.900000 -0.004385
-3.850000 -0.031792
-3.800000 -0.052348
-3.750000 -0.045496
-3.700000 -0.045496
-3.650000 -0.079754
-3.600000 -0.134568
-3.550000 -0.182531
-3.500000 -0.240771
-3.450000 -0.333271
-3.400000 -0.429195
-3.350000 -0.487435
-3.300000 -0.494287
-3.250000 -0.545676
-3.200000 -0.655304
-3.150000 -0.641601
-3.100000 -0.456602
-3.050000 -0.336697
-3.000000 -0.353825
-2.950000 -0.247623
-2.900000 -0.035218
-2.850000 0.002467
-2.800000 -0.048922
-2.750000 -0.035218
-2.700000 -0.086606
-2.650000 -0.161976
-2.600000 -0.055773
-2.550000 0.026447
-2.500000 -0.134569
-2.450000 -0.209938
-2.400000 -0.052347
-2.350000 -0.052348
-2.300000 -0.182531
-2.250000 -0.076329
-2.200000 0.091540
-2.150000 0.019596
-2.100000 0.029874
-2.050000 0.297093
-2.000000 0.406722
-1.950000 0.266260
-1.900000 0.218298
-1.850000 0.334778
-1.800000 0.447832
-1.750000 0.540332
-1.700000 0.530053
-1.650000 0.372462
-1.600000 0.290241
-1.550000 0.331352
-1.500000 0.238853
-1.450000 0.098392
-1.400000 0.225149
-1.350000 0.440981
-1.300000 0.509498
-1.250000 0.598572
-1.200000 0.728756
-1.150000 0.735607
-1.100000 0.831532
-1.050000 1.105603
-1.000000 1.112455
-0.950000 0.797273
-0.900000 0.680793
-0.850000 0.742459
-0.800000 0.557461
-0.750000 0.297093
-0.700000 0.245705
-0.650000 0.122373
-0.600000 -0.192809
-0.550000 -0.353826
-0.500000 -0.374381
-0.450000 -0.525120
-0.400000 -0.710119
-0.350000 -0.703266
-0.300000 -0.631323
-0.250000 -0.624471
-0.200000 -0.627898
-0.150000 -0.621045
-0.100000 -0.617619
-0.050000 -0.600490
0.000000 -0.573083
0.050000 -0.538823
0.100000 -0.470306
0.150000 -0.439473
0.200000 -0.484009
0.250000 -0.425769
0.300000 -0.257901
0.350000 -0.240771
0.400000 -0.346974
0.450000 -0.257901
0.500000 0.002467
0.550000 0.142929
0.600000 0.146354
0.650000 0.177187
0.700000 0.184039
0.750000 0.101818
0.800000 0.070984
0.850000 0.190891
0.900000 0.485517
0.950000 1.078196
1.000000 2.126519
1.050000 3.712705
1.100000 5.970367
1.150000 9.063944
1.200000 13.068812
1.250000 17.950705
1.300000 23.658234
1.350000 30.105758
1.400000 37.128837
1.450000 44.477373
1.500000 51.935539
1.550000 59.400547
1.600000 66.786769
1.650000 73.868079
1.700000 80.497179
1.750000 86.722019
1.800000 92.511779
1.850000 97.688299
1.900000 102.207039
1.950000 106.198209
2.000000 109.634379
2.050000 112.368239
2.100000 114.348399
2.150000 115.605699
2.200000 116.102459
2.250000 115.811259
2.300000 114.680709
2.350000 112.700549
2.400000 109.932429
2.450000 106.482559
2.500000 102.381769
2.550000 97.715699
2.600000 92.652239
2.650000 87.304429
2.700000 81.744199
2.750000 76.115469
2.800000 70.568949
2.850000 65.128639
2.900000 59.859619
2.950000 54.964019
3.000000 50.544619
3.050000 46.580869
3.100000 43.175529
3.150000 40.441669
3.200000 38.331329
3.250000 36.789669
3.300000 35.878389
3.350000 35.604319
3.400000 35.809869
3.450000 36.371719
3.500000 37.289859
3.550000 38.533459
3.600000 39.951779
3.650000 41.376939
3.700000 42.781559
3.750000 44.148489
3.800000 45.402359
3.850000 46.436979
3.900000 47.218079
3.950000 47.711419
4.000000 47.855299
4.050000 47.666879
4.100000 47.180399
4.150000 46.354769
4.200000 45.162549
4.250000 43.655159
4.300000 41.880549
4.350000 39.838719
4.400000 37.560499
4.450000 35.138399
4.500000 32.644349
4.550000 30.078359
4.600000 27.484959
4.650000 24.987479
4.700000 22.685289
4.750000 20.578369
4.800000 18.707824
4.850000 17.152471
4.900000 15.949983
4.950000 15.083240
5.000000 14.524818
5.050000 14.243889
5.100000 14.209630
5.150000 14.404911
5.200000 14.774902
5.250000 15.261380
5.300000 15.843786
5.350000 16.498125
5.400000 17.152473
5.450000 17.789687
5.500000 18.413201
5.550000 18.985329
5.600000 19.509482
5.650000 20.023364
5.700000 20.482441
5.750000 20.797620
5.800000 20.958636
5.850000 20.989474
5.900000 20.896968
5.950000 20.650311
6.000000 20.239195
6.050000 19.653370
6.100000 18.899672
6.150000 18.008946
6.200000 17.005160
6.250000 15.905449
6.300000 14.750924
6.350000 13.589547
6.400000 12.459003
6.450000 11.369570
6.500000 10.376061
6.550000 9.502460
6.600000 8.731635
6.650000 8.070438
6.700000 7.525721
6.750000 7.107763
6.800000 6.789155
6.850000 6.587028
6.900000 6.484250
6.950000 6.432863
7.000000 6.439714
7.050000 6.542490
7.100000 6.727489
7.150000 6.936468
7.200000 7.159151
7.250000 7.429797
7.300000 7.755256
7.350000 8.108122
7.400000 8.460989
7.450000 8.817282
7.500000 9.183852
7.550000 9.540145
7.600000 9.848475
7.650000 10.091713
7.700000 10.259582
7.750000 10.328100
7.800000 10.266433
7.850000 10.095139
7.900000 9.821068
7.950000 9.437368
8.000000 8.950891
8.050000 8.382193
8.100000 7.727849
8.150000 7.015263
8.200000 6.292401
8.250000 5.583242
8.300000 4.894638
8.350000 4.260848
8.400000 3.705853
8.450000 3.222803
8.500000 2.835678
8.550000 2.547903
8.600000 2.301239
8.650000 2.092260
8.700000 1.972353
8.750000 1.914114
8.800000 1.879854
8.850000 1.890132
8.900000 1.951798
8.950000 1.989483
9.000000 1.996334
9.050000 2.020316
9.100000 2.058000
9.150000 2.081982
9.200000 2.112815
9.250000 2.153926
9.300000 2.208740
9.350000 2.284109
9.400000 2.390312
9.450000 2.523922
9.500000 2.698642
9.550000 2.900770
9.600000 3.085768
9.650000 3.239933
9.700000 3.376969
9.750000 3.496875
9.800000 3.575671
9.850000 3.609929
9.900000 3.544837
9.950000 3.366691
10.000000 3.140582
10.050000 2.900770
10.100000 2.606144
10.150000 2.263554
10.200000 1.910687
10.250000 1.537266
10.300000 1.139862
10.350000 0.766440
10.400000 0.410147
10.450000 0.033299
10.500000 -0.302438
10.550000 -0.555953
10.600000 -0.778636
10.650000 -0.967060
10.700000 -1.032152
10.750000 -1.001319
10.800000 -0.949930
10.850000 -0.857432
10.900000 -0.675860
10.950000 -0.432621
11.000000 -0.172253
11.050000 0.094966
11.100000 0.351908
11.150000 0.578016
11.200000 0.810977
11.250000 1.040511
11.300000 1.201528
11.350000 1.311157
11.400000 1.420785
11.450000 1.499581
11.500000 1.526988
11.550000 1.523561
11.600000 1.496155
11.650000 1.431063
11.700000 1.338564
11.750000 1.211806
11.800000 1.040511
11.850000 0.848662
11.900000 0.646534
11.950000 0.406722
12.000000 0.142928
12.050000 -0.117440
12.100000 -0.374381
12.150000 -0.662156
12.200000 -0.960208
12.250000 -1.244558
12.300000 -1.515203
12.350000 -1.796125
12.400000 -2.046216
12.450000 -2.241491
12.500000 -2.371675
12.550000 -2.429916
12.600000 -2.419638
12.650000 -2.340843
12.700000 -2.203807
12.750000 -2.022234
12.800000 -1.806403
12.850000 -1.570016
12.900000 -1.340482
12.950000 -1.165762
13.000000 -1.008170
13.050000 -0.823173
13.100000 -0.638175
13.150000 -0.487435
13.200000 -0.360677
13.250000 -0.244198
13.300000 -0.148272
13.350000 -0.035218
13.400000 0.084688
13.450000 0.180613
13.500000 0.259409
13.550000 0.331352
13.600000 0.345056
13.650000 0.266260
13.700000 0.156631
13.750000 0.050429
13.800000 -0.134569
13.850000 -0.377807
13.900000 -0.603916
13.950000 -0.812895
14.000000 -1.028726
14.050000 -1.227428
14.100000 -1.409000
14.150000 -1.583721
14.200000 -1.710479
14.250000 -1.765293
14.300000 -1.796126
14.350000 -1.826959
14.400000 -1.816681
14.450000 -1.789273
14.500000 -1.775570
14.550000 -1.734460
14.600000 -1.645387
14.650000 -1.563165
14.700000 -1.494648
14.750000 -1.405574
14.800000 -1.292520
14.850000 -1.158911
14.900000 -0.994468
14.950000 -0.833450
15.000000 -0.737526
15.050000 -0.669008
15.100000 -0.586787
15.150000 -0.514843
15.200000 -0.490861
15.250000 -0.525121
15.300000 -0.583360
15.350000 -0.624471
15.400000 -0.648453
15.450000 -0.679286
15.500000 -0.706692
15.550000 -0.723822
15.600000 -0.740952
15.650000 -0.758081
15.700000 -0.761507
15.750000 -0.788914
15.800000 -0.871136
15.850000 -0.987615
15.900000 -1.100670
15.950000 -1.227428
16.000000 -1.391871
16.050000 -1.546035
16.100000 -1.635108
16.150000 -1.686498
16.200000 -1.720756
16.250000 -1.710478
16.300000 -1.638535
16.350000 -1.542610
16.400000 -1.422703
16.450000 -1.265113
16.500000 -1.083540
16.550000 -0.919098
16.600000 -0.768359
16.650000 -0.638175
16.700000 -0.535398
16.750000 -0.432621
16.800000 -0.346974
16.850000 -0.322993
16.900000 -0.319567
16.950000 -0.295585
17.000000 -0.268178
17.050000 -0.254475
17.100000 -0.233920
17.150000 -0.209939
17.200000 -0.216790
17.250000 -0.230494
17.300000 -0.240771
17.350000 -0.281882
17.400000 -0.346974
17.450000 -0.405215
17.500000 -0.480584
17.550000 -0.576509
17.600000 -0.655304
17.650000 -0.716970
17.700000 -0.778637
17.750000 -0.812895
17.800000 -0.833450
17.850000 -0.857432
17.900000 -0.874561
17.950000 -0.915672
18.000000 -1.008171
18.050000 -1.121225
18.100000 -1.241131
18.150000 -1.415851
18.200000 -1.635108
18.250000 -1.837236
18.300000 -2.011956
18.350000 -2.190103
18.400000 -2.306583
18.450000 -2.316861
18.500000 -2.262046
18.550000 -2.145566
18.600000 -1.946865
18.650000 -1.686497
18.700000 -1.422704
18.750000 -1.179466
18.800000 -0.977338
18.850000 -0.850580
18.900000 -0.775210
18.950000 -0.758081
19.000000 -0.816321
19.050000 -0.929375
19.100000 -1.066411
19.150000 -1.244558
19.200000 -1.429555
19.250000 -1.576868
19.300000 -1.679645
19.350000 -1.772145
19.400000 -1.816681
19.450000 -1.806403
19.500000 -1.775570
19.550000 -1.737885
19.600000 -1.686498
19.650000 -1.662516
19.700000 -1.693349
19.750000 -1.737885
19.800000 -1.782422
19.850000 -1.847514
19.900000 -1.919458
19.950000 -1.970846
20.000000 -1.967420
20.050000 -1.902328
20.100000 -1.813255
20.150000 -1.707053
20.200000 -1.556313
20.250000 -1.374741
20.300000 -1.213725
20.350000 -1.059560
20.400000 -0.905394
20.450000 -0.802617
20.500000 -0.758081
20.550000 -0.737525
20.600000 -0.747803
20.650000 -0.799192
20.700000 -0.871135
20.750000 -0.939653
20.800000 -1.011597
20.850000 -1.097244
20.900000 -1.176039
20.950000 -1.217150
21.000000 -1.254835
21.050000 -1.313076
21.100000 -1.371315
21.150000 -1.402149
21.200000 -1.429556
21.250000 -1.484370
21.300000 -1.515203
21.350000 -1.535758
21.400000 -1.583720
21.450000 -1.641961
21.500000 -1.669368
21.550000 -1.707053
21.600000 -1.782422
21.650000 -1.844088
21.700000 -1.864644
21.750000 -1.905754
21.800000 -1.953716
21.850000 -1.967420
21.900000 -1.984550
21.950000 -1.987975
22.000000 -1.940013
22.050000 -1.850939
22.100000 -1.768719
22.150000 -1.641961
22.200000 -1.480943
22.250000 -1.340483
22.300000 -1.241132
22.350000 -1.162336
22.400000 -1.110947
22.450000 -1.090392
22.500000 -1.083541
22.550000 -1.110948
22.600000 -1.179465
22.650000 -1.241132
22.700000 -1.292520
22.750000 -1.364463
22.800000 -1.460388
22.850000 -1.546036
22.900000 -1.604276
22.950000 -1.652238
23.000000 -1.700201
23.050000 -1.727608
23.100000 -1.748163
23.150000 -1.778997
23.200000 -1.820107
23.250000 -1.857792
23.300000 -1.885199
23.350000 -1.909180
23.400000 -1.922884
23.450000 -1.940013
23.500000 -1.953717
23.550000 -1.936587
23.600000 -1.892051
23.650000 -1.826959
23.700000 -1.758441
23.750000 -1.659090
23.800000 -1.532332
23.850000 -1.402148
23.900000 -1.289094
23.950000 -1.200021
24.000000 -1.134928
24.050000 -1.080114
24.100000 -1.028726
24.150000 -0.991041
24.200000 -0.977338
24.250000 -0.994467
24.300000 -1.018449
24.350000 -1.042430
24.400000 -1.080114
24.450000 -1.124651
24.500000 -1.169187
24.550000 -1.210298
24.600000 -1.271964
24.650000 -1.350759
24.700000 -1.419278
24.750000 -1.494647
24.800000 -1.580295
24.850000 -1.652239
24.900000 -1.713904
24.950000 -1.820107
25.000000 -1.940013
25.050000 -2.011957
25.100000 -2.053067
25.150000 -2.114733
25.200000 -2.166122
25.250000 -2.207233
25.300000 -2.258620
25.350000 -2.299732
25.400000 -2.292880
25.450000 -2.244918
25.500000 -2.172974
25.550000 -2.053067
25.600000 -1.885198
25.650000 -1.676220
25.700000 -1.415852
25.750000 -1.148632
25.800000 -0.925950
25.850000 -0.716970
25.900000 -0.494287
25.950000 -0.350400
26.000000 -0.319567
26.050000 -0.364103
26.100000 -0.473732
26.150000 -0.672434
26.200000 -0.919097
26.250000 -1.179465
26.300000 -1.456963
26.350000 -1.744737
26.400000 -1.987975
26.450000 -2.162696
26.500000 -2.262047
26.550000 -2.306583
26.600000 -2.310009
26.650000 -2.275750
26.700000 -2.200381
26.750000 -2.090752
26.800000 -1.998253
26.850000 -1.957142
26.900000 -1.943439
26.950000 -1.940013
27.000000 -1.970846
27.050000 -2.039364
27.100000 -2.111308
27.150000 -2.169548
27.200000 -2.231214
27.250000 -2.289453
27.300000 -2.320287
27.350000 -2.316861
27.400000 -2.303157
27.450000 -2.275750
27.500000 -2.244917
27.550000 -2.227788
27.600000 -2.234640
27.650000 -2.251769
27.700000 -2.268898
27.750000 -2.296306
27.800000 -2.316860
27.850000 -2.320287
27.900000 -2.296306
27.950000 -2.251769
28.000000 -2.169548
28.050000 -2.039364
28.100000 -1.885198
28.150000 -1.741312
28.200000 -1.590572
28.250000 -1.446684
28.300000 -1.385019
28.350000 -1.391871
28.400000 -1.388444
28.450000 -1.402149
28.500000 -1.463815
28.550000 -1.532332
28.600000 -1.563165
28.650000 -1.573443
28.700000 -1.559739
28.750000 -1.494648
28.800000 -1.426130
28.850000 -1.357612
28.900000 -1.289094
28.950000 -1.261686
29.000000 -1.309649
29.050000 -1.398723
29.100000 -1.491221
29.150000 -1.617979
29.200000 -1.772144
29.250000 -1.909180
29.300000 -2.011957
29.350000 -2.056493
29.400000 -2.032512
29.450000 -1.963995
29.500000 -1.861217
29.550000 -1.724182
29.600000 -1.556313
29.650000 -1.402148
29.700000 -1.295946
29.750000 -1.258261
29.800000 -1.289094
29.850000 -1.354185
29.900000 -1.422704
29.950000 -1.487795
30.000000 -1.573442
30.050000 -1.652239
30.100000 -1.696775
30.150000 -1.717330
30.200000 -1.744737
30.250000 -1.744737
30.300000 -1.724181
30.350000 -1.727608
30.400000 -1.724182
30.450000 -1.686497
30.500000 -1.669368
30.550000 -1.686497
30.600000 -1.676219
30.650000 -1.655664
30.700000 -1.652238
30.750000 -1.621405
30.800000 -1.556314
30.850000 -1.511776
30.900000 -1.456962
30.950000 -1.388445
31.000000 -1.357612
31.050000 -1.391871
31.100000 -1.426130
31.150000 -1.470666
31.200000 -1.576869
31.250000 -1.707053
31.300000 -1.809830
31.350000 -1.885199
31.400000 -1.929735
31.450000 -1.933161
31.500000 -1.929736
31.550000 -1.905754
31.600000 -1.850940
31.650000 -1.785848
31.700000 -1.713905
31.750000 -1.635109
31.800000 -1.570017
31.850000 -1.535758
31.900000 -1.522055
31.950000 -1.511776
32.000000 -1.518629
32.050000 -1.539183
32.100000 -1.573443
32.150000 -1.628257
32.200000 -1.700200
32.250000 -1.775570
32.300000 -1.850940
32.350000 -1.929735
32.400000 -2.022234
32.450000 -2.138714
32.500000 -2.238065
32.550000 -2.289453
32.600000 -2.313435
32.650000 -2.327138
32.700000 -2.303158
32.750000 -2.241492
32.800000 -2.166121
32.850000 -2.083900
32.900000 -1.991401
32.950000 -1.895476
33.000000 -1.820107
33.050000 -1.775570
33.100000 -1.744738
33.150000 -1.724182
33.200000 -1.707053
33.250000 -1.710478
33.300000 -1.741312
33.350000 -1.775570
33.400000 -1.802978
33.450000 -1.837237
33.500000 -1.885199
33.550000 -1.936587
33.600000 -2.008531
33.650000 -2.145566
33.700000 -2.347694
33.750000 -2.584080
33.800000 -2.830744
33.850000 -3.084261
33.900000 -3.324072
33.950000 -3.522774
34.000000 -3.659810
34.050000 -3.711198
34.100000 -3.687217
34.150000 -3.584440
34.200000 -3.392591
34.250000 -3.121945
34.300000 -2.830744
34.350000 -2.556673
34.400000 -2.313435
34.450000 -2.107882
34.500000 -1.984550
34.550000 -1.950291
34.600000 -1.994827
34.650000 -2.114734
34.700000 -2.251769
34.750000 -2.375101
34.800000 -2.505285
34.850000 -2.656025
34.900000 -2.745097
34.950000 -2.738245
35.000000 -2.690283
35.050000 -2.635468
35.100000 -2.542969
35.150000 -2.412786
35.200000 -2.289454
35.250000 -2.183252
35.300000 -2.087327
35.350000 -2.032512
35.400000 -2.011956
35.450000 -1.994828
35.500000 -1.994827
35.550000 -2.025660
35.600000 -2.066771
35.650000 -2.114734
35.700000 -2.207232
35.750000 -2.313435
35.800000 -2.419638
35.850000 -2.566951
35.900000 -2.731394
35.950000 -2.871855
36.000000 -3.012317
36.050000 -3.159630
36.100000 -3.238425
36.150000 -3.255554
36.200000 -3.279536
36.250000 -3.279536
36.300000 -3.221296
36.350000 -3.132223
36.400000 -3.036298
36.450000 -2.923244
36.500000 -2.803337
36.550000 -2.697135
36.600000 -2.594358
36.650000 -2.522414
36.700000 -2.460748
36.750000 -2.371675
36.800000 -2.255195
36.850000 -2.152418
36.900000 -2.063345
36.950000 -1.967420
37.000000 -1.881773
37.050000 -1.778996
37.100000 -1.665941
37.150000 -1.600850
37.200000 -1.587147
37.250000 -1.583721
37.300000 -1.600850
37.350000 -1.679645
37.400000 -1.806403
37.450000 -1.950291
37.500000 -2.121585
37.550000 -2.286027
37.600000 -2.443619
37.650000 -2.590932
37.700000 -2.717690
37.750000 -2.834170
37.800000 -2.943798
37.850000 -2.978058
37.900000 -2.954077
37.950000 -2.950650
38.000000 -2.967780
38.050000 -2.919818
38.100000 -2.841022
38.150000 -2.830745
38.200000 -2.841022
38.250000 -2.823893
38.300000 -2.810189
38.350000 -2.827319
38.400000 -2.834170
38.450000 -2.817041
38.500000 -2.786208
38.550000 -2.700560
38.600000 -2.580654
38.650000 -2.488155
38.700000 -2.402508
38.750000 -2.268899
38.800000 -2.152418
38.850000 -2.094178
38.900000 -2.053067
38.950000 -2.011956
39.000000 -1.994828
39.050000 -1.984550
39.100000 -1.963994
39.150000 -1.936588
39.200000 -1.933161
39.250000 -1.950290
39.300000 -1.963995
39.350000 -1.953717
39.400000 -1.946865
39.450000 -1.981123
39.500000 -1.998254
39.550000 -1.977697
39.600000 -1.998253
39.650000 -2.083900
39.700000 -2.169548
39.750000 -2.241491
39.800000 -2.333990
39.850000 -2.423063
39.900000 -2.477878
39.950000 -2.532692
40.000000 -2.597784
40.050000 -2.649172
40.100000 -2.697135
40.150000 -2.755375
40.200000 -2.827318
40.250000 -2.899262
40.300000 -2.957502
40.350000 -2.988335
40.400000 -2.995187
40.450000 -2.974632
40.500000 -2.936947
40.550000 -2.888985
40.600000 -2.827319
40.650000 -2.751949
40.700000 -2.673154
40.750000 -2.611487
40.800000 -2.549821
40.850000 -2.481304
40.900000 -2.426489
40.950000 -2.399082
41.000000 -2.419638
41.050000 -2.471026
41.100000 -2.529266
41.150000 -2.590933
41.200000 -2.666302
41.250000 -2.745097
41.300000 -2.796485
41.350000 -2.817041
41.400000 -2.847873
41.450000 -2.865003
41.500000 -2.830744
41.550000 -2.762227
41.600000 -2.727968
41.650000 -2.717691
41.700000 -2.683431
41.750000 -2.652599
41.800000 -2.666301
41.850000 -2.738245
41.900000 -2.823893
41.950000 -2.916392
42.000000 -3.022594
42.050000 -3.149352
42.100000 -3.231574
42.150000 -3.238425
42.200000 -3.200741
42.250000 -3.111667
42.300000 -2.933521
42.350000 -2.724542
42.400000 -2.529266
42.450000 -2.303158
42.500000 -2.042790
42.550000 -1.857791
42.600000 -1.772144
42.650000 -1.710478
42.700000 -1.717330
42.750000 -1.809829
42.800000 -1.950291
42.850000 -2.135289
42.900000 -2.395657
42.950000 -2.673153
43.000000 -2.899262
43.050000 -3.097964
43.100000 -3.234999
43.150000 -3.293239
43.200000 -3.310369
43.250000 -3.279536
43.300000 -3.163055
43.350000 -3.032872
43.400000 -2.930095
43.450000 -2.779356
43.500000 -2.618339
43.550000 -2.539544
43.600000 -2.529266
43.650000 -2.505285
43.700000 -2.529266
43.750000 -2.649172
43.800000 -2.799911
43.850000 -2.926669
43.900000 -3.056853
43.950000 -3.190463
44.000000 -3.276110
44.050000 -3.320647
44.100000 -3.337777
44.150000 -3.320647
44.200000 -3.272684
44.250000 -3.183611
44.300000 -3.022594
44.350000 -2.799911
44.400000 -2.590933
44.450000 -2.378527
44.500000 -2.114734
44.550000 -1.854366
44.600000 -1.676220
44.650000 -1.549461
44.700000 -1.463815
44.750000 -1.453537
44.800000 -1.504925
44.850000 -1.583721
44.900000 -1.713904
44.950000 -1.895477
45.000000 -2.073623
45.050000 -2.227788
45.100000 -2.375101
45.150000 -2.488155
45.200000 -2.560099
45.250000 -2.584081
45.300000 -2.580655
45.350000 -2.553247
45.400000 -2.491582
45.450000 -2.426489
45.500000 -2.388804
45.550000 -2.381953
45.600000 -2.371675
45.650000 -2.357972
45.700000 -2.375101
45.750000 -2.419637
45.800000 -2.447045
45.850000 -2.426489
45.900000 -2.378527
45.950000 -2.344268
46.000000 -2.320287
46.050000 -2.255195
46.100000 -2.131863
46.150000 -2.035938
46.200000 -1.974272
46.250000 -1.888624
46.300000 -1.809829
46.350000 -1.813255
46.400000 -1.864643
46.450000 -1.929736
46.500000 -2.049641
46.550000 -2.217510
46.600000 -2.378526
46.650000 -2.536118
46.700000 -2.676580
46.750000 -2.769078
46.800000 -2.810189
46.850000 -2.830744
46.900000 -2.806764
46.950000 -2.707413
47.000000 -2.573802
47.050000 -2.426490
47.100000 -2.262047
47.150000 -2.083900
47.200000 -1.933161
47.250000 -1.789274
47.300000 -1.631683
47.350000 -1.504925
47.400000 -1.432981
47.450000 -1.381593
47.500000 -1.337057
47.550000 -1.333630
47.600000 -1.357611
47.650000 -1.378167
47.700000 -1.412425
47.750000 -1.470666
47.800000 -1.528907
47.850000 -1.590573
47.900000 -1.655664
47.950000 -1.710478
48.000000 -1.755015
48.050000 -1.802977
48.100000 -1.837237
48.150000 -1.857791
48.200000 -1.895477
48.250000 -1.950290
48.300000 -2.015382
48.350000 -2.107881
48.400000 -2.224362
48.450000 -2.344268
48.500000 -2.464174
48.550000 -2.570377
48.600000 -2.649172
48.650000 -2.700561
48.700000 -2.717690
48.750000 -2.669727
48.800000 -2.584080
48.850000 -2.505285
48.900000 -2.436767
48.950000 -2.375101
49.000000 -2.323712
49.050000 -2.292880
49.100000 -2.282601
49.150000 -2.279176
49.200000 -2.292880
49.250000 -2.306583
49.300000 -2.357971
49.350000 -2.443619
49.400000 -2.539544
49.450000 -2.642321
49.500000 -2.755374
49.550000 -2.854726
49.600000 -2.930095
49.650000 -3.012316
49.700000 -3.087687
49.750000 -3.094538
49.800000 -3.050002
49.850000 -3.002039
49.900000 -2.957502
49.950000 -2.902688
50.000000 -2.810189
50.050000 -2.680005
50.100000 -2.549821
50.150000 -2.488156
50.200000 -2.491582
50.250000 -2.491581
50.300000 -2.481304
50.350000 -2.505285
50.400000 -2.546395
50.450000 -2.553247
50.500000 -2.525840
50.550000 -2.488155
50.600000 -2.433341
50.650000 -2.375101
50.700000 -2.323713
50.750000 -2.251769
50.800000 -2.179825
50.850000 -2.118159
50.900000 -2.063345
50.950000 -2.015383
51.000000 -1.991401
51.050000 -1.977697
51.100000 -1.936587
51.150000 -1.888625
51.200000 -1.878347
51.250000 -1.868069
51.300000 -1.844088
51.350000 -1.826959
51.400000 -1.830384
51.450000 -1.857792
51.500000 -1.922883
51.550000 -1.994828
51.600000 -2.053067
51.650000 -2.114734
51.700000 -2.200381
51.750000 -2.306583
51.800000 -2.436767
51.850000 -2.590932
51.900000 -2.751949
51.950000 -2.902689
52.000000 -3.022595
52.050000 -3.097964
52.100000 -3.128797
52.150000 -3.118519
52.200000 -3.060279
52.250000 -2.967780
52.300000 -2.830744
52.350000 -2.625191
52.400000 -2.409360
52.450000 -2.251769
52.500000 -2.131863
52.550000 -2.029086
52.600000 -1.994827
52.650000 -2.039364
52.700000 -2.128437
52.750000 -2.255195
52.800000 -2.436767
52.850000 -2.628617
52.900000 -2.769078
52.950000 -2.851300
53.000000 -2.871855
53.050000 -2.799911
53.100000 -2.662876
53.150000 -2.505284
53.200000 -2.330565
53.250000 -2.142140
53.300000 -1.977698
53.350000 -1.837236
53.400000 -1.744737
53.450000 -1.724182
53.500000 -1.765293
53.550000 -1.830384
53.600000 -1.916031
53.650000 -2.015383
53.700000 -2.090753
53.750000 -2.159270
53.800000 -2.251769
53.850000 -2.310009
53.900000 -2.303157
53.950000 -2.289454
54.000000 -2.299732
54.050000 -2.286028
54.100000 -2.255195
54.150000 -2.248343
54.200000 -2.258621
54.250000 -2.255194
54.300000 -2.258621
54.350000 -2.289454
54.400000 -2.313435
54.450000 -2.310009
54.500000 -2.303157
54.550000 -2.296306
54.600000 -2.282602
54.650000 -2.244917
54.700000 -2.176399
54.750000 -2.101030
54.800000 -2.029086
54.850000 -1.960568
54.900000 -1.902328
54.950000 -1.864643
55.000000 -1.847514
55.050000 -1.864644
55.100000 -1.926310
55.150000 -2.029086
55.200000 -2.159270
55.250000 -2.303158
55.300000 -2.457323
55.350000 -2.632043
55.400000 -2.813615
55.450000 -2.954077
55.500000 -3.019169
55.550000 -3.036297
55.600000 -3.002039
55.650000 -2.909540
55.700000 -2.755375
55.750000 -2.573803
55.800000 -2.381953
55.850000 -2.193529
55.900000 -2.032512
55.950000 -1.916032
56.000000 -1.868070
56.050000 -1.909180
56.100000 -2.011957
56.150000 -2.138714
56.200000 -2.286028
56.250000 -2.447045
56.300000 -2.590932
56.350000 -2.686857
56.400000 -2.731393
56.450000 -2.721116
56.500000 -2.649172
56.550000 -2.542970
56.600000 -2.419637
56.650000 -2.289454
56.700000 -2.183252
56.750000 -2.090752
56.800000 -2.005104
56.850000 -1.953717
56.900000 -1.943438
56.950000 -1.946865
57.000000 -1.967420
57.050000 -2.035938
57.100000 -2.114734
57.150000 -2.162696
57.200000 -2.238066
57.250000 -2.347694
57.300000 -2.447044
57.350000 -2.532692
57.400000 -2.621766
57.450000 -2.710839
57.500000 -2.782782
57.550000 -2.851300
57.600000 -2.906114
57.650000 -2.912966
57.700000 -2.878707
57.750000 -2.834170
57.800000 -2.755374
57.850000 -2.659450
57.900000 -2.549822
57.950000 -2.426490
58.000000 -2.303157
58.050000 -2.200380
58.100000 -2.121585
58.150000 -2.066771
58.200000 -2.063345
58.250000 -2.114734
58.300000 -2.162696
58.350000 -2.207232
58.400000 -2.279176
58.450000 -2.361397
58.500000 -2.405934
58.550000 -2.429915
58.600000 -2.443618
58.650000 -2.405934
58.700000 -2.337416
58.750000 -2.268899
58.800000 -2.186677
58.850000 -2.073623
58.900000 -1.994827
58.950000 -1.946865
59.000000 -1.905754
59.050000 -1.878347
59.100000 -1.902328
59.150000 -1.933161
59.200000 -1.960569
59.250000 -1.987975
59.300000 -1.998253
59.350000 -1.991402
59.400000 -1.991402
59.450000 -1.994827
59.500000 -1.981124
59.550000 -1.967420
59.600000 -1.967420
59.650000 -1.984549
59.700000 -2.005104
59.750000 -2.032512
59.800000 -2.059920
59.850000 -2.066771
59.900000 -2.059919
59.950000 -2.011956
60.000000 -1.936587
60.050000 -1.864644
60.100000 -1.809829
60.150000 -1.748163
60.200000 -1.713905
60.250000 -1.717330
60.300000 -1.758441
60.350000 -1.847514
60.400000 -1.984549
60.450000 -2.125011
60.500000 -2.258621
60.550000 -2.392230
60.600000 -2.522414
60.650000 -2.594358
60.700000 -2.587506
60.750000 -2.529266
60.800000 -2.426490
60.850000 -2.306584
60.900000 -2.203806
60.950000 -2.128437
61.000000 -2.070196
61.050000 -2.059919
61.100000 -2.111307
61.150000 -2.207233
61.200000 -2.327139
61.250000 -2.457322
61.300000 -2.587506
61.350000 -2.690283
61.400000 -2.758801
61.450000 -2.803338
61.500000 -2.796486
61.550000 -2.738246
61.600000 -2.642320
61.650000 -2.542969
61.700000 -2.440193
61.750000 -2.333990
61.800000 -2.258621
61.850000 -2.238066
61.900000 -2.262047
61.950000 -2.303158
62.000000 -2.351120
62.050000 -2.399083
62.100000 -2.440193
62.150000 -2.467600
62.200000 -2.471026
62.250000 -2.412786
62.300000 -2.316861
62.350000 -2.238066
62.400000 -2.162695
62.450000 -2.039364
62.500000 -1.895477
62.550000 -1.789274
62.600000 -1.717330
62.650000 -1.665942
62.700000 -1.648813
62.750000 -1.700201
62.800000 -1.816681
62.850000 -1.974272
62.900000 -2.111308
62.950000 -2.210658
63.000000 -2.299731
63.050000 -2.395657
63.100000 -2.477878
63.150000 -2.518988
63.200000 -2.536118
63.250000 -2.539543
63.300000 -2.539544
63.350000 -2.539543
63.400000 -2.525840
63.450000 -2.488155
63.500000 -2.447045
63.550000 -2.440193
63.600000 -2.457322
63.650000 -2.477878
63.700000 -2.505285
63.750000 -2.549822
63.800000 -2.566951
63.850000 -2.536118
63.900000 -2.484730
63.950000 -2.433341
64.000000 -2.368250
64.050000 -2.289454
64.100000 -2.203806
64.150000 -2.121585
64.200000 -2.070197
64.250000 -2.049641
64.300000 -2.025661
64.350000 -1.981124
64.400000 -1.950291
64.450000 -1.933161
64.500000 -1.909180
64.550000 -1.878347
64.600000 -1.868070
64.650000 -1.847514
64.700000 -1.820107
64.750000 -1.816681
64.800000 -1.854366
64.850000 -1.902329
64.900000 -1.963994
64.950000 -2.070197
65.000000 -2.200380
65.050000 -2.313436
65.100000 -2.447045
65.150000 -2.604636
65.200000 -2.721116
65.250000 -2.755375
65.300000 -2.731394
65.350000 -2.669727
65.400000 -2.566951
65.450000 -2.429916
65.500000 -2.255195
65.550000 -2.077049
65.600000 -1.940013
65.650000 -1.844088
65.700000 -1.758441
65.750000 -1.744738
65.800000 -1.823533
65.850000 -1.919458
65.900000 -2.001679
65.950000 -2.125011
66.000000 -2.244917
66.050000 -2.306583
66.100000 -2.347694
66.150000 -2.409360
66.200000 -2.416211
66.250000 -2.333990
66.300000 -2.265472
66.350000 -2.231213
66.400000 -2.179826
66.450000 -2.104456
66.500000 -2.049642
66.550000 -2.022234
66.600000 -2.001679
66.650000 -2.011957
66.700000 -2.066771
66.750000 -2.138715
66.800000 -2.200380
66.850000 -2.282602
66.900000 -2.375101
66.950000 -2.440193
67.000000 -2.457322
67.050000 -2.436768
67.100000 -2.388805
67.150000 -2.316861
67.200000 -2.227788
67.250000 -2.135289
67.300000 -2.053067
67.350000 -1.994828
67.400000 -1.977697
67.450000 -1.984549
67.500000 -2.015382
67.550000 -2.080475
67.600000 -2.183251
67.650000 -2.296305
67.700000 -2.381953
67.750000 -2.453897
67.800000 -2.498434
67.850000 -2.498433
67.900000 -2.453896
67.950000 -2.399082
68.000000 -2.340842
68.050000 -2.272324
68.100000 -2.207232
68.150000 -2.172974
68.200000 -2.190103
68.250000 -2.258621
68.300000 -2.347693
68.350000 -2.423064
68.400000 -2.512137
68.450000 -2.625191
68.500000 -2.703986
68.550000 -2.717690
68.600000 -2.697135
68.650000 -2.645746
68.700000 -2.546395
68.750000 -2.426490
68.800000 -2.306583
68.850000 -2.186677
68.900000 -2.097604
68.950000 -2.080475
69.000000 -2.121586
69.050000 -2.193528
69.100000 -2.275750
69.150000 -2.368249
69.200000 -2.464174
69.250000 -2.542970
69.300000 -2.556673
69.350000 -2.522414
69.400000 -2.477878
69.450000 -2.392230
69.500000 -2.265472
69.550000 -2.125011
69.600000 -2.001679
69.650000 -1.885199
69.700000 -1.806404
69.750000 -1.799551
69.800000 -1.861218
69.850000 -1.974272
69.900000 -2.111308
69.950000 -2.262046
70.000000 -2.436767
70.050000 -2.608062
70.100000 -2.727968
70.150000 -2.793060
70.200000 -2.847874
70.250000 -2.861578
70.300000 -2.806764
70.350000 -2.703987
70.400000 -2.611487
70.450000 -2.518988
70.500000 -2.426489
70.550000 -2.364824
70.600000 -2.327138
70.650000 -2.310009
70.700000 -2.344269
70.750000 -2.416212
70.800000 -2.467600
70.850000 -2.488155
70.900000 -2.498434
70.950000 -2.491581
71.000000 -2.440193
71.050000 -2.347693
71.100000 -2.210658
71.150000 -2.059919
71.200000 -1.946865
71.250000 -1.868069
71.300000 -1.789274
71.350000 -1.737885
71.400000 -1.751589
71.450000 -1.820107
71.500000 -1.916031
71.550000 -2.053067
71.600000 -2.220936
71.650000 -2.388804
71.700000 -2.536118
71.750000 -2.659450
71.800000 -2.748523
71.850000 -2.789634
71.900000 -2.765653
71.950000 -2.669728
72.000000 -2.549821
72.050000 -2.429915
72.100000 -2.292880
72.150000 -2.148992
72.200000 -2.039364
72.250000 -1.970846
72.300000 -1.922884
72.350000 -1.926309
72.400000 -1.981124
72.450000 -2.066771
72.500000 -2.179825
72.550000 -2.289454
72.600000 -2.354546
72.650000 -2.399082
72.700000 -2.436767
72.750000 -2.457323
72.800000 -2.460748
72.850000 -2.460749
72.900000 -2.433341
72.950000 -2.399082
73.000000 -2.388805
73.050000 -2.364823
73.100000 -2.320287
73.150000 -2.275750
73.200000 -2.241491
73.250000 -2.162696
73.300000 -2.049641
73.350000 -1.936587
73.400000 -1.833811
73.450000 -1.748164
73.500000 -1.686498
73.550000 -1.648813
73.600000 -1.611128
73.650000 -1.600850
73.700000 -1.617979
73.750000 -1.648813
73.800000 -1.683072
73.850000 -1.710478
73.900000 -1.724182
73.950000 -1.748164
74.000000 -1.761867
74.050000 -1.744737
74.100000 -1.717330
74.150000 -1.710478
74.200000 -1.731034
74.250000 -1.744737
74.300000 -1.751589
74.350000 -1.761867
74.400000 -1.820107
74.450000 -1.909180
74.500000 -1.984549
74.550000 -2.056493
74.600000 -2.166122
74.650000 -2.299731
74.700000 -2.433341
74.750000 -2.587506
74.800000 -2.748523
74.850000 -2.868429
74.900000 -2.950650
74.950000 -3.005465
75.000000 -3.019168
75.050000 -2.988335
75.100000 -2.947225
75.150000 -2.875281
75.200000 -2.765653
75.250000 -2.645747
75.300000 -2.536118
75.350000 -2.457323
75.400000 -2.419638
75.450000 -2.405934
75.500000 -2.405934
75.550000 -2.426490
75.600000 -2.464174
75.650000 -2.505285
75.700000 -2.505285
75.750000 -2.477878
75.800000 -2.405934
75.850000 -2.327138
75.900000 -2.262047
75.950000 -2.176400
76.000000 -2.063345
76.050000 -1.967420
76.100000 -1.940013
76.150000 -1.946865
76.200000 -1.987976
76.250000 -2.090752
76.300000 -2.234640
76.350000 -2.388805
76.400000 -2.580655
76.450000 -2.782782
76.500000 -2.947225
76.550000 -3.094538
76.600000 -3.262407
76.650000 -3.378887
76.700000 -3.406294
76.750000 -3.396017
76.800000 -3.361757
76.850000 -3.258981
76.900000 -3.108242
76.950000 -2.964355
77.000000 -2.806763
77.050000 -2.625191
77.100000 -2.447045
77.150000 -2.323713
77.200000 -2.238065
77.250000 -2.166122
77.300000 -2.104455
77.350000 -2.087326
77.400000 -2.148992
77.450000 -2.248343
77.500000 -2.337416
77.550000 -2.447044
77.600000 -2.590932
77.650000 -2.721116
77.700000 -2.810189
77.750000 -2.871855
77.800000 -2.916391
77.850000 -2.936947
77.900000 -2.912966
77.950000 -2.841022
78.000000 -2.748523
78.050000 -2.680005
78.100000 -2.628617
78.150000 -2.573802
78.200000 -2.542970
78.250000 -2.546396
78.300000 -2.580654
78.350000 -2.618339
78.400000 -2.673153
78.450000 -2.731394
78.500000 -2.772504
78.550000 -2.793060
78.600000 -2.817041
78.650000 -2.837596
78.700000 -2.803337
78.750000 -2.727967
78.800000 -2.656024
78.850000 -2.590932
78.900000 -2.508711
78.950000 -2.423064
79.000000 -2.364824
79.050000 -2.340842
79.100000 -2.333990
79.150000 -2.351120
79.200000 -2.402508
79.250000 -2.464175
79.300000 -2.512137
79.350000 -2.546396
79.400000 -2.549821
79.450000 -2.525840
79.500000 -2.491581
79.550000 -2.429915
79.600000 -2.330565
79.650000 -2.210658
79.700000 -2.056493
79.750000 -1.898902
79.800000 -1.782422
79.850000 -1.710478
79.900000 -1.645386
79.950000 -1.607701
80.000000 -1.614553
80.050000 -1.648812
80.100000 -1.707053
80.150000 -1.830385
80.200000 -1.998253
80.250000 -2.138714
80.300000 -2.262046
80.350000 -2.402508
80.400000 -2.536118
80.450000 -2.632043
80.500000 -2.690283
80.550000 -2.707413
80.600000 -2.686857
80.650000 -2.638894
80.700000 -2.546395
80.750000 -2.419638
80.800000 -2.306583
80.850000 -2.220936
80.900000 -2.131863
80.950000 -2.053067
81.000000 -2.011956
81.050000 -1.963994
81.100000 -1.916031
81.150000 -1.919457
81.200000 -1.953716
81.250000 -1.963994
81.300000 -2.001679
81.350000 -2.090752
81.400000 -2.172974
81.450000 -2.220936
81.500000 -2.272324
81.550000 -2.330565
81.600000 -2.364824
81.650000 -2.375101
81.700000 -2.375101
81.750000 -2.368249
81.800000 -2.351120
81.850000 -2.289454
81.900000 -2.193529
81.950000 -2.111307
82.000000 -2.090752
82.050000 -2.077048
82.100000 -2.032512
82.150000 -1.981124
82.200000 -1.960568
82.250000 -1.957143
82.300000 -1.957143
82.350000 -1.974272
82.400000 -1.981124
82.450000 -1.960569
82.500000 -1.922884
82.550000 -1.881773
82.600000 -1.844089
82.650000 -1.792700
82.700000 -1.734460
82.750000 -1.710478
82.800000 -1.737885
82.850000 -1.789274
82.900000 -1.854366
82.950000 -1.936587
83.000000 -2.029086
83.050000 -2.107882
83.100000 -2.159270
83.150000 -2.176399
83.200000 -2.142141
83.250000 -2.059919
83.300000 -1.957143
83.350000 -1.861218
83.400000 -1.778996
83.450000 -1.672794
83.500000 -1.570017
83.550000 -1.491222
83.600000 -1.409000
83.650000 -1.295946
83.700000 -1.217150
83.750000 -1.206872
83.800000 -1.220576
83.850000 -1.244557
83.900000 -1.289094
83.950000 -1.350760
84.000000 -1.422704
84.050000 -1.522054
84.100000 -1.645386
84.150000 -1.778997
84.200000 -1.902328
84.250000 -1.998253
84.300000 -2.049641
84.350000 -2.097604
84.400000 -2.138715
84.450000 -2.128437
84.500000 -2.077049
84.550000 -2.025660
84.600000 -1.953717
84.650000 -1.864643
84.700000 -1.796126
84.750000 -1.731034
84.800000 -1.631683
84.850000 -1.522054
84.900000 -1.453537
84.950000 -1.415852
85.000000 -1.357611
85.050000 -1.275390
85.100000 -1.189743
85.150000 -1.134929
85.200000 -1.117800
85.250000 -1.121226
85.300000 -1.134928
85.350000 -1.193169
85.400000 -1.302798
85.450000 -1.432981
85.500000 -1.566591
85.550000 -1.720756
85.600000 -1.874921
85.650000 -2.008530
85.700000 -2.114733
85.750000 -2.196955
85.800000 -2.210659
85.850000 -2.162695
85.900000 -2.101030
85.950000 -2.008530
86.000000 -1.871495
86.050000 -1.700200
86.100000 -1.535758
86.150000 -1.391871
86.200000 -1.285668
86.250000 -1.241131
86.300000 -1.213725
86.350000 -1.186317
86.400000 -1.186317
86.450000 -1.224002
86.500000 -1.268538
86.550000 -1.289094
86.600000 -1.295946
86.650000 -1.295946
86.700000 -1.268538
86.750000 -1.200021
86.800000 -1.121225
86.850000 -1.059559
86.900000 -1.004745
86.950000 -0.973912
87.000000 -0.980764
87.050000 -0.997893
87.100000 -1.008171
87.150000 -1.059559
87.200000 -1.141781
87.250000 -1.213724
87.300000 -1.278816
87.350000 -1.364464
87.400000 -1.460388
87.450000 -1.535758
87.500000 -1.580295
87.550000 -1.611128
87.600000 -1.659090
87.650000 -1.717330
87.700000 -1.737886
87.750000 -1.734460
87.800000 -1.751589
87.850000 -1.799551
87.900000 -1.826959
87.950000 -1.816681
88.000000 -1.809829
88.050000 -1.802978
88.100000 -1.778997
88.150000 -1.761866
88.200000 -1.768718
88.250000 -1.782422
88.300000 -1.782422
88.350000 -1.775570
88.400000 -1.792700
88.450000 -1.816681
88.500000 -1.809830
88.550000 -1.792700
88.600000 -1.813255
88.650000 -1.850940
88.700000 -1.874921
88.750000 -1.909180
88.800000 -1.967420
88.850000 -2.011957
88.900000 -2.046215
88.950000 -2.107882
89.000000 -2.193529
89.050000 -2.279176
89.100000 -2.385379
89.150000 -2.525841
89.200000 -2.686857
89.250000 -2.823893
89.300000 -2.912966
89.350000 -2.964354
89.400000 -2.991762
89.450000 -2.974632
89.500000 -2.895836
89.550000 -2.782782
89.600000 -2.645747
89.650000 -2.471026
89.700000 -2.244917
89.750000 -1.998254
89.800000 -1.751589
89.850000 -1.518629
89.900000 -1.302798
89.950000 -1.145206
90.000000 -1.035578
90.050000 -0.956783
90.100000 -0.912246
90.150000 -0.943079
90.200000 -1.059559
90.250000 -1.203447
90.300000 -1.350760
90.350000 -1.522055
90.400000 -1.734460
90.450000 -1.960569
90.500000 -2.169548
90.550000 -2.354545
90.600000 -2.508711
90.650000 -2.621765
90.700000 -2.686857
90.750000 -2.717690
90.800000 -2.710839
90.850000 -2.656024
90.900000 -2.570376
90.950000 -2.491581
91.000000 -2.433341
91.050000 -2.371676
91.100000 -2.310009
91.150000 -2.251769
91.200000 -2.183252
91.250000 -2.097604
91.300000 -1.981124
91.350000 -1.850940
91.400000 -1.724182
91.450000 -1.624831
91.500000 -1.501499
91.550000 -1.350760
91.600000 -1.244558
91.650000 -1.224001
91.700000 -1.227428
91.750000 -1.241131
91.800000 -1.299371
91.850000 -1.409000
91.900000 -1.511776
91.950000 -1.597424
92.000000 -1.676219
92.050000 -1.734460
92.100000 -1.765293
92.150000 -1.758441
92.200000 -1.734460
92.250000 -1.700201
92.300000 -1.679645
92.350000 -1.689923
92.400000 -1.741312
92.450000 -1.826959
92.500000 -1.950291
92.550000 -2.097604
92.600000 -2.238065
92.650000 -2.368250
92.700000 -2.467600
92.750000 -2.522415
92.800000 -2.532692
92.850000 -2.501859
92.900000 -2.392230
92.950000 -2.227788
93.000000 -2.094178
93.050000 -1.991401
93.100000 -1.895477
93.150000 -1.816681
93.200000 -1.799552
93.250000 -1.830384
93.300000 -1.881773
93.350000 -1.936587
93.400000 -1.994827
93.450000 -2.066771
93.500000 -2.114734
93.550000 -2.118159
93.600000 -2.097604
93.650000 -2.073622
93.700000 -2.005105
93.750000 -1.898902
93.800000 -1.820107
93.850000 -1.758440
93.900000 -1.679645
93.950000 -1.614554
94.000000 -1.604275
94.050000 -1.628257
94.100000 -1.655664
94.150000 -1.710478
94.200000 -1.802977
94.250000 -1.885198
94.300000 -1.943439
94.350000 -1.998253
94.400000 -2.046216
94.450000 -2.056493
94.500000 -2.035938
94.550000 -2.018809
94.600000 -1.963994
94.650000 -1.844088
94.700000 -1.689923
94.750000 -1.535758
94.800000 -1.381592
94.850000 -1.247983
94.900000 -1.158910
94.950000 -1.100670
95.000000 -1.093818
95.050000 -1.169188
95.100000 -1.295945
95.150000 -1.443259
95.200000 -1.614553
95.250000 -1.796126
95.300000 -1.950290
95.350000 -2.087327
95.400000 -2.210658
95.450000 -2.282602
95.500000 -2.289454
95.550000 -2.255195
95.600000 -2.200381
95.650000 -2.114733
95.700000 -2.008530
95.750000 -1.885199
95.800000 -1.772144
95.850000 -1.683072
95.900000 -1.600850
95.950000 -1.511776
96.000000 -1.439833
96.050000 -1.426129
96.100000 -1.439833
96.150000 -1.474091
96.200000 -1.535757
96.250000 -1.611127
96.300000 -1.686497
96.350000 -1.799552
96.400000 -1.933161
96.450000 -2.039364
96.500000 -2.114733
96.550000 -2.179826
96.600000 -2.238066
96.650000 -2.251769
96.700000 -2.217510
96.750000 -2.172974
96.800000 -2.131863
96.850000 -2.077049
96.900000 -2.005104
96.950000 -1.929735
97.000000 -1.854366
97.050000 -1.775570
97.100000 -1.696774
97.150000 -1.624831
97.200000 -1.559740
97.250000 -1.518629
97.300000 -1.511777
97.350000 -1.532332
97.400000 -1.570017
97.450000 -1.635108
97.500000 -1.755014
97.550000 -1.902328
97.600000 -2.029086
97.650000 -2.131862
97.700000 -2.238065
97.750000 -2.344268
97.800000 -2.436767
97.850000 -2.491581
97.900000 -2.512137
97.950000 -2.536118
98.000000 -2.580655
98.050000 -2.608062
98.100000 -2.621765
98.150000 -2.669728
98.200000 -2.727968
98.250000 -2.772505
98.300000 -2.803337
98.350000 -2.796486
98.400000 -2.738245
98.450000 -2.645746
98.500000 -2.522414
98.550000 -2.344268
98.600000 -2.135289
98.650000 -1.953717
98.700000 -1.792700
98.750000 -1.648812
98.800000 -1.556314
98.850000 -1.528906
98.900000 -1.542609
98.950000 -1.611127
99.000000 -1.744737
99.050000 -1.898903
99.100000 -2.022234
99.150000 -2.142140
99.200000 -2.265472
99.250000 -2.371675
99.300000 -2.447045
99.350000 -2.512136
99.400000 -2.573803
99.450000 -2.618339
99.500000 -2.656024
99.550000 -2.686857
99.600000 -2.738245
99.650000 -2.796486
99.700000 -2.823893
99.750000 -2.810189
99.800000 -2.755375
99.850000 -2.669728
99.900000 -2.553248
99.950000 -2.402508
100.000000 -2.207232
100.050000 -2.008531
100.100000 -1.840663
100.150000 -1.696774
100.200000 -1.583721
100.250000 -1.539184
100.300000 -1.566591
100.350000 -1.645386
100.400000 -1.775571
100.450000 -1.943439
100.500000 -2.145566
100.550000 -2.340842
100.600000 -2.532692
100.650000 -2.680005
100.700000 -2.769079
100.750000 -2.813615
100.800000 -2.817041
100.850000 -2.758801
100.900000 -2.625191
100.950000 -2.450470
101.000000 -2.265473
101.050000 -2.073623
101.100000 -1.898902
101.150000 -1.758440
101.200000 -1.638535
101.250000 -1.539184
101.300000 -1.501499
101.350000 -1.518628
101.400000 -1.546036
101.450000 -1.576869
101.500000 -1.628257
101.550000 -1.693349
101.600000 -1.761866
101.650000 -1.850940
101.700000 -1.943439
101.750000 -2.049642
101.800000 -2.172973
101.850000 -2.303157
101.900000 -2.433342
101.950000 -2.563525
102.000000 -2.693709
102.050000 -2.789634
102.100000 -2.851300
102.150000 -2.871855
102.200000 -2.810189
102.250000 -2.673154
102.300000 -2.508711
102.350000 -2.306584
102.400000 -2.063345
102.450000 -1.823533
102.500000 -1.617979
102.550000 -1.446685
102.600000 -1.323353
102.650000 -1.271965
102.700000 -1.282242
102.750000 -1.333630
102.800000 -1.439833
102.850000 -1.583720
102.900000 -1.717330
102.950000 -1.844088
103.000000 -1.970846
103.050000 -2.063346
103.100000 -2.104456
103.150000 -2.121585
103.200000 -2.107882
103.250000 -2.059919
103.300000 -1.994827
103.350000 -1.946865
103.400000 -1.902328
103.450000 -1.857792
103.500000 -1.840662
103.550000 -1.847514
103.600000 -1.864643
103.650000 -1.878347
103.700000 -1.898903
103.750000 -1.943438
103.800000 -2.011957
103.850000 -2.063345
103.900000 -2.073622
103.950000 -2.094178
104.000000 -2.145566
104.050000 -2.169547
104.100000 -2.148993
104.150000 -2.107882
104.200000 -2.059919
104.250000 -1.981124
104.300000 -1.881773
104.350000 -1.775570
104.400000 -1.638535
104.450000 -1.480944
104.500000 -1.326778
104.550000 -1.196595
104.600000 -1.080114
104.650000 -1.008171
104.700000 -1.011597
104.750000 -1.073262
104.800000 -1.155485
104.850000 -1.275390
104.900000 -1.460388
104.950000 -1.638534
105.000000 -1.772144
105.050000 -1.916032
105.100000 -2.046216
105.150000 -2.104456
105.200000 -2.118159
105.250000 -2.131863
105.300000 -2.114734
105.350000 -2.066771
105.400000 -2.083900
105.450000 -2.155844
105.500000 -2.227787
105.550000 -2.313435
105.600000 -2.450471
105.650000 -2.587506
105.700000 -2.683431
105.750000 -2.755375
105.800000 -2.772505
105.850000 -2.693708
105.900000 -2.529266
105.950000 -2.306583
106.000000 -2.056493
106.050000 -1.792700
106.100000 -1.532332
106.150000 -1.302797
106.200000 -1.155484
106.250000 -1.093818
106.300000 -1.073262
106.350000 -1.138355
106.400000 -1.330204
106.450000 -1.583720
106.500000 -1.823533
106.550000 -2.077049
106.600000 -2.313435
106.650000 -2.460748
106.700000 -2.515563
106.750000 -2.488156
106.800000 -2.375101
106.850000 -2.210658
106.900000 -2.039364
106.950000 -1.864643
107.000000 -1.683071
107.050000 -1.528906
107.100000 -1.415851
107.150000 -1.357612
107.200000 -1.357612
107.250000 -1.367889
107.300000 -1.357611
107.350000 -1.388444
107.400000 -1.470666
107.450000 -1.494647
107.500000 -1.453536
107.550000 -1.422704
107.600000 -1.412426
107.650000 -1.364464
107.700000 -1.319927
107.750000 -1.333630
107.800000 -1.364464
107.850000 -1.409000
107.900000 -1.477518
107.950000 -1.559739
108.000000 -1.641960
108.050000 -1.724182
108.100000 -1.778996
108.150000 -1.809830
108.200000 -1.871495
108.250000 -1.950290
108.300000 -1.981124
108.350000 -1.987976
108.400000 -2.035938
108.450000 -2.083901
108.500000 -2.101030
108.550000 -2.131863
108.600000 -2.172974
108.650000 -2.172974
108.700000 -2.152418
108.750000 -2.159270
108.800000 -2.152418
108.850000 -2.118159
108.900000 -2.101030
108.950000 -2.114733
109.000000 -2.135288
109.050000 -2.166122
109.100000 -2.207233
109.150000 -2.241492
109.200000 -2.275750
109.250000 -2.299731
109.300000 -2.279176
109.350000 -2.217511
109.400000 -2.135289
109.450000 -2.046215
109.500000 -1.943439
109.550000 -1.844088
109.600000 -1.758441
109.650000 -1.686497
109.700000 -1.628257
109.750000 -1.563165
109.800000 -1.518628
109.850000 -1.525480
109.900000 -1.563165
109.950000 -1.583720
110.000000 -1.635109
110.050000 -1.727608
110.100000 -1.806403
110.150000 -1.881773
110.200000 -2.001679
110.250000 -2.107881
110.300000 -2.152418
110.350000 -2.217510
110.400000 -2.303157
110.450000 -2.333990
110.500000 -2.344268
110.550000 -2.419638
110.600000 -2.508711
110.650000 -2.546396
110.700000 -2.560100
110.750000 -2.570376
110.800000 -2.566951
110.850000 -2.532692
110.900000 -2.481304
110.950000 -2.419637
111.000000 -2.351120
111.050000 -2.262047
111.100000 -2.145566
111.150000 -2.029086
111.200000 -1.933161
111.250000 -1.847514
111.300000 -1.799551
111.350000 -1.830385
111.400000 -1.922883
111.450000 -2.039364
111.500000 -2.183252
111.550000 -2.347694
111.600000 -2.495007
111.650000 -2.608062
111.700000 -2.656024
111.750000 -2.628617
111.800000 -2.563525
111.850000 -2.450470
111.900000 -2.255195
111.950000 -2.011957
112.000000 -1.799551
112.050000 -1.624831
112.100000 -1.480944
112.150000 -1.439833
112.200000 -1.491222
112.250000 -1.583720
112.300000 -1.720756
112.350000 -1.922883
112.400000 -2.128437
112.450000 -2.306584
112.500000 -2.471026
112.550000 -2.597784
112.600000 -2.645747
112.650000 -2.618340
112.700000 -2.536117
112.750000 -2.405934
112.800000 -2.244917
112.850000 -2.101030
112.900000 -1.998253
112.950000 -1.946865
113.000000 -1.943439
113.050000 -1.974272
113.100000 -2.039363
113.150000 -2.152419
113.200000 -2.286028
113.250000 -2.423063
113.300000 -2.539544
113.350000 -2.618339
113.400000 -2.666301
113.450000 -2.710839
113.500000 -2.731394
113.550000 -2.683431
113.600000 -2.597784
113.650000 -2.498433
113.700000 -2.375101
113.750000 -2.227788
113.800000 -2.080474
113.850000 -1.922884
113.900000 -1.748164
113.950000 -1.580295
114.000000 -1.436407
114.050000 -1.323353
114.100000 -1.261687
114.150000 -1.234280
114.200000 -1.220576
114.250000 -1.237706
114.300000 -1.306223
114.350000 -1.422703
114.400000 -1.573443
114.450000 -1.734460
114.500000 -1.878347
114.550000 -2.001679
114.600000 -2.107882
114.650000 -2.183251
114.700000 -2.214084
114.750000 -2.244918
114.800000 -2.265473
114.850000 -2.241491
114.900000 -2.179825
114.950000 -2.128437
115.000000 -2.063345
115.050000 -1.991401
115.100000 -1.940013
115.150000 -1.922883
115.200000 -1.902328
115.250000 -1.874921
115.300000 -1.844088
115.350000 -1.820107
115.400000 -1.809829
115.450000 -1.802978
115.500000 -1.796126
115.550000 -1.796126
115.600000 -1.816681
115.650000 -1.799552
115.700000 -1.734460
115.750000 -1.669368
115.800000 -1.621405
115.850000 -1.546036
115.900000 -1.467241
115.950000 -1.426129
116.000000 -1.395296
116.050000 -1.343908
116.100000 -1.326779
116.150000 -1.374742
116.200000 -1.443259
116.250000 -1.508350
116.300000 -1.583720
116.350000 -1.652238
116.400000 -1.703626
116.450000 -1.765292
116.500000 -1.826959
116.550000 -1.854366
116.600000 -1.847514
116.650000 -1.820107
116.700000 -1.775570
116.750000 -1.741311
116.800000 -1.737886
116.850000 -1.734459
116.900000 -1.713904
116.950000 -1.713904
117.000000 -1.775571
117.050000 -1.895477
117.100000 -2.011957
117.150000 -2.114733
117.200000 -2.224362
117.250000 -2.347694
117.300000 -2.471026
117.350000 -2.556673
117.400000 -2.604635
117.450000 -2.642321
117.500000 -2.707413
117.550000 -2.765653
117.600000 -2.782782
117.650000 -2.779356
117.700000 -2.762227
117.750000 -2.714264
117.800000 -2.662876
117.850000 -2.618340
117.900000 -2.553247
117.950000 -2.460748
118.000000 -2.381952
118.050000 -2.313435
118.100000 -2.238066
118.150000 -2.176399
118.200000 -2.135289
118.250000 -2.077049
118.300000 -2.008531
118.350000 -1.970846
118.400000 -1.943439
118.450000 -1.898902
118.500000 -1.864644
118.550000 -1.844088
118.600000 -1.830384
118.650000 -1.844088
118.700000 -1.888625
118.750000 -1.946865
118.800000 -2.025660
118.850000 -2.125011
118.900000 -2.203807
118.950000 -2.258621
119.000000 -2.310009
119.050000 -2.340842
119.100000 -2.327138
119.150000 -2.286027
119.200000 -2.231214
119.250000 -2.152418
119.300000 -2.049642
119.350000 -1.936587
119.400000 -1.854365
119.450000 -1.813255
119.500000 -1.778996
119.550000 -1.751589
119.600000 -1.768718
119.650000 -1.816681
119.700000 -1.854365
119.750000 -1.892051
119.800000 -1.950291
119.850000 -1.974272
119.900000 -1.963994
119.950000 -1.967420
120.000000 -1.963994
120.050000 -1.919458
120.100000 -1.868069
120.150000 -1.844088
120.200000 -1.820107
120.250000 -1.789273
120.300000 -1.765293
120.350000 -1.744737
120.400000 -1.720756
120.450000 -1.713904
120.500000 -1.727608
120.550000 -1.744737
120.600000 -1.792699
120.650000 -1.861217
120.700000 -1.950291
120.750000 -2.053067
120.800000 -2.142141
120.850000 -2.217510
120.900000 -2.327138
120.950000 -2.416211
121.000000 -2.399082
121.050000 -2.313435
121.100000 -2.251769
121.150000 -2.155844
121.200000 -1.994827
121.250000 -1.854366
121.300000 -1.751589
121.350000 -1.648813
121.400000 -1.559740
121.450000 -1.525480
121.500000 -1.518629
121.550000 -1.535758
121.600000 -1.611128
121.650000 -1.710478
121.700000 -1.778996
121.750000 -1.837236
121.800000 -1.902328
121.850000 -1.963994
121.900000 -2.011957
121.950000 -2.063346
122.000000 -2.094178
122.050000 -2.104456
122.100000 -2.138715
122.150000 -2.207232
122.200000 -2.289454
122.250000 -2.364823
122.300000 -2.416212
122.350000 -2.443619
122.400000 -2.464174
122.450000 -2.477878
122.500000 -2.460748
122.550000 -2.405934
122.600000 -2.354546
122.650000 -2.323712
122.700000 -2.272325
122.750000 -2.224362
122.800000 -2.183251
122.850000 -2.155844
122.900000 -2.131863
122.950000 -2.101030
123.000000 -2.053068
123.050000 -2.005105
123.100000 -1.950291
123.150000 -1.861218
123.200000 -1.727608
123.250000 -1.593998
123.300000 -1.467240
123.350000 -1.340483
123.400000 -1.227428
123.450000 -1.138355
123.500000 -1.062985
123.550000 -1.045855
123.600000 -1.073263
123.650000 -1.110948
123.700000 -1.176040
123.750000 -1.306224
123.800000 -1.432981
123.850000 -1.518628
123.900000 -1.607702
123.950000 -1.731034
124.000000 -1.816680
124.050000 -1.840663
124.100000 -1.830385
124.150000 -1.782422
124.200000 -1.693349
124.250000 -1.590572
124.300000 -1.491222
124.350000 -1.398723
124.400000 -1.337056
124.450000 -1.302797
124.500000 -1.285668
124.550000 -1.340482
124.600000 -1.443259
124.650000 -1.539184
124.700000 -1.638535
124.750000 -1.778997
124.800000 -1.905754
124.850000 -2.001679
124.900000 -2.097604
124.950000 -2.186677
125.000000 -2.227788
125.050000 -2.244917
125.100000 -2.262046
125.150000 -2.265473
125.200000 -2.292879
125.250000 -2.351119
125.300000 -2.392230
125.350000 -2.409360
125.400000 -2.471026
125.450000 -2.536118
125.500000 -2.522414
125.550000 -2.477877
125.600000 -2.457323
125.650000 -2.409360
125.700000 -2.337416
125.750000 -2.299731
125.800000 -2.279176
125.850000 -2.224362
125.900000 -2.179825
125.950000 -2.207233
126.000000 -2.272324
126.050000 -2.310009
126.100000 -2.330565
126.150000 -2.344269
126.200000 -2.344268
126.250000 -2.296306
126.300000 -2.203807
126.350000 -2.090752
126.400000 -1.963995
126.450000 -1.826959
126.500000 -1.700201
126.550000 -1.587147
126.600000 -1.494647
126.650000 -1.450111
126.700000 -1.487796
126.750000 -1.566591
126.800000 -1.659090
126.850000 -1.789274
126.900000 -1.970846
126.950000 -2.135289
127.000000 -2.238065
127.050000 -2.303157
127.100000 -2.344268
127.150000 -2.310009
127.200000 -2.238066
127.250000 -2.172974
127.300000 -2.087326
127.350000 -1.970846
127.400000 -1.898902
127.450000 -1.874921
127.500000 -1.847514
127.550000 -1.844088
127.600000 -1.881773
127.650000 -1.909180
127.700000 -1.933162
127.750000 -1.974272
127.800000 -1.994827
127.850000 -1.987976
127.900000 -1.998253
127.950000 -2.022234
128.000000 -2.015382
128.050000 -2.001679
128.100000 -2.015383
128.150000 -2.056493
128.200000 -2.121586
128.250000 -2.210658
128.300000 -2.268899
128.350000 -2.292880
128.400000 -2.296305
128.450000 -2.241491
128.500000 -2.135289
128.550000 -2.025660
128.600000 -1.940013
128.650000 -1.847514
128.700000 -1.737886
128.750000 -1.655664
128.800000 -1.617979
128.850000 -1.607702
128.900000 -1.590572
128.950000 -1.559739
129.000000 -1.546036
129.050000 -1.542610
129.100000 -1.528907
129.150000 -1.515202
129.200000 -1.528906
129.250000 -1.552887
129.300000 -1.590572
129.350000 -1.662516
129.400000 -1.765293
129.450000 -1.868069
129.500000 -1.960569
129.550000 -2.046216
129.600000 -2.107881
129.650000 -2.097604
129.700000 -2.008531
129.750000 -1.868069
129.800000 -1.707052
129.850000 -1.504925
129.900000 -1.285668
129.950000 -1.100670
130.000000 -0.984190
130.050000 -0.922524
130.100000 -0.898543
130.150000 -0.953356
130.200000 -1.114373
130.250000 -1.337056
130.300000 -1.546036
130.350000 -1.734459
130.400000 -1.922884
130.450000 -2.083901
130.500000 -2.166122
130.550000 -2.169548
130.600000 -2.118160
130.650000 -2.025660
130.700000 -1.895476
130.750000 -1.761867
130.800000 -1.652239
130.850000 -1.563165
130.900000 -1.494648
130.950000 -1.491221
131.000000 -1.566591
131.050000 -1.672793
131.100000 -1.789274
131.150000 -1.922884
131.200000 -2.070197
131.250000 -2.196955
131.300000 -2.258620
131.350000 -2.265473
131.400000 -2.248344
131.450000 -2.203807
131.500000 -2.090752
131.550000 -1.943439
131.600000 -1.820107
131.650000 -1.693349
131.700000 -1.532332
131.750000 -1.412426
131.800000 -1.398722
131.850000 -1.426129
131.900000 -1.426129
131.950000 -1.429555
132.000000 -1.491222
132.050000 -1.549461
132.100000 -1.573443
132.150000 -1.590572
132.200000 -1.628257
132.250000 -1.662516
132.300000 -1.700200
132.350000 -1.778996
132.400000 -1.881773
132.450000 -1.974272
132.500000 -2.066771
132.550000 -2.145566
132.600000 -2.203807
132.650000 -2.244917
132.700000 -2.272325
132.750000 -2.255195
132.800000 -2.183251
132.850000 -2.104456
132.900000 -2.029086
132.950000 -1.943439
133.000000 -1.861217
133.050000 -1.802977
133.100000 -1.768719
133.150000 -1.768719
133.200000 -1.809829
133.250000 -1.864644
133.300000 -1.902328
133.350000 -1.933162
133.400000 -1.953716
133.450000 -1.974272
133.500000 -1.991401
133.550000 -2.018808
133.600000 -2.070197
133.650000 -2.131863
133.700000 -2.172973
133.750000 -2.196955
133.800000 -2.231213
133.850000 -2.265473
133.900000 -2.255195
133.950000 -2.203807
134.000000 -2.121585
134.050000 -2.015383
134.100000 -1.888625
134.150000 -1.758440
134.200000 -1.617979
134.250000 -1.491222
134.300000 -1.422704
134.350000 -1.422704
134.400000 -1.453537
134.450000 -1.542610
134.500000 -1.703626
134.550000 -1.916032
134.600000 -2.121585
134.650000 -2.292880
134.700000 -2.423063
134.750000 -2.505285
134.800000 -2.525841
134.850000 -2.460748
134.900000 -2.330565
134.950000 -2.162696
135.000000 -1.967420
135.050000 -1.755015
135.100000 -1.580295
135.150000 -1.484369
135.200000 -1.456963
135.250000 -1.494647
135.300000 -1.621405
135.350000 -1.837236
135.400000 -2.087326
135.450000 -2.316861
135.500000 -2.518988
135.550000 -2.680005
135.600000 -2.799911
135.650000 -2.861577
135.700000 -2.858152
135.750000 -2.793060
135.800000 -2.683431
135.850000 -2.532692
135.900000 -2.344268
135.950000 -2.169548
136.000000 -2.032512
136.050000 -1.919458
136.100000 -1.833810
136.150000 -1.789274
136.200000 -1.761867
136.250000 -1.731034
136.300000 -1.724182
136.350000 -1.751589
136.400000 -1.799551
136.450000 -1.837236
136.500000 -1.868070
136.550000 -1.919457
136.600000 -2.011956
136.650000 -2.101030
136.700000 -2.190103
136.750000 -2.289454
136.800000 -2.381952
136.850000 -2.433341
136.900000 -2.467600
136.950000 -2.481304
137.000000 -2.429915
137.050000 -2.344268
137.100000 -2.296306
137.150000 -2.234640
137.200000 -2.114733
137.250000 -1.967420
137.300000 -1.823533
137.350000 -1.693349
137.400000 -1.614553
137.450000 -1.576869
137.500000 -1.549462
137.550000 -1.528906
137.600000 -1.546035
137.650000 -1.563165
137.700000 -1.566591
137.750000 -1.566591
137.800000 -1.556313
137.850000 -1.535758
137.900000 -1.518628
137.950000 -1.487796
138.000000 -1.439833
138.050000 -1.402148
138.100000 -1.367889
138.150000 -1.337057
138.200000 -1.323353
138.250000 -1.361037
138.300000 -1.426129
138.350000 -1.498073
138.400000 -1.611127
138.450000 -1.755015
138.500000 -1.885199
138.550000 -2.011957
138.600000 -2.135289
138.650000 -2.200381
138.700000 -2.196954
138.750000 -2.186677
138.800000 -2.142140
138.850000 -2.022235
138.900000 -1.871496
138.950000 -1.768718
139.000000 -1.662516
139.050000 -1.511777
139.100000 -1.381593
139.150000 -1.343908
139.200000 -1.347334
139.250000 -1.343908
139.300000 -1.361038
139.350000 -1.436407
139.400000 -1.542610
139.450000 -1.645386
139.500000 -1.734459
139.550000 -1.809829
139.600000 -1.892051
139.650000 -1.974272
139.700000 -2.008531
139.750000 -1.991401
139.800000 -1.963995
139.850000 -1.936587
139.900000 -1.881773
139.950000 -1.820107
140.000000 -1.785848
140.050000 -1.758441
140.100000 -1.737885
140.150000 -1.768718
140.200000 -1.837236
140.250000 -1.902329
140.300000 -1.963994
140.350000 -2.042790
140.400000 -2.125011
140.450000 -2.172974
140.500000 -2.196955
140.550000 -2.183251
140.600000 -2.111308
140.650000 -2.011957
140.700000 -1.919458
140.750000 -1.837237
140.800000 -1.755015
140.850000 -1.679645
140.900000 -1.641961
140.950000 -1.679646
141.000000 -1.755015
141.050000 -1.833811
141.100000 -1.929736
141.150000 -2.042790
141.200000 -2.118160
141.250000 -2.169548
141.300000 -2.227788
141.350000 -2.248344
141.400000 -2.200381
141.450000 -2.114733
141.500000 -2.046216
141.550000 -1.957142
141.600000 -1.840662
141.650000 -1.724182
141.700000 -1.635109
141.750000 -1.566591
141.800000 -1.508351
141.850000 -1.460388
141.900000 -1.446685
141.950000 -1.463814
142.000000 -1.508351
142.050000 -1.559740
142.100000 -1.580294
142.150000 -1.604276
142.200000 -1.662516
142.250000 -1.734459
142.300000 -1.799551
142.350000 -1.857792
142.400000 -1.895476
142.450000 -1.898902
142.500000 -1.905754
142.550000 -1.950291
142.600000 -1.981124
142.650000 -1.957142
142.700000 -1.933162
142.750000 -1.950290
142.800000 -1.984549
142.850000 -2.025660
142.900000 -2.056493
142.950000 -2.073622
143.000000 -2.097604
143.050000 -2.138714
143.100000 -2.176400
143.150000 -2.203807
143.200000 -2.224361
143.250000 -2.265472
143.300000 -2.306583
143.350000 -2.323712
143.400000 -2.330564
143.450000 -2.354546
143.500000 -2.385379
143.550000 -2.395656
143.600000 -2.375101
143.650000 -2.327139
143.700000 -2.265473
143.750000 -2.190103
143.800000 -2.107882
143.850000 -2.018808
143.900000 -1.905754
143.950000 -1.792700
144.000000 -1.703627
144.050000 -1.655664
144.100000 -1.624831
144.150000 -1.611128
144.200000 -1.641960
144.250000 -1.696775
144.300000 -1.717330
144.350000 -1.731034
144.400000 -1.796125
144.450000 -1.881773
144.500000 -1.922884
144.550000 -1.929736
144.600000 -1.957142
144.650000 -1.998253
144.700000 -2.025660
144.750000 -2.039364
144.800000 -2.046216
144.850000 -2.049641
144.900000 -2.025661
144.950000 -1.981124
145.000000 -1.940013
145.050000 -1.922884
145.100000 -1.916032
145.150000 -1.926310
145.200000 -1.960568
145.250000 -2.025660
145.300000 -2.114733
145.350000 -2.217510
145.400000 -2.320286
145.450000 -2.412786
145.500000 -2.450471
145.550000 -2.423064
145.600000 -2.375101
145.650000 -2.340842
145.700000 -2.275751
145.750000 -2.186677
145.800000 -2.135288
145.850000 -2.142140
145.900000 -2.162696
145.950000 -2.220936
146.000000 -2.333991
146.050000 -2.460748
146.100000 -2.587507
146.150000 -2.751949
146.200000 -2.892411
146.250000 -2.954076
146.300000 -2.960928
146.350000 -2.936947
146.400000 -2.851300
146.450000 -2.741671
146.500000 -2.621765
146.550000 -2.460748
146.600000 -2.282602
146.650000 -2.138714
146.700000 -2.005105
146.750000 -1.885199
146.800000 -1.816681
146.850000 -1.792699
146.900000 -1.768718
146.950000 -1.748163
147.000000 -1.772144
147.050000 -1.820107
147.100000 -1.861218
147.150000 -1.892051
147.200000 -1.929735
147.250000 -1.967420
147.300000 -2.008531
147.350000 -2.029086
147.400000 -2.022235
147.450000 -2.011957
147.500000 -1.998253
147.550000 -1.987976
147.600000 -1.994827
147.650000 -2.032512
147.700000 -2.073622
147.750000 -2.111307
147.800000 -2.196955
147.850000 -2.310009
147.900000 -2.419638
147.950000 -2.532692
148.000000 -2.628617
148.050000 -2.690283
148.100000 -2.707413
148.150000 -2.666301
148.200000 -2.553247
148.250000 -2.399082
148.300000 -2.238065
148.350000 -2.035938
148.400000 -1.775570
148.450000 -1.518629
148.500000 -1.295945
148.550000 -1.107522
148.600000 -0.991041
148.650000 -0.970486
148.700000 -1.004745
148.750000 -1.073263
148.800000 -1.213724
148.850000 -1.388445
148.900000 -1.566591
148.950000 -1.758441
149.000000 -1.926309
149.050000 -2.018808
149.100000 -2.066771
149.150000 -2.118160
149.200000 -2.128437
149.250000 -2.059919
149.300000 -1.970846
149.350000 -1.885199
149.400000 -1.789274
149.450000 -1.689923
149.500000 -1.611128
149.550000 -1.542609
149.600000 -1.484370
149.650000 -1.463815
149.700000 -1.460389
149.750000 -1.453537
149.800000 -1.477518
149.850000 -1.552888
149.900000 -1.614553
149.950000 -1.669368
150.000000 -1.755015
150.050000 -1.837236
150.100000 -1.898902
150.150000 -1.998253
150.200000 -2.083901
150.250000 -2.111307
150.300000 -2.111308
150.350000 -2.107882
150.400000 -2.063345
150.450000 -1.974272
150.500000 -1.878347
150.550000 -1.782422
150.600000 -1.672794
150.650000 -1.573442
150.700000 -1.515202
150.750000 -1.522054
150.800000 -1.580294
150.850000 -1.652239
150.900000 -1.761867
150.950000 -1.943439
151.000000 -2.142141
151.050000 -2.296305
151.100000 -2.447045
151.150000 -2.594358
151.200000 -2.656024
151.250000 -2.652598
151.300000 -2.625192
151.350000 -2.563525
151.400000 -2.488155
151.450000 -2.426490
151.500000 -2.337416
151.550000 -2.207232
151.600000 -2.118159
151.650000 -2.059919
151.700000 -1.957143
151.750000 -1.844088
151.800000 -1.772145
151.850000 -1.693349
151.900000 -1.583720
151.950000 -1.491222
152.000000 -1.415852
152.050000 -1.343908
152.100000 -1.316501
152.150000 -1.330205
152.200000 -1.381593
152.250000 -1.494647
152.300000 -1.655664
152.350000 -1.806404
152.400000 -1.974272
152.450000 -2.190103
152.500000 -2.381953
152.550000 -2.495007
152.600000 -2.566951
152.650000 -2.632043
152.700000 -2.649173
152.750000 -2.614914
152.800000 -2.556673
152.850000 -2.484729
152.900000 -2.409360
152.950000 -2.347694
153.000000 -2.289454
153.050000 -2.244918
153.100000 -2.231214
153.150000 -2.224361
153.200000 -2.207232
153.250000 -2.183252
153.300000 -2.155844
153.350000 -2.094178
153.400000 -2.025660
153.450000 -1.970846
153.500000 -1.888624
153.550000 -1.778996
153.600000 -1.696775
153.650000 -1.645386
153.700000 -1.607701
153.750000 -1.597423
153.800000 -1.624831
153.850000 -1.676219
153.900000 -1.727608
153.950000 -1.782422
154.000000 -1.844088
154.050000 -1.919457
154.100000 -2.001679
154.150000 -2.070196
154.200000 -2.145567
154.250000 -2.231213
154.300000 -2.289453
154.350000 -2.316861
154.400000 -2.327139
154.450000 -2.296305
154.500000 -2.217510
154.550000 -2.152418
154.600000 -2.070196
154.650000 -1.919457
154.700000 -1.744737
154.750000 -1.635109
154.800000 -1.559739
154.850000 -1.487795
154.900000 -1.470666
154.950000 -1.528907
155.000000 -1.624831
155.050000 -1.758441
155.100000 -1.940013
155.150000 -2.142141
155.200000 -2.310009
155.250000 -2.423064
155.300000 -2.484729
155.350000 -2.488155
155.400000 -2.433341
155.450000 -2.330564
155.500000 -2.196955
155.550000 -2.056493
155.600000 -1.929735
155.650000 -1.861218
155.700000 -1.823532
155.750000 -1.792700
155.800000 -1.816681
155.850000 -1.916032
155.900000 -2.022235
155.950000 -2.094178
156.000000 -2.169547
156.050000 -2.251769
156.100000 -2.292880
156.150000 -2.306584
156.200000 -2.310010
156.250000 -2.327139
156.300000 -2.361397
156.350000 -2.402508
156.400000 -2.436767
156.450000 -2.471026
156.500000 -2.512136
156.550000 -2.546395
156.600000 -2.546396
156.650000 -2.508711
156.700000 -2.419638
156.750000 -2.299732
156.800000 -2.155844
156.850000 -1.991401
156.900000 -1.809829
156.950000 -1.652238
157.000000 -1.539184
157.050000 -1.460388
157.100000 -1.398722
157.150000 -1.361037
157.200000 -1.371315
157.250000 -1.429555
157.300000 -1.501499
157.350000 -1.576868
157.400000 -1.676219
157.450000 -1.785848
157.500000 -1.871496
157.550000 -1.922883
157.600000 -1.984550
157.650000 -2.025661
157.700000 -2.011956
157.750000 -1.974272
157.800000 -1.936587
157.850000 -1.871495
157.900000 -1.768718
157.950000 -1.665942
158.000000 -1.552888
158.050000 -1.409000
158.100000 -1.261687
158.150000 -1.176039
158.200000 -1.134928
158.250000 -1.104096
158.300000 -1.104095
158.350000 -1.162336
158.400000 -1.244557
158.450000 -1.330205
158.500000 -1.405574
158.550000 -1.463814
158.600000 -1.525480
158.650000 -1.597424
158.700000 -1.659090
158.750000 -1.676219
158.800000 -1.672794
158.850000 -1.662515
158.900000 -1.645387
158.950000 -1.621405
159.000000 -1.607702
159.050000 -1.617979
159.100000 -1.669368
159.150000 -1.765292
159.200000 -1.885199
159.250000 -2.001679
159.300000 -2.121585
159.350000 -2.248343
159.400000 -2.371676
159.450000 -2.447045
159.500000 -2.484729
159.550000 -2.501859
159.600000 -2.532692
159.650000 -2.553247
159.700000 -2.546396
159.750000 -2.512137
159.800000 -2.484730
159.850000 -2.477878
159.900000 -2.491581
159.950000 -2.539544
160.000000 -2.594358
160.050000 -2.632043
160.100000 -2.659450
160.150000 -2.714264
160.200000 -2.758801
160.250000 -2.782782
160.300000 -2.793059
160.350000 -2.789633
160.400000 -2.772504
160.450000 -2.786208
160.500000 -2.820467
160.550000 -2.827318
160.600000 -2.796485
160.650000 -2.755375
160.700000 -2.680005
160.750000 -2.570377
160.800000 -2.433341
160.850000 -2.248343
160.900000 -2.025660
160.950000 -1.802978
161.000000 -1.607701
161.050000 -1.443259
161.100000 -1.326779
161.150000 -1.265112
161.200000 -1.275391
161.250000 -1.343908
161.300000 -1.443259
161.350000 -1.542610
161.400000 -1.665942
161.450000 -1.799552
161.500000 -1.892051
161.550000 -1.950291
161.600000 -2.001679
161.650000 -2.008531
161.700000 -1.970846
161.750000 -1.933161
161.800000 -1.912606
161.850000 -1.892050
161.900000 -1.902328
161.950000 -1.950291
162.000000 -2.015383
162.050000 -2.080474
162.100000 -2.155844
162.150000 -2.238066
162.200000 -2.323713
162.250000 -2.371675
162.300000 -2.381953
162.350000 -2.375101
162.400000 -2.364824
162.450000 -2.320287
162.500000 -2.244917
162.550000 -2.186677
162.600000 -2.138715
162.650000 -2.070197
162.700000 -2.008531
162.750000 -1.994827
162.800000 -2.005105
162.850000 -1.991401
162.900000 -1.987975
162.950000 -2.018808
163.000000 -2.053068
163.050000 -2.039363
163.100000 -1.998253
163.150000 -1.957142
163.200000 -1.888625
163.250000 -1.778996
163.300000 -1.655664
163.350000 -1.539183
163.400000 -1.432982
163.450000 -1.350760
163.500000 -1.299371
163.550000 -1.265113
163.600000 -1.268538
163.650000 -1.299371
163.700000 -1.350760
163.750000 -1.436408
163.800000 -1.563165
163.850000 -1.693348
163.900000 -1.792700
163.950000 -1.881773
164.000000 -1.981124
164.050000 -2.080475
164.100000 -2.138715
164.150000 -2.186677
164.200000 -2.224362
164.250000 -2.238066
164.300000 -2.200381
164.350000 -2.135289
164.400000 -2.056493
164.450000 -1.929735
164.500000 -1.765292
164.550000 -1.621405
164.600000 -1.508351
164.650000 -1.398722
164.700000 -1.292520
164.750000 -1.206873
164.800000 -1.165762
164.850000 -1.193169
164.900000 -1.271965
164.950000 -1.354186
165.000000 -1.450111
165.050000 -1.570017
165.100000 -1.676219
165.150000 -1.731034
165.200000 -1.761866
165.250000 -1.785848
165.300000 -1.789274
165.350000 -1.782422
165.400000 -1.758441
165.450000 -1.717331
165.500000 -1.676220
165.550000 -1.655665
165.600000 -1.648812
165.650000 -1.659090
165.700000 -1.693348
165.750000 -1.734459
165.800000 -1.789273
165.850000 -1.871495
165.900000 -1.943439
165.950000 -1.981124
166.000000 -2.015383
166.050000 -2.025661
166.100000 -2.005104
166.150000 -1.967420
166.200000 -1.936588
166.250000 -1.885199
166.300000 -1.823533
166.350000 -1.778997
166.400000 -1.731033
166.450000 -1.689923
166.500000 -1.679646
166.550000 -1.703627
166.600000 -1.741311
166.650000 -1.806403
166.700000 -1.898902
166.750000 -2.029086
166.800000 -2.159270
166.850000 -2.255195
166.900000 -2.313435
166.950000 -2.371676
167.000000 -2.405934
167.050000 -2.402508
167.100000 -2.381953
167.150000 -2.361398
167.200000 -2.327138
167.250000 -2.279176
167.300000 -2.244917
167.350000 -2.224361
167.400000 -2.214085
167.450000 -2.231214
167.500000 -2.282602
167.550000 -2.344268
167.600000 -2.419638
167.650000 -2.498434
167.700000 -2.553247
167.750000 -2.584080
167.800000 -2.601210
167.850000 -2.580655
167.900000 -2.525840
167.950000 -2.440193
168.000000 -2.310009
168.050000 -2.138715
168.100000 -1.963994
168.150000 -1.785848
168.200000 -1.611128
168.250000 -1.460389
168.300000 -1.350760
168.350000 -1.268538
168.400000 -1.220577
168.450000 -1.237706
168.500000 -1.299371
168.550000 -1.367889
168.600000 -1.446685
168.650000 -1.542610
168.700000 -1.645387
168.750000 -1.734459
168.800000 -1.809829
168.850000 -1.847514
168.900000 -1.857791
168.950000 -1.874921
169.000000 -1.885199
169.050000 -1.881773
169.100000 -1.895477
169.150000 -1.940013
169.200000 -1.994827
169.250000 -2.073623
169.300000 -2.190103
169.350000 -2.306584
169.400000 -2.409360
169.450000 -2.515562
169.500000 -2.584080
169.550000 -2.601210
169.600000 -2.594358
169.650000 -2.580655
169.700000 -2.501859
169.750000 -2.361397
169.800000 -2.238066
169.850000 -2.142141
169.900000 -2.039364
169.950000 -1.940013
170.000000 -1.881772
170.050000 -1.850940
170.100000 -1.840662
170.150000 -1.871496
170.200000 -1.950291
170.250000 -2.018808
170.300000 -2.063345
170.350000 -2.125011
170.400000 -2.196954
170.450000 -2.210658
170.500000 -2.166121
170.550000 -2.135289
170.600000 -2.094178
170.650000 -1.987975
170.700000 -1.854366
170.750000 -1.748163
170.800000 -1.645386
170.850000 -1.566591
170.900000 -1.532332
170.950000 -1.511777
171.000000 -1.508351
171.050000 -1.580294
171.100000 -1.696775
171.150000 -1.792699
171.200000 -1.888625
171.250000 -1.987976
171.300000 -2.042790
171.350000 -2.049642
171.400000 -2.046216
171.450000 -2.025660
171.500000 -1.950291
171.550000 -1.850940
171.600000 -1.768718
171.650000 -1.696775
171.700000 -1.614553
171.750000 -1.535758
171.800000 -1.498073
171.850000 -1.504925
171.900000 -1.535758
171.950000 -1.573443
172.000000 -1.607702
172.050000 -1.645386
172.100000 -1.703627
172.150000 -1.758441
172.200000 -1.799551
172.250000 -1.864643
172.300000 -1.943439
172.350000 -2.008531
172.400000 -2.080474
172.450000 -2.159270
172.500000 -2.196955
172.550000 -2.200381
172.600000 -2.196955
172.650000 -2.138714
172.700000 -2.022234
172.750000 -1.909180
172.800000 -1.816681
172.850000 -1.679645
172.900000 -1.552888
172.950000 -1.504925
173.000000 -1.504925
173.050000 -1.511777
173.100000 -1.556313
173.150000 -1.631683
173.200000 -1.727608
173.250000 -1.844088
173.300000 -1.946865
173.350000 -2.015382
173.400000 -2.073623
173.450000 -2.111308
173.500000 -2.090752
173.550000 -2.018808
173.600000 -1.943439
173.650000 -1.868069
173.700000 -1.778996
173.750000 -1.700200
173.800000 -1.635109
173.850000 -1.573442
173.900000 -1.508351
173.950000 -1.456963
174.000000 -1.415852
174.050000 -1.391870
174.100000 -1.388444
174.150000 -1.395296
174.200000 -1.422703
174.250000 -1.487795
174.300000 -1.566591
174.350000 -1.638534
174.400000 -1.741311
174.450000 -1.874922
174.500000 -1.991402
174.550000 -2.070197
174.600000 -2.145566
174.650000 -2.193529
174.700000 -2.210658
174.750000 -2.227788
174.800000 -2.214084
174.850000 -2.121585
174.900000 -2.018809
174.950000 -1.943439
175.000000 -1.826959
175.050000 -1.659090
175.100000 -1.525481
175.150000 -1.450111
175.200000 -1.388444
175.250000 -1.316501
175.300000 -1.265113
175.350000 -1.254835
175.400000 -1.289094
175.450000 -1.319926
175.500000 -1.326779
175.550000 -1.350760
175.600000 -1.381592
175.650000 -1.412426
175.700000 -1.443259
175.750000 -1.484369
175.800000 -1.542610
175.850000 -1.635109
175.900000 -1.761867
175.950000 -1.909180
176.000000 -2.080475
176.050000 -2.282602
176.100000 -2.464174
176.150000 -2.618339
176.200000 -2.731394
176.250000 -2.755375
176.300000 -2.680006
176.350000 -2.553247
176.400000 -2.378527
176.450000 -2.159270
176.500000 -1.933162
176.550000 -1.710479
176.600000 -1.487796
176.650000 -1.330205
176.700000 -1.254835
176.750000 -1.227428
176.800000 -1.241132
176.850000 -1.330205
176.900000 -1.453536
176.950000 -1.593998
177.000000 -1.792700
177.050000 -1.981124
177.100000 -2.111307
177.150000 -2.231214
177.200000 -2.375102
177.250000 -2.484729
177.300000 -2.566951
177.350000 -2.673154
177.400000 -2.751949
177.450000 -2.779356
177.500000 -2.799911
177.550000 -2.813615
177.600000 -2.765652
177.650000 -2.700561
177.700000 -2.659450
177.750000 -2.611488
177.800000 -2.529266
177.850000 -2.443619
177.900000 -2.361398
177.950000 -2.286028
178.000000 -2.231214
178.050000 -2.176400
178.100000 -2.131863
178.150000 -2.135288
178.200000 -2.152418
178.250000 -2.135288
178.300000 -2.114733
178.350000 -2.118159
178.400000 -2.097604
178.450000 -2.053067
178.500000 -2.018809
178.550000 -1.977698
178.600000 -1.936587
178.650000 -1.888625
178.700000 -1.809829
178.750000 -1.724182
178.800000 -1.679645
178.850000 -1.669367
178.900000 -1.641961
178.950000 -1.628257
179.000000 -1.635109
179.050000 -1.590572
179.100000 -1.532332
179.150000 -1.522054
179.200000 -1.487795
179.250000 -1.395296
179.300000 -1.306223
179.350000 -1.244557
179.400000 -1.176040
179.450000 -1.141781
179.500000 -1.128077
179.550000 -1.117800
179.600000 -1.152058
179.650000 -1.224002
179.700000 -1.278816
179.750000 -1.343908
179.800000 -1.453537
179.850000 -1.525480
179.900000 -1.508351
179.950000 -1.477518
180.000000 -1.450111
180.050000 -1.343908
180.100000 -1.196595
180.150000 -1.076688
180.200000 -0.984189
180.250000 -0.919098
180.300000 -0.898542
180.350000 -0.919097
180.400000 -0.994467
180.450000 -1.134929
180.500000 -1.306223
180.550000 -1.494647
180.600000 -1.713904
180.650000 -1.919458
180.700000 -2.056493
180.750000 -2.186677
180.800000 -2.316861
180.850000 -2.361398
180.900000 -2.316861
180.950000 -2.262047
181.000000 -2.193529
181.050000 -2.077049
181.100000 -1.967420
181.150000 -1.885198
181.200000 -1.782422
181.250000 -1.683071
181.300000 -1.645386
181.350000 -1.635109
181.400000 -1.614553
181.450000 -1.597424
181.500000 -1.621405
181.550000 -1.638534
181.600000 -1.624831
181.650000 -1.580294
181.700000 -1.539184
181.750000 -1.508351
181.800000 -1.460388
181.850000 -1.405574
181.900000 -1.388445
181.950000 -1.415852
182.000000 -1.446684
182.050000 -1.480944
182.100000 -1.539184
182.150000 -1.600850
182.200000 -1.659090
182.250000 -1.707052
182.300000 -1.734460
182.350000 -1.741311
182.400000 -1.765293
182.450000 -1.782422
182.500000 -1.782422
182.550000 -1.792700
182.600000 -1.799551
182.650000 -1.765293
182.700000 -1.751589
182.750000 -1.809830
182.800000 -1.868070
182.850000 -1.871495
182.900000 -1.874921
182.950000 -1.888625
183.000000 -1.854366
183.050000 -1.785848
183.100000 -1.713904
183.150000 -1.631683
183.200000 -1.542609
183.250000 -1.460389
183.300000 -1.378167
183.350000 -1.295945
183.400000 -1.230854
183.450000 -1.165762
183.500000 -1.097244
183.550000 -1.066411
183.600000 -1.069837
183.650000 -1.104096
183.700000 -1.189743
183.750000 -1.340482
183.800000 -1.501499
183.850000 -1.652239
183.900000 -1.823533
183.950000 -1.991402
184.000000 -2.118160
184.050000 -2.200380
184.100000 -2.255195
184.150000 -2.255195
184.200000 -2.183252
184.250000 -2.083900
184.300000 -1.970846
184.350000 -1.833811
184.400000 -1.686497
184.450000 -1.576869
184.500000 -1.518629
184.550000 -1.515202
184.600000 -1.556313
184.650000 -1.621405
184.700000 -1.713904
184.750000 -1.868070
184.800000 -2.059919
184.850000 -2.207232
184.900000 -2.292880
184.950000 -2.378527
185.000000 -2.464174
185.050000 -2.481304
185.100000 -2.443619
185.150000 -2.375101
185.200000 -2.279176
185.250000 -2.148992
185.300000 -2.005105
185.350000 -1.871495
185.400000 -1.765292
185.450000 -1.679646
185.500000 -1.604275
185.550000 -1.546036
185.600000 -1.522054
185.650000 -1.518628
185.700000 -1.522055
185.750000 -1.532332
185.800000 -1.570016
185.850000 -1.631683
185.900000 -1.700201
185.950000 -1.751590
186.000000 -1.796125
186.050000 -1.850940
186.100000 -1.912606
186.150000 -1.957142
186.200000 -2.011957
186.250000 -2.059919
186.300000 -2.077048
186.350000 -2.080475
186.400000 -2.083900
186.450000 -2.063346
186.500000 -2.042790
186.550000 -2.029086
186.600000 -1.991402
186.650000 -1.919458
186.700000 -1.868069
186.750000 -1.833810
186.800000 -1.785848
186.850000 -1.751589
186.900000 -1.744737
186.950000 -1.737886
187.000000 -1.768718
187.050000 -1.844088
187.100000 -1.943438
187.150000 -2.053067
187.200000 -2.214084
187.250000 -2.399082
187.300000 -2.546396
187.350000 -2.669728
187.400000 -2.803337
187.450000 -2.909540
187.500000 -2.943799
187.550000 -2.912966
187.600000 -2.858151
187.650000 -2.762227
187.700000 -2.618339
187.750000 -2.464175
187.800000 -2.323713
187.850000 -2.196955
187.900000 -2.077048
187.950000 -1.953717
188.000000 -1.854365
188.050000 -1.816681
188.100000 -1.802978
188.150000 -1.765292
188.200000 -1.703627
188.250000 -1.672793
188.300000 -1.665942
188.350000 -1.645386
188.400000 -1.621405
188.450000 -1.611128
188.500000 -1.611127
188.550000 -1.611128
188.600000 -1.611127
188.650000 -1.621405
188.700000 -1.645387
188.750000 -1.683071
188.800000 -1.710479
188.850000 -1.727608
188.900000 -1.748163
