time[ns] Raw_signal[mV]
-11.100000 0.779116
-11.050000 0.604396
-11.000000 0.419397
-10.950000 0.234399
-10.900000 0.008290
-10.850000 -0.241800
-10.800000 -0.433649
-10.750000 -0.563833
-10.700000 -0.687165
-10.650000 -0.789942
-10.600000 -0.844756
-10.550000 -0.858460
-10.500000 -0.848182
-10.450000 -0.776238
-10.400000 -0.628925
-10.350000 -0.454204
-10.300000 -0.272632
-10.250000 -0.063653
-10.200000 0.138474
-10.150000 0.309769
-10.100000 0.446805
-10.050000 0.563285
-10.000000 0.648932
-9.950000 0.683191
-9.900000 0.662636
-9.850000 0.611247
-9.800000 0.563285
-9.750000 0.477637
-9.700000 0.333750
-9.650000 0.176159
-9.600000 0.032272
-9.550000 -0.115041
-9.500000 -0.252077
-9.450000 -0.365131
-9.400000 -0.457630
-9.350000 -0.502167
-9.300000 -0.478186
-9.250000 -0.409668
-9.200000 -0.317169
-9.150000 -0.197262
-9.100000 -0.056801
-9.050000 0.080234
-9.000000 0.217270
-8.950000 0.347453
-8.900000 0.419398
-8.850000 0.446805
-8.800000 0.453656
-8.750000 0.419397
-8.700000 0.326899
-8.650000 0.210418
-8.600000 0.087086
-8.550000 -0.022543
-8.500000 -0.084209
-8.450000 -0.080782
-8.400000 -0.043098
-8.350000 0.008290
-8.300000 0.114493
-8.250000 0.251529
-8.200000 0.340602
-8.150000 0.364584
-8.100000 0.344028
-8.050000 0.313195
-8.000000 0.254954
-7.950000 0.141900
-7.900000 -0.032820
-7.850000 -0.210966
-7.800000 -0.354854
-7.750000 -0.481612
-7.700000 -0.580963
-7.650000 -0.632351
-7.600000 -0.632351
-7.550000 -0.618648
-7.500000 -0.563833
-7.450000 -0.488464
-7.400000 -0.440501
-7.350000 -0.426797
-7.300000 -0.395964
-7.250000 -0.378835
-7.200000 -0.419946
-7.150000 -0.454204
-7.100000 -0.423372
-7.050000 -0.371983
-7.000000 -0.289762
-6.950000 -0.132170
-6.900000 0.066530
-6.850000 0.272084
-6.800000 0.505045
-6.750000 0.741431
-6.700000 0.892170
-6.650000 0.960689
-6.600000 1.012077
-6.550000 0.991521
-6.500000 0.857911
-6.450000 0.683191
-6.400000 0.518748
-6.350000 0.320046
-6.300000 0.093938
-6.250000 -0.080782
-6.200000 -0.193837
-6.150000 -0.279485
-6.100000 -0.324021
-6.050000 -0.313743
-6.000000 -0.269207
-5.950000 -0.204115
-5.900000 -0.135597
-5.850000 -0.094487
-5.800000 -0.067079
-5.750000 -0.073931
-5.700000 -0.121893
-5.650000 -0.190411
-5.600000 -0.248651
-5.550000 -0.310317
-5.500000 -0.361706
-5.450000 -0.361705
-5.400000 -0.317169
-5.350000 -0.272632
-5.300000 -0.224670
-5.250000 -0.152726
-5.200000 -0.080783
-5.150000 -0.012264
-5.100000 0.039124
-5.050000 0.059679
-5.000000 0.042549
-4.950000 0.028846
-4.900000 0.011717
-4.850000 -0.032821
-4.800000 -0.097912
-4.750000 -0.163004
-4.700000 -0.210966
-4.650000 -0.241799
-4.600000 -0.276058
-4.550000 -0.324021
-4.500000 -0.389112
-4.450000 -0.478186
-4.400000 -0.594666
-4.350000 -0.738553
-4.300000 -0.906422
-4.250000 -1.081142
-4.200000 -1.221604
-4.150000 -1.307252
-4.100000 -1.338084
-4.050000 -1.324380
-4.000000 -1.242159
-3.950000 -1.115402
-3.900000 -0.981792
-3.850000 -0.827627
-3.800000 -0.625499
-3.750000 -0.413094
-3.700000 -0.248651
-3.650000 -0.125319
-3.600000 -0.005412
-3.550000 0.080235
-3.500000 0.107642
-3.450000 0.124770
-3.400000 0.141900
-3.350000 0.159030
-3.300000 0.206992
-3.250000 0.230974
-3.200000 0.155603
-3.150000 0.104215
-3.100000 0.179585
-3.050000 0.179586
-3.000000 0.032272
-2.950000 -0.022543
-2.900000 0.015143
-2.850000 -0.108189
-2.800000 -0.293188
-2.750000 -0.348002
-2.700000 -0.437075
-2.650000 -0.546704
-2.600000 -0.423372
-2.550000 -0.265781
-2.500000 -0.354854
-2.450000 -0.358280
-2.400000 -0.101338
-2.350000 -0.008839
-2.300000 -0.104764
-2.250000 0.011716
-2.200000 0.155604
-2.150000 0.008290
-2.100000 -0.101337
-2.050000 0.035697
-2.000000 0.021995
-1.950000 -0.276058
-1.900000 -0.485037
-1.850000 -0.502167
-1.800000 -0.481611
-1.750000 -0.447352
-1.700000 -0.464482
-1.650000 -0.601518
-1.600000 -0.663184
-1.550000 -0.591240
-1.500000 -0.615222
-1.450000 -0.697443
-1.400000 -0.560407
-1.350000 -0.375410
-1.300000 -0.382261
-1.250000 -0.413094
-1.200000 -0.382261
-1.150000 -0.433650
-1.100000 -0.409668
-1.050000 -0.176707
-1.000000 -0.118467
-0.950000 -0.334298
-0.900000 -0.348002
-0.850000 -0.139023
-0.800000 -0.118468
-0.750000 -0.176707
-0.700000 -0.039672
-0.650000 0.056253
-0.600000 -0.049950
-0.550000 -0.073931
-0.500000 -0.005413
-0.450000 -0.091060
-0.400000 -0.217818
-0.350000 -0.217818
-0.300000 -0.221244
-0.250000 -0.324021
-0.200000 -0.416520
-0.150000 -0.485037
-0.100000 -0.570684
-0.050000 -0.649481
0.000000 -0.700869
0.050000 -0.714572
0.100000 -0.687165
0.150000 -0.687165
0.200000 -0.731701
0.250000 -0.659758
0.300000 -0.481612
0.350000 -0.416519
0.400000 -0.464482
0.450000 -0.368558
0.500000 -0.142448
0.550000 -0.008839
0.600000 0.073382
0.650000 0.227547
0.700000 0.344027
0.750000 0.374861
0.800000 0.498193
0.850000 0.813374
0.900000 1.299851
0.950000 2.060399
1.000000 3.269738
1.050000 5.006664
1.100000 7.373957
1.150000 10.532630
1.200000 14.578599
1.250000 19.494754
1.300000 25.185161
1.350000 31.560740
1.400000 38.498170
1.450000 45.791890
1.500000 53.184953
1.550000 60.584884
1.600000 67.988231
1.650000 75.227131
1.700000 82.092611
1.750000 88.564121
1.800000 94.651931
1.850000 100.171041
1.900000 104.974141
1.950000 109.112611
2.000000 112.569331
2.050000 115.217551
2.100000 117.012721
2.150000 117.958261
2.200000 118.078161
2.250000 117.358731
2.300000 115.755411
2.350000 113.230531
2.400000 109.927971
2.450000 106.005331
2.500000 101.513991
2.550000 96.543021
2.600000 91.291131
2.650000 85.813131
2.700000 80.133011
2.750000 74.435751
2.800000 68.882381
2.850000 63.407811
2.900000 58.073701
2.950000 53.123291
3.000000 48.628521
3.050000 44.558561
3.100000 41.060731
3.150000 38.282341
3.200000 36.171991
3.250000 34.726261
3.300000 34.010251
3.350000 33.958863
3.400000 34.424780
3.450000 35.349770
3.500000 36.696151
3.550000 38.323441
3.600000 40.091211
3.650000 41.869241
3.700000 43.585611
3.750000 45.168371
3.800000 46.528451
3.850000 47.611031
3.900000 48.385281
3.950000 48.813521
4.000000 48.878611
4.050000 48.642231
4.100000 48.083811
4.150000 47.148541
4.200000 45.853561
4.250000 44.291351
4.300000 42.458501
4.350000 40.348151
4.400000 37.987701
4.450000 35.452551
4.500000 32.800911
4.550000 30.067051
4.600000 27.271531
4.650000 24.482851
4.700000 21.855191
4.750000 19.450215
4.800000 17.302179
4.850000 15.503588
4.900000 14.146936
4.950000 13.215097
5.000000 12.684084
5.050000 12.567607
5.100000 12.821115
5.150000 13.341857
5.200000 14.098980
5.250000 15.065073
5.300000 16.109972
5.350000 17.127460
5.400000 18.103844
5.450000 19.004848
5.500000 19.779100
5.550000 20.450573
5.600000 21.032982
5.650000 21.461211
5.700000 21.748990
5.750000 21.923706
5.800000 21.944262
5.850000 21.772968
5.900000 21.461213
5.950000 21.005575
6.000000 20.358076
6.050000 19.566692
6.100000 18.631433
6.150000 17.511162
6.200000 16.284697
6.250000 15.054797
6.300000 13.807772
6.350000 12.533348
6.400000 11.337709
6.450000 10.272257
6.500000 9.309583
6.550000 8.442832
6.600000 7.719969
6.650000 7.134142
6.700000 6.685350
6.750000 6.353039
6.800000 6.120078
6.850000 6.003599
6.900000 5.989894
6.950000 6.017304
7.000000 6.109797
7.050000 6.284517
7.100000 6.500350
7.150000 6.736743
7.200000 7.041646
7.250000 7.384235
7.300000 7.723393
7.350000 8.096814
7.400000 8.504502
7.450000 8.867646
7.500000 9.189679
7.550000 9.501432
7.600000 9.741248
7.650000 9.871429
7.700000 9.915963
7.750000 9.871433
7.800000 9.713841
7.850000 9.450043
7.900000 9.076623
7.950000 8.627830
8.000000 8.179039
8.050000 7.713117
8.100000 7.188956
8.150000 6.668221
8.200000 6.192022
8.250000 5.705546
8.300000 5.215643
8.350000 4.770278
8.400000 4.359171
8.450000 3.944638
8.500000 3.550661
8.550000 3.197794
8.600000 2.862057
8.650000 2.560579
8.700000 2.320766
8.750000 2.142620
8.800000 2.022714
8.850000 1.998733
8.900000 2.070676
8.950000 2.214564
9.000000 2.413265
9.050000 2.659929
9.100000 2.937427
9.150000 3.249183
9.200000 3.571216
9.250000 3.865843
9.300000 4.119359
9.350000 4.318060
9.400000 4.441392
9.450000 4.489355
9.500000 4.475652
9.550000 4.413985
9.600000 4.287227
9.650000 4.095378
9.700000 3.855566
9.750000 3.581494
9.800000 3.286868
9.850000 2.978537
9.900000 2.653078
9.950000 2.337896
10.000000 2.046695
10.050000 1.748642
10.100000 1.440313
10.150000 1.162815
10.200000 0.905874
10.250000 0.642080
10.300000 0.391990
10.350000 0.159029
10.400000 -0.063653
10.450000 -0.262354
10.500000 -0.430224
10.550000 -0.598092
10.600000 -0.752257
10.650000 -0.841330
10.700000 -0.858460
10.750000 -0.848182
10.800000 -0.786516
10.850000 -0.642628
10.900000 -0.461057
10.950000 -0.265781
11.000000 -0.060227
11.050000 0.145326
11.100000 0.330325
11.150000 0.508471
11.200000 0.672913
11.250000 0.813375
11.300000 0.946984
11.350000 1.094297
11.400000 1.262167
11.450000 1.457442
11.500000 1.669848
11.550000 1.878826
11.600000 2.060398
11.650000 2.204286
11.700000 2.276230
11.750000 2.224842
11.800000 2.063824
11.850000 1.820586
11.900000 1.474571
11.950000 1.022354
12.000000 0.542729
12.050000 0.083660
12.100000 -0.385687
12.150000 -0.882441
12.200000 -1.320954
12.250000 -1.677247
12.300000 -1.968448
12.350000 -2.184279
12.400000 -2.311037
12.450000 -2.379555
12.500000 -2.410388
12.550000 -2.386407
12.600000 -2.314463
12.650000 -2.215112
12.700000 -2.088355
12.750000 -1.910208
12.800000 -1.653267
12.850000 -1.372343
12.900000 -1.149660
12.950000 -0.974939
13.000000 -0.772813
13.050000 -0.580962
13.100000 -0.471334
13.150000 -0.402816
13.200000 -0.330872
13.250000 -0.300040
13.300000 -0.317169
13.350000 -0.327447
13.400000 -0.303465
13.450000 -0.248651
13.500000 -0.152727
13.550000 -0.049949
13.600000 0.018568
13.650000 0.049401
13.700000 0.025420
13.750000 -0.091060
13.800000 -0.282910
13.850000 -0.522722
13.900000 -0.834478
13.950000 -1.218178
14.000000 -1.625859
14.050000 -2.036966
14.100000 -2.424091
14.150000 -2.766680
14.200000 -3.054455
14.250000 -3.273712
14.300000 -3.397044
14.350000 -3.424451
14.400000 -3.362785
14.450000 -3.208620
14.500000 -2.992789
14.550000 -2.722143
14.600000 -2.382981
14.650000 -2.016410
14.700000 -1.684099
14.750000 -1.379194
14.800000 -1.105123
14.850000 -0.916700
14.900000 -0.810497
14.950000 -0.721424
15.000000 -0.639202
15.050000 -0.615221
15.100000 -0.639202
15.150000 -0.663184
15.200000 -0.694017
15.250000 -0.745405
15.300000 -0.803645
15.350000 -0.831053
15.400000 -0.851608
15.450000 -0.892719
15.500000 -0.968089
15.550000 -1.067439
15.600000 -1.180493
15.650000 -1.314103
15.700000 -1.492249
15.750000 -1.711506
15.800000 -1.920486
15.850000 -2.108910
15.900000 -2.283630
15.950000 -2.406962
16.000000 -2.502887
16.050000 -2.612516
16.100000 -2.708440
16.150000 -2.746125
16.200000 -2.742699
16.250000 -2.739274
16.300000 -2.722144
16.350000 -2.687885
16.400000 -2.633070
16.450000 -2.561127
16.500000 -2.475480
16.550000 -2.358999
16.600000 -2.191131
16.650000 -1.982151
16.700000 -1.752617
16.750000 -1.512804
16.800000 -1.279844
16.850000 -1.084569
16.900000 -0.920125
16.950000 -0.793368
17.000000 -0.728276
17.050000 -0.731702
17.100000 -0.786516
17.150000 -0.909848
17.200000 -1.087994
17.250000 -1.269566
17.300000 -1.461417
17.350000 -1.660118
17.400000 -1.800579
17.450000 -1.855393
17.500000 -1.893078
17.550000 -1.923912
17.600000 -1.913634
17.650000 -1.903356
17.700000 -1.930763
17.750000 -1.995855
17.800000 -2.105483
17.850000 -2.245945
17.900000 -2.406961
17.950000 -2.598812
18.000000 -2.794088
18.050000 -2.917420
18.100000 -2.951678
18.150000 -2.934549
18.200000 -2.855753
18.250000 -2.708440
18.300000 -2.509739
18.350000 -2.280204
18.400000 -2.023262
18.450000 -1.745765
18.500000 -1.502527
18.550000 -1.324381
18.600000 -1.180493
18.650000 -1.057162
18.700000 -0.988643
18.750000 -0.985217
18.800000 -0.981792
18.850000 -0.971514
18.900000 -0.998921
18.950000 -1.050310
19.000000 -1.094846
19.050000 -1.139382
19.100000 -1.190771
19.150000 -1.228456
19.200000 -1.283270
19.250000 -1.375769
19.300000 -1.475120
19.350000 -1.557341
19.400000 -1.653266
19.450000 -1.756042
19.500000 -1.845116
19.550000 -1.927337
19.600000 -2.019836
19.650000 -2.112335
19.700000 -2.187705
19.750000 -2.269926
19.800000 -2.352147
19.850000 -2.406962
19.900000 -2.437794
19.950000 -2.441221
20.000000 -2.427517
20.050000 -2.396684
20.100000 -2.341870
20.150000 -2.263075
20.200000 -2.184279
20.250000 -2.115761
20.300000 -2.050669
20.350000 -1.985577
20.400000 -1.951318
20.450000 -1.927337
20.500000 -1.886226
20.550000 -1.838265
20.600000 -1.807431
20.650000 -1.780024
20.700000 -1.745766
20.750000 -1.721784
20.800000 -1.694377
20.850000 -1.670396
20.900000 -1.656692
20.950000 -1.670395
21.000000 -1.701229
21.050000 -1.762894
21.100000 -1.862245
21.150000 -1.992430
21.200000 -2.112336
21.250000 -2.208260
21.300000 -2.317889
21.350000 -2.451499
21.400000 -2.567979
21.450000 -2.660478
21.500000 -2.722144
21.550000 -2.759828
21.600000 -2.770107
21.650000 -2.759828
21.700000 -2.715292
21.750000 -2.633071
21.800000 -2.543998
21.850000 -2.478906
21.900000 -2.382981
21.950000 -2.252797
22.000000 -2.115761
22.050000 -1.992429
22.100000 -1.858819
22.150000 -1.697803
22.200000 -1.536786
22.250000 -1.379195
22.300000 -1.214752
22.350000 -1.036606
22.400000 -0.896144
22.450000 -0.810497
22.500000 -0.748831
22.550000 -0.704295
22.600000 -0.741980
22.650000 -0.865311
22.700000 -1.002347
22.750000 -1.122253
22.800000 -1.252437
22.850000 -1.379195
22.900000 -1.471694
22.950000 -1.547064
23.000000 -1.598452
23.050000 -1.622434
23.100000 -1.646414
23.150000 -1.673821
23.200000 -1.677247
23.250000 -1.680673
23.300000 -1.714932
23.350000 -1.756043
23.400000 -1.790302
23.450000 -1.845116
23.500000 -1.927337
23.550000 -2.012985
23.600000 -2.091780
23.650000 -2.153447
23.700000 -2.184279
23.750000 -2.187705
23.800000 -2.174001
23.850000 -2.150020
23.900000 -2.126039
23.950000 -2.105483
24.000000 -2.064373
24.050000 -2.009558
24.100000 -1.982152
24.150000 -1.968448
24.200000 -1.920486
24.250000 -1.865672
24.300000 -1.858819
24.350000 -1.872523
24.400000 -1.872523
24.450000 -1.862246
24.500000 -1.875949
24.550000 -1.882800
24.600000 -1.862245
24.650000 -1.827987
24.700000 -1.817709
24.750000 -1.838264
24.800000 -1.865671
24.850000 -1.886227
24.900000 -1.920486
24.950000 -1.978726
25.000000 -2.023263
25.050000 -2.040392
25.100000 -2.060947
25.150000 -2.081503
25.200000 -2.081502
25.250000 -2.067799
25.300000 -2.043817
25.350000 -2.009559
25.400000 -1.965022
25.450000 -1.913633
25.500000 -1.862245
25.550000 -1.817709
25.600000 -1.773172
25.650000 -1.725210
25.700000 -1.690951
25.750000 -1.673821
25.800000 -1.660118
25.850000 -1.670396
25.900000 -1.708080
25.950000 -1.752617
26.000000 -1.793728
26.050000 -1.862246
26.100000 -1.937615
26.150000 -1.995855
26.200000 -2.040392
26.250000 -2.081503
26.300000 -2.088354
26.350000 -2.071225
26.400000 -2.036965
26.450000 -1.978726
26.500000 -1.913634
26.550000 -1.862245
26.600000 -1.817708
26.650000 -1.807431
26.700000 -1.882801
26.750000 -1.999281
26.800000 -2.091780
26.850000 -2.194556
26.900000 -2.348721
26.950000 -2.489183
27.000000 -2.578257
27.050000 -2.633071
27.100000 -2.663903
27.150000 -2.639923
27.200000 -2.557701
27.250000 -2.434369
27.300000 -2.287056
27.350000 -2.126039
27.400000 -1.947892
27.450000 -1.783449
27.500000 -1.636137
27.550000 -1.488823
27.600000 -1.338085
27.650000 -1.221604
27.700000 -1.159938
27.750000 -1.105124
27.800000 -1.060587
27.850000 -1.077716
27.900000 -1.132531
27.950000 -1.197623
28.000000 -1.300400
28.050000 -1.451138
28.100000 -1.608730
28.150000 -1.783450
28.200000 -1.985577
28.250000 -2.160298
28.300000 -2.283630
28.350000 -2.369277
28.400000 -2.413814
28.450000 -2.420666
28.500000 -2.413814
28.550000 -2.379555
28.600000 -2.276778
28.650000 -2.153446
28.700000 -2.030114
28.750000 -1.882800
28.800000 -1.728636
28.850000 -1.615581
28.900000 -1.516230
28.950000 -1.392899
29.000000 -1.300399
29.050000 -1.259289
29.100000 -1.255863
29.150000 -1.293548
29.200000 -1.344936
29.250000 -1.375769
29.300000 -1.430583
29.350000 -1.516231
29.400000 -1.571045
29.450000 -1.598452
29.500000 -1.649840
29.550000 -1.714932
29.600000 -1.735487
29.650000 -1.721783
29.700000 -1.704655
29.750000 -1.663544
29.800000 -1.608730
29.850000 -1.574471
29.900000 -1.560767
29.950000 -1.529934
30.000000 -1.495675
30.050000 -1.488823
30.100000 -1.516231
30.150000 -1.581323
30.200000 -1.649841
30.250000 -1.718358
30.300000 -1.810857
30.350000 -1.906782
30.400000 -1.995855
30.450000 -2.088354
30.500000 -2.191131
30.550000 -2.259649
30.600000 -2.304186
30.650000 -2.372703
30.700000 -2.430943
30.750000 -2.441221
30.800000 -2.430944
30.850000 -2.413814
30.900000 -2.386406
30.950000 -2.365851
31.000000 -2.338445
31.050000 -2.290482
31.100000 -2.242519
31.150000 -2.256222
31.200000 -2.304185
31.250000 -2.338444
31.300000 -2.365851
31.350000 -2.417240
31.400000 -2.502887
31.450000 -2.588535
31.500000 -2.643349
31.550000 -2.650200
31.600000 -2.646775
31.650000 -2.636497
31.700000 -2.585109
31.750000 -2.482332
31.800000 -2.386406
31.850000 -2.328167
31.900000 -2.293908
31.950000 -2.276778
32.000000 -2.283630
32.050000 -2.314463
32.100000 -2.362425
32.150000 -2.420665
32.200000 -2.472054
32.250000 -2.526868
32.300000 -2.602238
32.350000 -2.660477
32.400000 -2.681033
32.450000 -2.681033
32.500000 -2.677607
32.550000 -2.650200
32.600000 -2.605664
32.650000 -2.588534
32.700000 -2.609089
32.750000 -2.633071
32.800000 -2.636496
32.850000 -2.636497
32.900000 -2.657052
32.950000 -2.660477
33.000000 -2.639923
33.050000 -2.619367
33.100000 -2.612515
33.150000 -2.595385
33.200000 -2.588534
33.250000 -2.612515
33.300000 -2.633071
33.350000 -2.615941
33.400000 -2.602237
33.450000 -2.650200
33.500000 -2.728995
33.550000 -2.800939
33.600000 -2.866031
33.650000 -2.931123
33.700000 -2.972233
33.750000 -2.989364
33.800000 -2.996215
33.850000 -2.975660
33.900000 -2.924271
33.950000 -2.831772
34.000000 -2.739273
34.050000 -2.674182
34.100000 -2.639923
34.150000 -2.605664
34.200000 -2.554275
34.250000 -2.509739
34.300000 -2.516590
34.350000 -2.550849
34.400000 -2.591960
34.450000 -2.633071
34.500000 -2.687885
34.550000 -2.732422
34.600000 -2.763254
34.650000 -2.794087
34.700000 -2.804365
34.750000 -2.780384
34.800000 -2.718718
34.850000 -2.643348
34.900000 -2.561127
34.950000 -2.496035
35.000000 -2.468628
35.050000 -2.465202
35.100000 -2.461776
35.150000 -2.468628
35.200000 -2.496035
35.250000 -2.543998
35.300000 -2.585108
35.350000 -2.612515
35.400000 -2.660478
35.450000 -2.722144
35.500000 -2.742700
35.550000 -2.732421
35.600000 -2.722144
35.650000 -2.715292
35.700000 -2.711867
35.750000 -2.718718
35.800000 -2.708440
35.850000 -2.687885
35.900000 -2.715292
35.950000 -2.759829
36.000000 -2.749551
36.050000 -2.698163
36.100000 -2.684459
36.150000 -2.667330
36.200000 -2.612516
36.250000 -2.554276
36.300000 -2.516591
36.350000 -2.496035
36.400000 -2.516590
36.450000 -2.561127
36.500000 -2.588534
36.550000 -2.636497
36.600000 -2.722144
36.650000 -2.770106
36.700000 -2.756403
36.750000 -2.732422
36.800000 -2.711866
36.850000 -2.670755
36.900000 -2.609089
36.950000 -2.513165
37.000000 -2.396685
37.050000 -2.311037
37.100000 -2.276778
37.150000 -2.269927
37.200000 -2.293907
37.250000 -2.365851
37.300000 -2.448073
37.350000 -2.523442
37.400000 -2.615941
37.450000 -2.705014
37.500000 -2.773533
37.550000 -2.818069
37.600000 -2.848901
37.650000 -2.879734
37.700000 -2.907142
37.750000 -2.917420
37.800000 -2.896865
37.850000 -2.883160
37.900000 -2.900290
37.950000 -2.951679
38.000000 -3.009919
38.050000 -3.075011
38.100000 -3.167509
38.150000 -3.280564
38.200000 -3.359360
38.250000 -3.376489
38.300000 -3.355934
38.350000 -3.304545
38.400000 -3.194917
38.450000 -3.040752
38.500000 -2.852328
38.550000 -2.639922
38.600000 -2.420665
38.650000 -2.239093
38.700000 -2.119187
38.750000 -2.067799
38.800000 -2.078077
38.850000 -2.153447
38.900000 -2.269926
38.950000 -2.434369
39.000000 -2.602238
39.050000 -2.759829
39.100000 -2.893438
39.150000 -2.968808
39.200000 -2.961956
39.250000 -2.900290
39.300000 -2.824921
39.350000 -2.728996
39.400000 -2.605663
39.450000 -2.489183
39.500000 -2.420665
39.550000 -2.406962
39.600000 -2.427517
39.650000 -2.485758
39.700000 -2.615941
39.750000 -2.807791
39.800000 -2.975659
39.850000 -3.119547
39.900000 -3.246305
39.950000 -3.338804
40.000000 -3.369637
40.050000 -3.369637
40.100000 -3.321675
40.150000 -3.198342
40.200000 -3.023622
40.250000 -2.855754
40.300000 -2.684460
40.350000 -2.502887
40.400000 -2.341870
40.450000 -2.194557
40.500000 -2.030114
40.550000 -1.882801
40.600000 -1.783450
40.650000 -1.714932
40.700000 -1.646414
40.750000 -1.595026
40.800000 -1.577897
40.850000 -1.595026
40.900000 -1.660118
40.950000 -1.780024
41.000000 -1.910208
41.050000 -2.043817
41.100000 -2.221964
41.150000 -2.444647
41.200000 -2.650200
41.250000 -2.814642
41.300000 -2.958531
41.350000 -3.098992
41.400000 -3.191491
41.450000 -3.205194
41.500000 -3.153806
41.550000 -3.088714
41.600000 -3.013345
41.650000 -2.883161
41.700000 -2.728996
41.750000 -2.598811
41.800000 -2.506312
41.850000 -2.434369
41.900000 -2.400110
41.950000 -2.393259
42.000000 -2.424091
42.050000 -2.509738
42.100000 -2.598812
42.150000 -2.663903
42.200000 -2.725570
42.250000 -2.821494
42.300000 -2.866031
42.350000 -2.835198
42.400000 -2.797513
42.450000 -2.766680
42.500000 -2.715292
42.550000 -2.639922
42.600000 -2.581682
42.650000 -2.554275
42.700000 -2.554275
42.750000 -2.561127
42.800000 -2.581682
42.850000 -2.657052
42.900000 -2.773533
42.950000 -2.896864
43.000000 -3.020196
43.050000 -3.167510
43.100000 -3.318248
43.150000 -3.427877
43.200000 -3.503247
43.250000 -3.558061
43.300000 -3.578616
43.350000 -3.554635
43.400000 -3.486117
43.450000 -3.359359
43.500000 -3.188065
43.550000 -3.009919
43.600000 -2.848902
43.650000 -2.684459
43.700000 -2.516591
43.750000 -2.376129
43.800000 -2.314463
43.850000 -2.311037
43.900000 -2.304186
43.950000 -2.293908
44.000000 -2.335018
44.050000 -2.410388
44.100000 -2.475480
44.150000 -2.530294
44.200000 -2.581683
44.250000 -2.626219
44.300000 -2.687885
44.350000 -2.756403
44.400000 -2.773533
44.450000 -2.752977
44.500000 -2.756403
44.550000 -2.773532
44.600000 -2.752977
44.650000 -2.698162
44.700000 -2.622793
44.750000 -2.537145
44.800000 -2.441221
44.850000 -2.352147
44.900000 -2.269926
44.950000 -2.215112
45.000000 -2.174002
45.050000 -2.150020
45.100000 -2.174001
45.150000 -2.249371
45.200000 -2.352148
45.250000 -2.472054
45.300000 -2.609089
45.350000 -2.715292
45.400000 -2.752977
45.450000 -2.749551
45.500000 -2.711866
45.550000 -2.615941
45.600000 -2.475480
45.650000 -2.317888
45.700000 -2.170575
45.750000 -2.060947
45.800000 -2.006133
45.850000 -2.006133
45.900000 -2.071224
45.950000 -2.191130
46.000000 -2.335018
46.050000 -2.516591
46.100000 -2.728995
46.150000 -2.917420
46.200000 -3.040751
46.250000 -3.112696
46.300000 -3.133251
46.350000 -3.075011
46.400000 -2.958530
46.450000 -2.807791
46.500000 -2.653626
46.550000 -2.502887
46.600000 -2.362425
46.650000 -2.249371
46.700000 -2.211687
46.750000 -2.242519
46.800000 -2.290482
46.850000 -2.369277
46.900000 -2.530294
46.950000 -2.732422
47.000000 -2.896864
47.050000 -3.020196
47.100000 -3.160658
47.150000 -3.277138
47.200000 -3.311397
47.250000 -3.273712
47.300000 -3.191491
47.350000 -3.061307
47.400000 -2.869457
47.450000 -2.657052
47.500000 -2.461777
47.550000 -2.300759
47.600000 -2.163724
47.650000 -2.067798
47.700000 -2.023262
47.750000 -2.012985
47.800000 -2.016411
47.850000 -2.036965
47.900000 -2.098632
47.950000 -2.201408
48.000000 -2.335019
48.050000 -2.475480
48.100000 -2.619367
48.150000 -2.773532
48.200000 -2.917420
48.250000 -3.016770
48.300000 -3.088714
48.350000 -3.167509
48.400000 -3.208621
48.450000 -3.191491
48.500000 -3.160658
48.550000 -3.102418
48.600000 -2.982512
48.650000 -2.852327
48.700000 -2.763254
48.750000 -2.660478
48.800000 -2.530294
48.850000 -2.485758
48.900000 -2.523442
48.950000 -2.550849
49.000000 -2.578256
49.050000 -2.657052
49.100000 -2.783810
49.150000 -2.910568
49.200000 -3.009919
49.250000 -3.057881
49.300000 -3.057881
49.350000 -3.037326
49.400000 -2.968808
49.450000 -2.852328
49.500000 -2.715292
49.550000 -2.588534
49.600000 -2.465202
49.650000 -2.355574
49.700000 -2.276778
49.750000 -2.225390
49.800000 -2.235668
49.850000 -2.276778
49.900000 -2.321314
49.950000 -2.376129
50.000000 -2.451498
50.050000 -2.509739
50.100000 -2.526868
50.150000 -2.520016
50.200000 -2.499461
50.250000 -2.461776
50.300000 -2.430943
50.350000 -2.406962
50.400000 -2.379555
50.450000 -2.362426
50.500000 -2.386406
50.550000 -2.444646
50.600000 -2.530294
50.650000 -2.636496
50.700000 -2.746125
50.750000 -2.848902
50.800000 -2.968808
50.850000 -3.081863
50.900000 -3.143528
50.950000 -3.164084
51.000000 -3.167509
51.050000 -3.140103
51.100000 -3.064733
51.150000 -2.920846
51.200000 -2.732422
51.250000 -2.547423
51.300000 -2.372703
51.350000 -2.167149
51.400000 -1.951318
51.450000 -1.759469
51.500000 -1.601878
51.550000 -1.454564
51.600000 -1.324381
51.650000 -1.245585
51.700000 -1.221604
51.750000 -1.249011
51.800000 -1.320955
51.850000 -1.437435
51.900000 -1.577896
51.950000 -1.762894
52.000000 -1.975300
52.050000 -2.184279
52.100000 -2.372703
52.150000 -2.530294
52.200000 -2.653626
52.250000 -2.746125
52.300000 -2.804366
52.350000 -2.821494
52.400000 -2.811217
52.450000 -2.766681
52.500000 -2.701588
52.550000 -2.636497
52.600000 -2.581683
52.650000 -2.547423
52.700000 -2.526868
52.750000 -2.520017
52.800000 -2.547424
52.850000 -2.619368
52.900000 -2.694737
52.950000 -2.732422
53.000000 -2.766681
53.050000 -2.818069
53.100000 -2.821495
53.150000 -2.773532
53.200000 -2.739274
53.250000 -2.701589
53.300000 -2.636497
53.350000 -2.578257
53.400000 -2.557701
53.450000 -2.533720
53.500000 -2.492609
53.550000 -2.489183
53.600000 -2.516591
53.650000 -2.537146
53.700000 -2.537145
53.750000 -2.523442
53.800000 -2.523442
53.850000 -2.513165
53.900000 -2.492609
53.950000 -2.475480
54.000000 -2.465202
54.050000 -2.434369
54.100000 -2.382980
54.150000 -2.365851
54.200000 -2.396685
54.250000 -2.430943
54.300000 -2.475480
54.350000 -2.561127
54.400000 -2.629645
54.450000 -2.681033
54.500000 -2.766680
54.550000 -2.872883
54.600000 -2.937975
54.650000 -2.982511
54.700000 -3.037326
54.750000 -3.068158
54.800000 -3.051029
54.850000 -3.023622
54.900000 -3.006492
54.950000 -2.979085
55.000000 -2.955104
55.050000 -2.917420
55.100000 -2.852328
55.150000 -2.800939
55.200000 -2.794088
55.250000 -2.811217
55.300000 -2.821495
55.350000 -2.845476
55.400000 -2.893438
55.450000 -2.965382
55.500000 -3.037325
55.550000 -3.081862
55.600000 -3.116121
55.650000 -3.140102
55.700000 -3.143528
55.750000 -3.109269
55.800000 -3.075010
55.850000 -3.037325
55.900000 -2.968808
55.950000 -2.879735
56.000000 -2.797513
56.050000 -2.705014
56.100000 -2.619367
56.150000 -2.554275
56.200000 -2.502887
56.250000 -2.461776
56.300000 -2.461776
56.350000 -2.451498
56.400000 -2.382980
56.450000 -2.287056
56.500000 -2.197983
56.550000 -2.126039
56.600000 -2.074651
56.650000 -2.033540
56.700000 -2.002707
56.750000 -2.002707
56.800000 -2.043818
56.850000 -2.112336
56.900000 -2.191131
56.950000 -2.297333
57.000000 -2.410388
57.050000 -2.502887
57.100000 -2.598811
57.150000 -2.687885
57.200000 -2.756402
57.250000 -2.794088
57.300000 -2.811217
57.350000 -2.821495
57.400000 -2.828346
57.450000 -2.818069
57.500000 -2.807791
57.550000 -2.838625
57.600000 -2.876309
57.650000 -2.879735
57.700000 -2.890013
57.750000 -2.917420
57.800000 -2.886587
57.850000 -2.794087
57.900000 -2.681033
57.950000 -2.520017
58.000000 -2.314463
58.050000 -2.091780
58.100000 -1.858819
58.150000 -1.632711
58.200000 -1.475120
58.250000 -1.389472
58.300000 -1.327807
58.350000 -1.317529
58.400000 -1.410028
58.450000 -1.581322
58.500000 -1.783450
58.550000 -2.016411
58.600000 -2.290482
58.650000 -2.571405
58.700000 -2.821495
58.750000 -3.023622
58.800000 -3.188065
58.850000 -3.294267
58.900000 -3.311397
58.950000 -3.253157
59.000000 -3.146955
59.050000 -2.992789
59.100000 -2.790662
59.150000 -2.598812
59.200000 -2.451498
59.250000 -2.338444
59.300000 -2.263075
59.350000 -2.245945
59.400000 -2.276778
59.450000 -2.358999
59.500000 -2.499461
59.550000 -2.687885
59.600000 -2.866031
59.650000 -3.009918
59.700000 -3.136676
59.750000 -3.249731
59.800000 -3.318249
59.850000 -3.338804
59.900000 -3.325101
59.950000 -3.301119
60.000000 -3.263434
60.050000 -3.208620
60.100000 -3.129824
60.150000 -3.054456
60.200000 -2.999640
60.250000 -2.951679
60.300000 -2.883161
60.350000 -2.783810
60.400000 -2.684459
60.450000 -2.585108
60.500000 -2.482331
60.550000 -2.348722
60.600000 -2.201409
60.650000 -2.098632
60.700000 -2.047243
60.750000 -2.012985
60.800000 -2.006133
60.850000 -2.057521
60.900000 -2.150020
60.950000 -2.263075
61.000000 -2.400111
61.050000 -2.567979
61.100000 -2.742699
61.150000 -2.900290
61.200000 -3.003067
61.250000 -3.037326
61.300000 -3.033900
61.350000 -3.006492
61.400000 -2.913993
61.450000 -2.752977
61.500000 -2.581682
61.550000 -2.434369
61.600000 -2.290482
61.650000 -2.174001
61.700000 -2.102058
61.750000 -2.060947
61.800000 -2.057521
61.850000 -2.091780
61.900000 -2.139743
61.950000 -2.177428
62.000000 -2.218538
62.050000 -2.259649
62.100000 -2.283630
62.150000 -2.273352
62.200000 -2.256223
62.250000 -2.252797
62.300000 -2.239093
62.350000 -2.194557
62.400000 -2.150020
62.450000 -2.132891
62.500000 -2.139743
62.550000 -2.156872
62.600000 -2.194557
62.650000 -2.239093
62.700000 -2.283630
62.750000 -2.321315
62.800000 -2.355574
62.850000 -2.400110
62.900000 -2.465202
62.950000 -2.516590
63.000000 -2.516591
63.050000 -2.502887
63.100000 -2.502887
63.150000 -2.478906
63.200000 -2.389832
63.250000 -2.293908
63.300000 -2.218538
63.350000 -2.174001
63.400000 -2.143169
63.450000 -2.095206
63.500000 -2.057521
63.550000 -2.071224
63.600000 -2.126039
63.650000 -2.167149
63.700000 -2.225389
63.750000 -2.304186
63.800000 -2.358999
63.850000 -2.382981
63.900000 -2.403537
63.950000 -2.403536
64.000000 -2.355574
64.050000 -2.304185
64.100000 -2.280204
64.150000 -2.266500
64.200000 -2.239093
64.250000 -2.228816
64.300000 -2.242519
64.350000 -2.263075
64.400000 -2.283629
64.450000 -2.293908
64.500000 -2.283630
64.550000 -2.287055
64.600000 -2.324741
64.650000 -2.362426
64.700000 -2.389833
64.750000 -2.420666
64.800000 -2.468628
64.850000 -2.540572
64.900000 -2.629645
64.950000 -2.722144
65.000000 -2.790662
65.050000 -2.835199
65.100000 -2.883161
65.150000 -2.900291
65.200000 -2.852328
65.250000 -2.766680
65.300000 -2.684459
65.350000 -2.609090
65.400000 -2.554276
65.450000 -2.499461
65.500000 -2.451498
65.550000 -2.454924
65.600000 -2.537145
65.650000 -2.646774
65.700000 -2.735847
65.750000 -2.821495
65.800000 -2.944826
65.850000 -3.075011
65.900000 -3.136676
65.950000 -3.129825
66.000000 -3.098992
66.050000 -3.051029
66.100000 -2.927697
66.150000 -2.756403
66.200000 -2.602238
66.250000 -2.451498
66.300000 -2.297334
66.350000 -2.177427
66.400000 -2.098631
66.450000 -2.033540
66.500000 -1.995855
66.550000 -2.012985
66.600000 -2.060947
66.650000 -2.112336
66.700000 -2.191131
66.750000 -2.300759
66.800000 -2.389833
66.850000 -2.444647
66.900000 -2.499461
66.950000 -2.547424
67.000000 -2.564553
67.050000 -2.520016
67.100000 -2.427518
67.150000 -2.300759
67.200000 -2.180853
67.250000 -2.071225
67.300000 -1.961596
67.350000 -1.896505
67.400000 -1.917059
67.450000 -1.999281
67.500000 -2.095206
67.550000 -2.225390
67.600000 -2.396684
67.650000 -2.588534
67.700000 -2.766680
67.750000 -2.869457
67.800000 -2.886587
67.850000 -2.852328
67.900000 -2.759828
67.950000 -2.581682
68.000000 -2.348721
68.050000 -2.146594
68.100000 -1.992429
68.150000 -1.862245
68.200000 -1.793727
68.250000 -1.800579
68.300000 -1.872523
68.350000 -1.992429
68.400000 -2.136316
68.450000 -2.273352
68.500000 -2.413813
68.550000 -2.520016
68.600000 -2.540572
68.650000 -2.523442
68.700000 -2.523442
68.750000 -2.499461
68.800000 -2.437795
68.850000 -2.427517
68.900000 -2.472054
68.950000 -2.506313
69.000000 -2.557701
69.050000 -2.650200
69.100000 -2.722144
69.150000 -2.715292
69.200000 -2.674181
69.250000 -2.626219
69.300000 -2.509739
69.350000 -2.293908
69.400000 -2.047243
69.450000 -1.841690
69.500000 -1.663544
69.550000 -1.499101
69.600000 -1.389473
69.650000 -1.386047
69.700000 -1.457990
69.750000 -1.560767
69.800000 -1.711506
69.850000 -1.906782
69.900000 -2.115761
69.950000 -2.311037
70.000000 -2.475480
70.050000 -2.609089
70.100000 -2.698163
70.150000 -2.725570
70.200000 -2.701588
70.250000 -2.653626
70.300000 -2.585108
70.350000 -2.489183
70.400000 -2.403536
70.450000 -2.352147
70.500000 -2.321315
70.550000 -2.311037
70.600000 -2.338445
70.650000 -2.389832
70.700000 -2.454925
70.750000 -2.547423
70.800000 -2.650200
70.850000 -2.722144
70.900000 -2.766681
70.950000 -2.811217
71.000000 -2.838624
71.050000 -2.797513
71.100000 -2.698162
71.150000 -2.564553
71.200000 -2.410388
71.250000 -2.283630
71.300000 -2.215112
71.350000 -2.136316
71.400000 -2.026688
71.450000 -1.978726
71.500000 -2.006132
71.550000 -2.040391
71.600000 -2.091781
71.650000 -2.191131
71.700000 -2.304185
71.750000 -2.393258
71.800000 -2.475480
71.850000 -2.547423
71.900000 -2.571405
71.950000 -2.543998
72.000000 -2.482331
72.050000 -2.406962
72.100000 -2.321314
72.150000 -2.235668
72.200000 -2.160298
72.250000 -2.143168
72.300000 -2.204835
72.350000 -2.321314
72.400000 -2.451498
72.450000 -2.585108
72.500000 -2.746125
72.550000 -2.907142
72.600000 -3.030474
72.650000 -3.085289
72.700000 -3.105843
72.750000 -3.075011
72.800000 -2.985938
72.850000 -2.866031
72.900000 -2.749551
72.950000 -2.615941
73.000000 -2.482331
73.050000 -2.420665
73.100000 -2.410388
73.150000 -2.403536
73.200000 -2.413813
73.250000 -2.448072
73.300000 -2.485757
73.350000 -2.513164
73.400000 -2.499461
73.450000 -2.441221
73.500000 -2.379555
73.550000 -2.358999
73.600000 -2.389833
73.650000 -2.448073
73.700000 -2.540572
73.750000 -2.663904
73.800000 -2.804365
73.850000 -2.951678
73.900000 -3.081862
73.950000 -3.181213
74.000000 -3.222324
74.050000 -3.191490
74.100000 -3.092140
74.150000 -2.965382
74.200000 -2.800939
74.250000 -2.564553
74.300000 -2.314463
74.350000 -2.102057
74.400000 -1.906782
74.450000 -1.725210
74.500000 -1.625859
74.550000 -1.612155
74.600000 -1.629285
74.650000 -1.677247
74.700000 -1.769747
74.750000 -1.845116
74.800000 -1.913633
74.850000 -2.016410
74.900000 -2.112335
74.950000 -2.184279
75.000000 -2.263075
75.050000 -2.345296
75.100000 -2.382980
75.150000 -2.396684
75.200000 -2.413814
75.250000 -2.396684
75.300000 -2.376129
75.350000 -2.376129
75.400000 -2.352148
75.450000 -2.297333
75.500000 -2.269926
75.550000 -2.252797
75.600000 -2.187705
75.650000 -2.119187
75.700000 -2.095206
75.750000 -2.071224
75.800000 -2.040392
75.850000 -2.016410
75.900000 -1.985577
75.950000 -1.934189
76.000000 -1.903356
76.050000 -1.879375
76.100000 -1.834839
76.150000 -1.800579
76.200000 -1.800579
76.250000 -1.810857
76.300000 -1.841690
76.350000 -1.910208
76.400000 -1.985577
76.450000 -2.064373
76.500000 -2.146594
76.550000 -2.218538
76.600000 -2.283630
76.650000 -2.369277
76.700000 -2.454924
76.750000 -2.489183
76.800000 -2.482331
76.850000 -2.472054
76.900000 -2.441221
76.950000 -2.376128
77.000000 -2.328166
77.050000 -2.311037
77.100000 -2.321315
77.150000 -2.359000
77.200000 -2.400110
77.250000 -2.437795
77.300000 -2.496036
77.350000 -2.585109
77.400000 -2.653626
77.450000 -2.670756
77.500000 -2.681033
77.550000 -2.681033
77.600000 -2.622793
77.650000 -2.523442
77.700000 -2.430943
77.750000 -2.345296
77.800000 -2.249371
77.850000 -2.163724
77.900000 -2.108909
77.950000 -2.098632
78.000000 -2.143168
78.050000 -2.215112
78.100000 -2.317889
78.150000 -2.458351
78.200000 -2.602238
78.250000 -2.701588
78.300000 -2.756403
78.350000 -2.807791
78.400000 -2.872883
78.450000 -2.917420
78.500000 -2.917420
78.550000 -2.907142
78.600000 -2.924271
78.650000 -2.934549
78.700000 -2.886586
78.750000 -2.835198
78.800000 -2.824921
78.850000 -2.804365
78.900000 -2.746125
78.950000 -2.698162
79.000000 -2.684459
79.050000 -2.650200
79.100000 -2.612515
79.150000 -2.612515
79.200000 -2.629644
79.250000 -2.636497
79.300000 -2.660478
79.350000 -2.691311
79.400000 -2.701588
79.450000 -2.718717
79.500000 -2.732421
79.550000 -2.691310
79.600000 -2.615941
79.650000 -2.540571
79.700000 -2.489184
79.750000 -2.451498
79.800000 -2.424092
79.850000 -2.424091
79.900000 -2.478906
79.950000 -2.595386
80.000000 -2.735847
80.050000 -2.883161
80.100000 -3.006493
80.150000 -3.092140
80.200000 -3.160657
80.250000 -3.191490
80.300000 -3.126399
80.350000 -2.985937
80.400000 -2.848901
80.450000 -2.725570
80.500000 -2.598812
80.550000 -2.499461
80.600000 -2.430943
80.650000 -2.403536
80.700000 -2.420666
80.750000 -2.454924
80.800000 -2.478906
80.850000 -2.492609
80.900000 -2.506313
80.950000 -2.482332
81.000000 -2.379555
81.050000 -2.211686
81.100000 -2.030114
81.150000 -1.858819
81.200000 -1.694377
81.250000 -1.543637
81.300000 -1.437435
81.350000 -1.413454
81.400000 -1.461416
81.450000 -1.540212
81.500000 -1.660118
81.550000 -1.814283
81.600000 -1.944467
81.650000 -2.030114
81.700000 -2.108910
81.750000 -2.184279
81.800000 -2.204835
81.850000 -2.187705
81.900000 -2.167150
81.950000 -2.139743
82.000000 -2.098632
82.050000 -2.074651
82.100000 -2.074651
82.150000 -2.088354
82.200000 -2.105483
82.250000 -2.112336
82.300000 -2.088354
82.350000 -2.054096
82.400000 -2.016410
82.450000 -1.965022
82.500000 -1.913634
82.550000 -1.875949
82.600000 -1.848542
82.650000 -1.845116
82.700000 -1.910208
82.750000 -2.019836
82.800000 -2.129465
82.850000 -2.263075
82.900000 -2.437795
82.950000 -2.598812
83.000000 -2.725570
83.050000 -2.838624
83.100000 -2.920845
83.150000 -2.913994
83.200000 -2.824921
83.250000 -2.698163
83.300000 -2.540572
83.350000 -2.348722
83.400000 -2.126039
83.450000 -1.917059
83.500000 -1.766321
83.550000 -1.670396
83.600000 -1.625859
83.650000 -1.632710
83.700000 -1.694377
83.750000 -1.800579
83.800000 -1.961596
83.850000 -2.146594
83.900000 -2.287056
83.950000 -2.400110
84.000000 -2.533720
84.050000 -2.663904
84.100000 -2.732422
84.150000 -2.776958
84.200000 -2.848902
84.250000 -2.917420
84.300000 -2.965382
84.350000 -3.016771
84.400000 -3.064732
84.450000 -3.088714
84.500000 -3.116121
84.550000 -3.167510
84.600000 -3.184639
84.650000 -3.150380
84.700000 -3.112695
84.750000 -3.054455
84.800000 -2.934550
84.850000 -2.794087
84.900000 -2.681033
84.950000 -2.557701
85.000000 -2.406962
85.050000 -2.290482
85.100000 -2.211687
85.150000 -2.139743
85.200000 -2.078077
85.250000 -2.033540
85.300000 -2.009559
85.350000 -1.992429
85.400000 -1.985578
85.450000 -1.985577
85.500000 -2.009558
85.550000 -2.019836
85.600000 -1.999281
85.650000 -1.995855
85.700000 -2.019836
85.750000 -2.012984
85.800000 -1.951318
85.850000 -1.910208
85.900000 -1.923911
85.950000 -1.917059
86.000000 -1.858820
86.050000 -1.827987
86.100000 -1.851968
86.150000 -1.869097
86.200000 -1.851967
86.250000 -1.858820
86.300000 -1.913634
86.350000 -1.978726
86.400000 -2.012984
86.450000 -2.060947
86.500000 -2.132890
86.550000 -2.194556
86.600000 -2.218538
86.650000 -2.239094
86.700000 -2.252797
86.750000 -2.218538
86.800000 -2.153446
86.850000 -2.098632
86.900000 -2.033539
86.950000 -1.937615
87.000000 -1.865672
87.050000 -1.831412
87.100000 -1.821135
87.150000 -1.841690
87.200000 -1.903356
87.250000 -1.992430
87.300000 -2.091780
87.350000 -2.211686
87.400000 -2.331593
87.450000 -2.413813
87.500000 -2.468628
87.550000 -2.485757
87.600000 -2.424092
87.650000 -2.321314
87.700000 -2.218538
87.750000 -2.091780
87.800000 -1.913633
87.850000 -1.745765
87.900000 -1.619007
87.950000 -1.516231
88.000000 -1.444287
88.050000 -1.430584
88.100000 -1.461417
88.150000 -1.512805
88.200000 -1.584748
88.250000 -1.684100
88.300000 -1.797154
88.350000 -1.903356
88.400000 -1.995855
88.450000 -2.071224
88.500000 -2.150020
88.550000 -2.239093
88.600000 -2.314463
88.650000 -2.362425
88.700000 -2.406962
88.750000 -2.461776
88.800000 -2.499461
88.850000 -2.543998
88.900000 -2.639922
88.950000 -2.722144
89.000000 -2.776958
89.050000 -2.852328
89.100000 -2.917419
89.150000 -2.913993
89.200000 -2.859180
89.250000 -2.773532
89.300000 -2.619367
89.350000 -2.434369
89.400000 -2.239093
89.450000 -2.002707
89.500000 -1.756043
89.550000 -1.560767
89.600000 -1.403176
89.650000 -1.269567
89.700000 -1.225030
89.750000 -1.252437
89.800000 -1.293548
89.850000 -1.389473
89.900000 -1.540211
89.950000 -1.673822
90.000000 -1.776598
90.050000 -1.882800
90.100000 -1.985578
90.150000 -2.081502
90.200000 -2.174002
90.250000 -2.221964
90.300000 -2.225389
90.350000 -2.256223
90.400000 -2.314463
90.450000 -2.324740
90.500000 -2.307611
90.550000 -2.307611
90.600000 -2.297333
90.650000 -2.266501
90.700000 -2.232242
90.750000 -2.184279
90.800000 -2.132891
90.850000 -2.102058
90.900000 -2.081502
90.950000 -2.064373
91.000000 -2.078076
91.050000 -2.129465
91.100000 -2.187705
91.150000 -2.232242
91.200000 -2.259649
91.250000 -2.273352
91.300000 -2.287056
91.350000 -2.293908
91.400000 -2.239093
91.450000 -2.132891
91.500000 -2.054096
91.550000 -2.006133
91.600000 -1.930763
91.650000 -1.858819
91.700000 -1.858819
91.750000 -1.903356
91.800000 -1.937615
91.850000 -1.982151
91.900000 -2.064373
91.950000 -2.177427
92.000000 -2.287056
92.050000 -2.389833
92.100000 -2.475480
92.150000 -2.550849
92.200000 -2.605663
92.250000 -2.602238
92.300000 -2.567979
92.350000 -2.526868
92.400000 -2.472054
92.450000 -2.424091
92.500000 -2.389832
92.550000 -2.355574
92.600000 -2.300759
92.650000 -2.266500
92.700000 -2.245945
92.750000 -2.208261
92.800000 -2.163724
92.850000 -2.177427
92.900000 -2.235668
92.950000 -2.273352
93.000000 -2.273352
93.050000 -2.273352
93.100000 -2.307611
93.150000 -2.365851
93.200000 -2.406962
93.250000 -2.420666
93.300000 -2.434369
93.350000 -2.441221
93.400000 -2.424091
93.450000 -2.389832
93.500000 -2.362426
93.550000 -2.328167
93.600000 -2.290482
93.650000 -2.259649
93.700000 -2.235667
93.750000 -2.211686
93.800000 -2.211686
93.850000 -2.218538
93.900000 -2.235667
93.950000 -2.256222
94.000000 -2.269927
94.050000 -2.263074
94.100000 -2.245945
94.150000 -2.228815
94.200000 -2.204835
94.250000 -2.170575
94.300000 -2.129465
94.350000 -2.078077
94.400000 -2.026689
94.450000 -1.989003
94.500000 -1.971874
94.550000 -1.951319
94.600000 -1.944467
94.650000 -1.951318
94.700000 -1.951318
94.750000 -1.930763
94.800000 -1.903356
94.850000 -1.889652
94.900000 -1.896505
94.950000 -1.903356
95.000000 -1.889653
95.050000 -1.865671
95.100000 -1.838265
95.150000 -1.814282
95.200000 -1.807432
95.250000 -1.827986
95.300000 -1.879375
95.350000 -1.958170
95.400000 -2.074651
95.450000 -2.208261
95.500000 -2.338444
95.550000 -2.496035
95.600000 -2.670756
95.650000 -2.818069
95.700000 -2.907142
95.750000 -2.965382
95.800000 -2.992789
95.850000 -2.948253
95.900000 -2.869457
95.950000 -2.780384
96.000000 -2.653626
96.050000 -2.489184
96.100000 -2.369277
96.150000 -2.304185
96.200000 -2.249371
96.250000 -2.239093
96.300000 -2.311037
96.350000 -2.417240
96.400000 -2.509738
96.450000 -2.609090
96.500000 -2.694736
96.550000 -2.718718
96.600000 -2.698162
96.650000 -2.667330
96.700000 -2.598812
96.750000 -2.489183
96.800000 -2.365851
96.850000 -2.221964
96.900000 -2.064373
96.950000 -1.930763
97.000000 -1.838264
97.050000 -1.780024
97.100000 -1.742340
97.150000 -1.735487
97.200000 -1.776598
97.250000 -1.845116
97.300000 -1.913633
97.350000 -1.971874
97.400000 -2.054096
97.450000 -2.153446
97.500000 -2.239093
97.550000 -2.311037
97.600000 -2.410387
97.650000 -2.509739
97.700000 -2.591960
97.750000 -2.663903
97.800000 -2.715292
97.850000 -2.735848
97.900000 -2.756402
97.950000 -2.790662
98.000000 -2.807791
98.050000 -2.828347
98.100000 -2.866031
98.150000 -2.859179
98.200000 -2.787236
98.250000 -2.739273
98.300000 -2.701589
98.350000 -2.619368
98.400000 -2.540571
98.450000 -2.520017
98.500000 -2.509738
98.550000 -2.478906
98.600000 -2.482331
98.650000 -2.520016
98.700000 -2.550849
98.750000 -2.595386
98.800000 -2.663904
98.850000 -2.705014
98.900000 -2.711866
98.950000 -2.708440
99.000000 -2.663904
99.050000 -2.557701
99.100000 -2.458351
99.150000 -2.365851
99.200000 -2.239093
99.250000 -2.084929
99.300000 -1.954745
99.350000 -1.834838
99.400000 -1.704655
99.450000 -1.636137
99.500000 -1.642988
99.550000 -1.680673
99.600000 -1.745765
99.650000 -1.855394
99.700000 -1.989003
99.750000 -2.122613
99.800000 -2.266501
99.850000 -2.400110
99.900000 -2.482332
99.950000 -2.533720
100.000000 -2.578256
100.050000 -2.602238
100.100000 -2.588534
100.150000 -2.550849
100.200000 -2.465202
100.250000 -2.359000
100.300000 -2.293908
100.350000 -2.232242
100.400000 -2.122613
100.450000 -2.009559
100.500000 -1.923911
100.550000 -1.800579
100.600000 -1.660118
100.650000 -1.553915
100.700000 -1.475120
100.750000 -1.386046
100.800000 -1.310677
100.850000 -1.262714
100.900000 -1.266141
100.950000 -1.324381
101.000000 -1.434009
101.050000 -1.574470
101.100000 -1.749191
101.150000 -1.927338
101.200000 -2.088354
101.250000 -2.239093
101.300000 -2.372703
101.350000 -2.472054
101.400000 -2.533720
101.450000 -2.571405
101.500000 -2.581683
101.550000 -2.530294
101.600000 -2.427517
101.650000 -2.300759
101.700000 -2.177427
101.750000 -2.030114
101.800000 -1.872523
101.850000 -1.738913
101.900000 -1.642988
101.950000 -1.567619
102.000000 -1.526508
102.050000 -1.523083
102.100000 -1.550489
102.150000 -1.639563
102.200000 -1.783450
102.250000 -1.923912
102.300000 -2.036966
102.350000 -2.170575
102.400000 -2.287056
102.450000 -2.338444
102.500000 -2.393259
102.550000 -2.441221
102.600000 -2.430943
102.650000 -2.393258
102.700000 -2.369278
102.750000 -2.300760
102.800000 -2.191131
102.850000 -2.122613
102.900000 -2.054095
102.950000 -1.951318
103.000000 -1.858819
103.050000 -1.817709
103.100000 -1.759469
103.150000 -1.687525
103.200000 -1.666970
103.250000 -1.714933
103.300000 -1.790302
103.350000 -1.875949
103.400000 -1.951318
103.450000 -2.033540
103.500000 -2.122614
103.550000 -2.180853
103.600000 -2.204835
103.650000 -2.204835
103.700000 -2.180853
103.750000 -2.122613
103.800000 -2.047244
103.850000 -1.989003
103.900000 -1.958170
103.950000 -1.920485
104.000000 -1.875949
104.050000 -1.879374
104.100000 -1.913634
104.150000 -1.947893
104.200000 -1.989004
104.250000 -2.040392
104.300000 -2.088355
104.350000 -2.115761
104.400000 -2.146594
104.450000 -2.156872
104.500000 -2.146594
104.550000 -2.163724
104.600000 -2.187705
104.650000 -2.191131
104.700000 -2.187705
104.750000 -2.228816
104.800000 -2.276778
104.850000 -2.293908
104.900000 -2.304185
104.950000 -2.324740
105.000000 -2.338444
105.050000 -2.328167
105.100000 -2.317888
105.150000 -2.311037
105.200000 -2.297334
105.250000 -2.314462
105.300000 -2.362426
105.350000 -2.403536
105.400000 -2.424091
105.450000 -2.496035
105.500000 -2.585108
105.550000 -2.602238
105.600000 -2.564553
105.650000 -2.550849
105.700000 -2.520016
105.750000 -2.417240
105.800000 -2.304185
105.850000 -2.218538
105.900000 -2.146595
105.950000 -2.074650
106.000000 -2.023262
106.050000 -2.009559
106.100000 -2.033540
106.150000 -2.102058
106.200000 -2.194557
106.250000 -2.304185
106.300000 -2.437795
106.350000 -2.588534
106.400000 -2.718718
106.450000 -2.814643
106.500000 -2.886586
106.550000 -2.941401
106.600000 -2.972233
106.650000 -2.968808
106.700000 -2.934549
106.750000 -2.883161
106.800000 -2.828346
106.850000 -2.759829
106.900000 -2.698163
106.950000 -2.633070
107.000000 -2.537146
107.050000 -2.434369
107.100000 -2.338444
107.150000 -2.211686
107.200000 -2.043818
107.250000 -1.865671
107.300000 -1.711506
107.350000 -1.547064
107.400000 -1.396324
107.450000 -1.290122
107.500000 -1.221604
107.550000 -1.173642
107.600000 -1.173642
107.650000 -1.255863
107.700000 -1.396324
107.750000 -1.533360
107.800000 -1.677248
107.850000 -1.851968
107.900000 -2.019836
107.950000 -2.146594
108.000000 -2.215112
108.050000 -2.228815
108.100000 -2.215112
108.150000 -2.184279
108.200000 -2.108909
108.250000 -2.016411
108.300000 -1.927338
108.350000 -1.827987
108.400000 -1.714932
108.450000 -1.615581
108.500000 -1.564193
108.550000 -1.533360
108.600000 -1.519657
108.650000 -1.547064
108.700000 -1.584748
108.750000 -1.591600
108.800000 -1.612155
108.850000 -1.670396
108.900000 -1.728636
108.950000 -1.769746
109.000000 -1.824560
109.050000 -1.899931
109.100000 -1.961597
109.150000 -2.012985
109.200000 -2.084929
109.250000 -2.167149
109.300000 -2.235668
109.350000 -2.283630
109.400000 -2.324741
109.450000 -2.372703
109.500000 -2.413813
109.550000 -2.430943
109.600000 -2.441221
109.650000 -2.461776
109.700000 -2.475480
109.750000 -2.451499
109.800000 -2.410388
109.850000 -2.369278
109.900000 -2.311037
109.950000 -2.218538
110.000000 -2.136317
110.050000 -2.081503
110.100000 -2.023262
110.150000 -1.971873
110.200000 -1.954744
110.250000 -1.958170
110.300000 -1.968448
110.350000 -2.009558
110.400000 -2.108909
110.450000 -2.225390
110.500000 -2.352147
110.550000 -2.496035
110.600000 -2.657052
110.650000 -2.818069
110.700000 -2.941401
110.750000 -3.030474
110.800000 -3.085288
110.850000 -3.081862
110.900000 -3.027048
110.950000 -2.948253
111.000000 -2.862605
111.050000 -2.746125
111.100000 -2.602238
111.150000 -2.461776
111.200000 -2.335019
111.250000 -2.225389
111.300000 -2.146594
111.350000 -2.067799
111.400000 -1.989003
111.450000 -1.951319
111.500000 -1.947892
111.550000 -1.937615
111.600000 -1.917060
111.650000 -1.923911
111.700000 -1.927337
111.750000 -1.913634
111.800000 -1.927337
111.850000 -1.982152
111.900000 -2.026688
111.950000 -2.043817
112.000000 -2.050669
112.050000 -2.054095
112.100000 -2.050669
112.150000 -2.064373
112.200000 -2.074650
112.250000 -2.054096
112.300000 -2.036966
112.350000 -2.050669
112.400000 -2.064372
112.450000 -2.071225
112.500000 -2.102058
112.550000 -2.139743
112.600000 -2.160298
112.650000 -2.177427
112.700000 -2.208261
112.750000 -2.225389
112.800000 -2.211687
112.850000 -2.184280
112.900000 -2.156872
112.950000 -2.126039
113.000000 -2.081503
113.050000 -2.006132
113.100000 -1.927337
113.150000 -1.882801
113.200000 -1.834838
113.250000 -1.756043
113.300000 -1.684099
113.350000 -1.660118
113.400000 -1.656692
113.450000 -1.642988
113.500000 -1.653266
113.550000 -1.735487
113.600000 -1.855393
113.650000 -1.961596
113.700000 -2.078076
113.750000 -2.225390
113.800000 -2.365851
113.850000 -2.472054
113.900000 -2.550849
113.950000 -2.598812
114.000000 -2.571405
114.050000 -2.502887
114.100000 -2.441221
114.150000 -2.386407
114.200000 -2.328166
114.250000 -2.293907
114.300000 -2.280204
114.350000 -2.287056
114.400000 -2.317888
114.450000 -2.372703
114.500000 -2.444647
114.550000 -2.502887
114.600000 -2.513164
114.650000 -2.492610
114.700000 -2.485757
114.750000 -2.475480
114.800000 -2.430943
114.850000 -2.365851
114.900000 -2.317889
114.950000 -2.273352
115.000000 -2.232242
115.050000 -2.218538
115.100000 -2.225389
115.150000 -2.211686
115.200000 -2.194556
115.250000 -2.201409
115.300000 -2.204834
115.350000 -2.163724
115.400000 -2.108909
115.450000 -2.071225
115.500000 -2.043817
115.550000 -2.009559
115.600000 -1.995855
115.650000 -2.002707
115.700000 -2.012985
115.750000 -2.036966
115.800000 -2.084928
115.850000 -2.119187
115.900000 -2.136316
115.950000 -2.139742
116.000000 -2.122613
116.050000 -2.095206
116.100000 -2.088354
116.150000 -2.060947
116.200000 -1.989004
116.250000 -1.941041
116.300000 -1.954745
116.350000 -1.965022
116.400000 -1.944466
116.450000 -1.965022
116.500000 -2.033540
116.550000 -2.112336
116.600000 -2.208260
116.650000 -2.324741
116.700000 -2.441221
116.750000 -2.554275
116.800000 -2.687885
116.850000 -2.824920
116.900000 -2.924271
116.950000 -3.013345
117.000000 -3.112696
117.050000 -3.191490
117.100000 -3.236028
117.150000 -3.242880
117.200000 -3.205195
117.250000 -3.143529
117.300000 -3.085288
117.350000 -3.020196
117.400000 -2.924272
117.450000 -2.821494
117.500000 -2.728996
117.550000 -2.646774
117.600000 -2.605664
117.650000 -2.588534
117.700000 -2.578257
117.750000 -2.581682
117.800000 -2.598812
117.850000 -2.591960
117.900000 -2.567978
117.950000 -2.567979
118.000000 -2.557701
118.050000 -2.526868
118.100000 -2.526868
118.150000 -2.537146
118.200000 -2.492609
118.250000 -2.437795
118.300000 -2.417239
118.350000 -2.386406
118.400000 -2.335018
118.450000 -2.297333
118.500000 -2.259648
118.550000 -2.191130
118.600000 -2.143169
118.650000 -2.129465
118.700000 -2.105484
118.750000 -2.060947
118.800000 -2.026688
118.850000 -2.012984
118.900000 -2.047243
118.950000 -2.102058
119.000000 -2.132891
119.050000 -2.184279
119.100000 -2.266501
119.150000 -2.324740
119.200000 -2.352148
119.250000 -2.396685
119.300000 -2.427517
119.350000 -2.430943
119.400000 -2.468628
119.450000 -2.523443
119.500000 -2.533720
119.550000 -2.526868
119.600000 -2.533720
119.650000 -2.526868
119.700000 -2.489184
119.750000 -2.465202
119.800000 -2.434369
119.850000 -2.376128
119.900000 -2.314463
119.950000 -2.249371
120.000000 -2.170576
120.050000 -2.102058
120.100000 -2.071225
120.150000 -2.050670
120.200000 -2.054095
120.250000 -2.108910
120.300000 -2.180853
120.350000 -2.228815
120.400000 -2.280204
120.450000 -2.341870
120.500000 -2.382981
120.550000 -2.413814
120.600000 -2.448072
120.650000 -2.444647
120.700000 -2.430943
120.750000 -2.417240
120.800000 -2.386406
120.850000 -2.345296
120.900000 -2.331592
120.950000 -2.324741
121.000000 -2.297333
121.050000 -2.269926
121.100000 -2.239093
121.150000 -2.174001
121.200000 -2.126039
121.250000 -2.126039
121.300000 -2.122613
121.350000 -2.084929
121.400000 -2.078077
121.450000 -2.119187
121.500000 -2.160298
121.550000 -2.191131
121.600000 -2.228816
121.650000 -2.256223
121.700000 -2.276778
121.750000 -2.317888
121.800000 -2.345295
121.850000 -2.335018
121.900000 -2.321315
121.950000 -2.311037
122.000000 -2.287056
122.050000 -2.249371
122.100000 -2.215112
122.150000 -2.187705
122.200000 -2.177427
122.250000 -2.187705
122.300000 -2.208260
122.350000 -2.239093
122.400000 -2.263075
122.450000 -2.273352
122.500000 -2.283630
122.550000 -2.283630
122.600000 -2.249371
122.650000 -2.204835
122.700000 -2.170575
122.750000 -2.105484
122.800000 -2.006133
122.850000 -1.899930
122.900000 -1.814283
122.950000 -1.766320
123.000000 -1.756042
123.050000 -1.752617
123.100000 -1.769746
123.150000 -1.824560
123.200000 -1.913634
123.250000 -1.989004
123.300000 -2.078076
123.350000 -2.215112
123.400000 -2.359000
123.450000 -2.475480
123.500000 -2.602237
123.550000 -2.735848
123.600000 -2.818069
123.650000 -2.869457
123.700000 -2.924271
123.750000 -2.958530
123.800000 -2.951678
123.850000 -2.931123
123.900000 -2.872883
123.950000 -2.752977
124.000000 -2.629645
124.050000 -2.543998
124.100000 -2.434369
124.150000 -2.297334
124.200000 -2.180854
124.250000 -2.091780
124.300000 -2.012985
124.350000 -1.978726
124.400000 -1.999281
124.450000 -2.036966
124.500000 -2.088354
124.550000 -2.167150
124.600000 -2.242520
124.650000 -2.297333
124.700000 -2.352147
124.750000 -2.362425
124.800000 -2.317889
124.850000 -2.287056
124.900000 -2.269926
124.950000 -2.211686
125.000000 -2.150020
125.050000 -2.136317
125.100000 -2.153447
125.150000 -2.177428
125.200000 -2.208260
125.250000 -2.256223
125.300000 -2.335018
125.350000 -2.437795
125.400000 -2.523442
125.450000 -2.574831
125.500000 -2.602237
125.550000 -2.585108
125.600000 -2.499461
125.650000 -2.410388
125.700000 -2.328166
125.750000 -2.218538
125.800000 -2.119187
125.850000 -2.054095
125.900000 -2.002707
125.950000 -1.947893
126.000000 -1.923911
126.050000 -1.886226
126.100000 -1.807431
126.150000 -1.718358
126.200000 -1.656692
126.250000 -1.605304
126.300000 -1.550489
126.350000 -1.505953
126.400000 -1.464842
126.450000 -1.447713
126.500000 -1.471694
126.550000 -1.505953
126.600000 -1.533360
126.650000 -1.577897
126.700000 -1.663543
126.750000 -1.759469
126.800000 -1.845116
126.850000 -1.913633
126.900000 -1.961596
126.950000 -1.985577
127.000000 -2.002707
127.050000 -2.026688
127.100000 -2.064373
127.150000 -2.122613
127.200000 -2.156872
127.250000 -2.174001
127.300000 -2.204835
127.350000 -2.269926
127.400000 -2.335018
127.450000 -2.400110
127.500000 -2.458350
127.550000 -2.478906
127.600000 -2.499461
127.650000 -2.530294
127.700000 -2.533720
127.750000 -2.482331
127.800000 -2.427517
127.850000 -2.382981
127.900000 -2.307611
127.950000 -2.245945
128.000000 -2.215112
128.050000 -2.194557
128.100000 -2.177427
128.150000 -2.187705
128.200000 -2.221964
128.250000 -2.293908
128.300000 -2.427517
128.350000 -2.567979
128.400000 -2.667330
128.450000 -2.787235
128.500000 -2.924271
128.550000 -3.013344
128.600000 -3.033899
128.650000 -3.027048
128.700000 -2.982511
128.750000 -2.879735
128.800000 -2.732421
128.850000 -2.557701
128.900000 -2.355574
128.950000 -2.167150
129.000000 -1.999281
129.050000 -1.865671
129.100000 -1.780024
129.150000 -1.742339
129.200000 -1.762894
129.250000 -1.845116
129.300000 -1.978726
129.350000 -2.126039
129.400000 -2.290482
129.450000 -2.485758
129.500000 -2.660478
129.550000 -2.756403
129.600000 -2.790662
129.650000 -2.773532
129.700000 -2.687885
129.750000 -2.533720
129.800000 -2.348722
129.850000 -2.143169
129.900000 -1.910207
129.950000 -1.684099
130.000000 -1.488823
130.050000 -1.327807
130.100000 -1.221604
130.150000 -1.180493
130.200000 -1.183919
130.250000 -1.228456
130.300000 -1.341510
130.350000 -1.478545
130.400000 -1.625859
130.450000 -1.786876
130.500000 -1.944467
130.550000 -2.057521
130.600000 -2.146595
130.650000 -2.239093
130.700000 -2.307612
130.750000 -2.341870
130.800000 -2.369277
130.850000 -2.376129
130.900000 -2.352148
130.950000 -2.321315
131.000000 -2.293907
131.050000 -2.242519
131.100000 -2.180853
131.150000 -2.105483
131.200000 -2.030114
131.250000 -1.965022
131.300000 -1.920485
131.350000 -1.865672
131.400000 -1.817709
131.450000 -1.814283
131.500000 -1.851968
131.550000 -1.889652
131.600000 -1.923912
131.650000 -1.978725
131.700000 -2.057521
131.750000 -2.132891
131.800000 -2.211686
131.850000 -2.314463
131.900000 -2.403536
131.950000 -2.454924
132.000000 -2.509738
132.050000 -2.564553
132.100000 -2.591960
132.150000 -2.602238
132.200000 -2.626219
132.250000 -2.633071
132.300000 -2.626219
132.350000 -2.653626
132.400000 -2.684459
132.450000 -2.674182
132.500000 -2.653626
132.550000 -2.653626
132.600000 -2.612515
132.650000 -2.526868
132.700000 -2.441221
132.750000 -2.338444
132.800000 -2.191131
132.850000 -2.036966
132.900000 -1.879375
132.950000 -1.701228
133.000000 -1.547063
133.050000 -1.427157
133.100000 -1.314103
133.150000 -1.228456
133.200000 -1.225030
133.250000 -1.272992
133.300000 -1.344936
133.350000 -1.461416
133.400000 -1.608730
133.450000 -1.762895
133.500000 -1.923912
133.550000 -2.071225
133.600000 -2.177427
133.650000 -2.252797
133.700000 -2.314463
133.750000 -2.341870
133.800000 -2.314463
133.850000 -2.225390
133.900000 -2.102057
133.950000 -1.968448
134.000000 -1.831413
134.050000 -1.687525
134.100000 -1.557341
134.150000 -1.478546
134.200000 -1.430583
134.250000 -1.420306
134.300000 -1.457990
134.350000 -1.526509
134.400000 -1.622433
134.450000 -1.769746
134.500000 -1.937615
134.550000 -2.078077
134.600000 -2.191131
134.650000 -2.304185
134.700000 -2.389832
134.750000 -2.417239
134.800000 -2.417239
134.850000 -2.396685
134.900000 -2.321315
134.950000 -2.228815
135.000000 -2.167150
135.050000 -2.129465
135.100000 -2.074650
135.150000 -2.033540
135.200000 -2.030114
135.250000 -2.057521
135.300000 -2.081502
135.350000 -2.095206
135.400000 -2.112336
135.450000 -2.156872
135.500000 -2.211687
135.550000 -2.218538
135.600000 -2.194557
135.650000 -2.177428
135.700000 -2.153446
135.750000 -2.108909
135.800000 -2.071224
135.850000 -2.060947
135.900000 -2.067799
135.950000 -2.088355
136.000000 -2.115762
136.050000 -2.146594
136.100000 -2.197982
136.150000 -2.235667
136.200000 -2.228815
136.250000 -2.221963
136.300000 -2.242519
136.350000 -2.266500
136.400000 -2.256222
136.450000 -2.249371
136.500000 -2.266500
136.550000 -2.283630
136.600000 -2.317889
136.650000 -2.379555
136.700000 -2.472054
136.750000 -2.567978
136.800000 -2.646774
136.850000 -2.698163
136.900000 -2.722144
136.950000 -2.701589
137.000000 -2.626219
137.050000 -2.530294
137.100000 -2.424091
137.150000 -2.283630
137.200000 -2.119188
137.250000 -1.985578
137.300000 -1.893079
137.350000 -1.804005
137.400000 -1.756043
137.450000 -1.786875
137.500000 -1.845116
137.550000 -1.896505
137.600000 -1.958171
137.650000 -2.009559
137.700000 -2.036966
137.750000 -2.050669
137.800000 -2.026688
137.850000 -1.951319
137.900000 -1.875949
137.950000 -1.824560
138.000000 -1.745765
138.050000 -1.670395
138.100000 -1.666970
138.150000 -1.690951
138.200000 -1.690951
138.250000 -1.704654
138.300000 -1.756043
138.350000 -1.790301
138.400000 -1.821135
138.450000 -1.875949
138.500000 -1.903356
138.550000 -1.848541
138.600000 -1.797153
138.650000 -1.776599
138.700000 -1.756043
138.750000 -1.735488
138.800000 -1.745765
138.850000 -1.773172
138.900000 -1.824560
138.950000 -1.903356
139.000000 -2.002707
139.050000 -2.115761
139.100000 -2.249371
139.150000 -2.389832
139.200000 -2.509739
139.250000 -2.595386
139.300000 -2.633070
139.350000 -2.602238
139.400000 -2.540572
139.450000 -2.492610
139.500000 -2.424091
139.550000 -2.293907
139.600000 -2.156872
139.650000 -2.050669
139.700000 -1.941041
139.750000 -1.831413
139.800000 -1.762895
139.850000 -1.728636
139.900000 -1.708080
139.950000 -1.708080
140.000000 -1.714932
140.050000 -1.711506
140.100000 -1.721784
140.150000 -1.735487
140.200000 -1.732062
140.250000 -1.725209
140.300000 -1.766320
140.350000 -1.807431
140.400000 -1.831413
140.450000 -1.875949
140.500000 -1.934189
140.550000 -1.958170
140.600000 -1.947892
140.650000 -1.951319
140.700000 -1.920486
140.750000 -1.824560
140.800000 -1.708080
140.850000 -1.612156
140.900000 -1.526508
140.950000 -1.468268
141.000000 -1.461417
141.050000 -1.516231
141.100000 -1.629285
141.150000 -1.776598
141.200000 -1.937615
141.250000 -2.095206
141.300000 -2.215112
141.350000 -2.290481
141.400000 -2.331592
141.450000 -2.341870
141.500000 -2.283630
141.550000 -2.170575
141.600000 -2.054096
141.650000 -1.947893
141.700000 -1.821134
141.750000 -1.711506
141.800000 -1.660118
141.850000 -1.666969
141.900000 -1.694377
141.950000 -1.735487
142.000000 -1.814283
142.050000 -1.944466
142.100000 -2.091780
142.150000 -2.225390
142.200000 -2.345296
142.250000 -2.482332
142.300000 -2.626219
142.350000 -2.725570
142.400000 -2.763255
142.450000 -2.776958
142.500000 -2.766680
142.550000 -2.694737
142.600000 -2.574831
142.650000 -2.458350
142.700000 -2.341870
142.750000 -2.204834
142.800000 -2.060947
142.850000 -1.927338
142.900000 -1.824560
142.950000 -1.776598
143.000000 -1.790302
143.050000 -1.838264
143.100000 -1.923912
143.150000 -2.054096
143.200000 -2.208260
143.250000 -2.355574
143.300000 -2.478905
143.350000 -2.561127
143.400000 -2.609089
143.450000 -2.612516
143.500000 -2.567978
143.550000 -2.482332
143.600000 -2.359000
143.650000 -2.191131
143.700000 -2.002707
143.750000 -1.824560
143.800000 -1.677247
143.850000 -1.553916
143.900000 -1.488823
143.950000 -1.488823
144.000000 -1.536786
144.050000 -1.615581
144.100000 -1.718358
144.150000 -1.834838
144.200000 -1.930763
144.250000 -2.009558
144.300000 -2.084928
144.350000 -2.129465
144.400000 -2.115761
144.450000 -2.084928
144.500000 -2.033540
144.550000 -1.944467
144.600000 -1.824560
144.650000 -1.701229
144.700000 -1.581322
144.750000 -1.492249
144.800000 -1.457990
144.850000 -1.454564
144.900000 -1.485397
144.950000 -1.571044
145.000000 -1.670395
145.050000 -1.769746
145.100000 -1.896504
145.150000 -2.047243
145.200000 -2.167150
145.250000 -2.259648
145.300000 -2.345296
145.350000 -2.389832
145.400000 -2.365851
145.450000 -2.311037
145.500000 -2.239093
145.550000 -2.126039
145.600000 -1.995855
145.650000 -1.889652
145.700000 -1.834838
145.750000 -1.821134
145.800000 -1.821134
145.850000 -1.841690
145.900000 -1.899930
145.950000 -1.985577
146.000000 -2.060947
146.050000 -2.112335
146.100000 -2.156872
146.150000 -2.184279
146.200000 -2.156872
146.250000 -2.095206
146.300000 -2.019836
146.350000 -1.927337
146.400000 -1.817709
146.450000 -1.742339
146.500000 -1.735488
146.550000 -1.735488
146.600000 -1.732062
146.650000 -1.759468
146.700000 -1.834838
146.750000 -1.913634
146.800000 -1.995855
146.850000 -2.074650
146.900000 -2.139742
146.950000 -2.197983
147.000000 -2.256223
147.050000 -2.300759
147.100000 -2.358999
147.150000 -2.424091
147.200000 -2.451499
147.250000 -2.472054
147.300000 -2.509738
147.350000 -2.496035
147.400000 -2.417240
147.450000 -2.365851
147.500000 -2.321315
147.550000 -2.204834
147.600000 -2.064373
147.650000 -1.982151
147.700000 -1.927337
147.750000 -1.875949
147.800000 -1.869098
147.850000 -1.920486
147.900000 -1.995855
147.950000 -2.084928
148.000000 -2.194557
148.050000 -2.311037
148.100000 -2.406961
148.150000 -2.458350
148.200000 -2.472054
148.250000 -2.454924
148.300000 -2.413814
148.350000 -2.331592
148.400000 -2.239094
148.450000 -2.156872
148.500000 -2.088354
148.550000 -2.033540
148.600000 -1.999281
148.650000 -1.985578
148.700000 -1.975300
148.750000 -1.965023
148.800000 -1.965022
148.850000 -1.975300
148.900000 -1.975300
148.950000 -1.954744
149.000000 -1.941041
149.050000 -1.927338
149.100000 -1.917059
149.150000 -1.893078
149.200000 -1.855394
149.250000 -1.810857
149.300000 -1.773172
149.350000 -1.756042
149.400000 -1.735488
149.450000 -1.735487
149.500000 -1.756043
149.550000 -1.769747
149.600000 -1.790301
149.650000 -1.845115
149.700000 -1.906781
149.750000 -1.968448
149.800000 -2.040392
149.850000 -2.108910
149.900000 -2.150021
149.950000 -2.215112
150.000000 -2.300760
150.050000 -2.355573
150.100000 -2.403536
150.150000 -2.451498
150.200000 -2.478905
150.250000 -2.468628
150.300000 -2.444646
150.350000 -2.382981
150.400000 -2.273353
150.450000 -2.163724
150.500000 -2.074650
150.550000 -1.975300
150.600000 -1.865671
150.650000 -1.769746
150.700000 -1.697802
150.750000 -1.656692
150.800000 -1.660118
150.850000 -1.701229
150.900000 -1.759469
150.950000 -1.814283
151.000000 -1.886227
151.050000 -1.995855
151.100000 -2.112335
151.150000 -2.211686
151.200000 -2.307611
151.250000 -2.420666
151.300000 -2.520016
151.350000 -2.598811
151.400000 -2.681033
151.450000 -2.763254
151.500000 -2.811216
151.550000 -2.811216
151.600000 -2.773533
151.650000 -2.691311
151.700000 -2.571405
151.750000 -2.434369
151.800000 -2.290481
151.850000 -2.146594
151.900000 -1.995855
151.950000 -1.869097
152.000000 -1.783450
152.050000 -1.752617
152.100000 -1.745765
152.150000 -1.742339
152.200000 -1.762895
152.250000 -1.824560
152.300000 -1.903356
152.350000 -1.961596
152.400000 -2.023262
152.450000 -2.122613
152.500000 -2.252797
152.550000 -2.386407
152.600000 -2.499461
152.650000 -2.574831
152.700000 -2.629645
152.750000 -2.657052
152.800000 -2.615941
152.850000 -2.530294
152.900000 -2.434369
152.950000 -2.300759
153.000000 -2.105484
153.050000 -1.899930
153.100000 -1.721784
153.150000 -1.564193
153.200000 -1.437435
153.250000 -1.375769
153.300000 -1.365491
153.350000 -1.406602
153.400000 -1.509379
153.450000 -1.646415
153.500000 -1.790302
153.550000 -1.947892
153.600000 -2.102057
153.650000 -2.256223
153.700000 -2.406962
153.750000 -2.537146
153.800000 -2.605664
153.850000 -2.629645
153.900000 -2.626218
153.950000 -2.564553
154.000000 -2.444647
154.050000 -2.317889
154.100000 -2.218538
154.150000 -2.132891
154.200000 -2.057521
154.250000 -2.009558
154.300000 -2.009559
154.350000 -2.047244
154.400000 -2.126039
154.450000 -2.235668
154.500000 -2.341870
154.550000 -2.413814
154.600000 -2.454925
154.650000 -2.468628
154.700000 -2.437795
154.750000 -2.372703
154.800000 -2.311037
154.850000 -2.239093
154.900000 -2.136317
154.950000 -2.043817
155.000000 -2.009559
155.050000 -2.002707
155.100000 -1.992429
155.150000 -1.971874
155.200000 -1.982151
155.250000 -2.019836
155.300000 -2.047243
155.350000 -2.033540
155.400000 -1.999281
155.450000 -1.965022
155.500000 -1.917060
155.550000 -1.858820
155.600000 -1.814283
155.650000 -1.793728
155.700000 -1.790302
155.750000 -1.821135
155.800000 -1.858819
155.850000 -1.889653
155.900000 -1.917060
155.950000 -1.944466
156.000000 -1.961596
156.050000 -1.968448
156.100000 -1.971873
156.150000 -1.978726
156.200000 -1.965022
156.250000 -1.937615
156.300000 -1.927337
156.350000 -1.920485
156.400000 -1.893078
156.450000 -1.869097
156.500000 -1.879375
156.550000 -1.903356
156.600000 -1.917060
156.650000 -1.920486
156.700000 -1.930763
156.750000 -1.937615
156.800000 -1.954744
156.850000 -1.982152
156.900000 -2.016410
156.950000 -2.054095
157.000000 -2.105484
157.050000 -2.177427
157.100000 -2.242519
157.150000 -2.276778
157.200000 -2.269926
157.250000 -2.252797
157.300000 -2.218538
157.350000 -2.150020
157.400000 -2.043817
157.450000 -1.927337
157.500000 -1.827987
157.550000 -1.735487
157.600000 -1.625859
157.650000 -1.543638
157.700000 -1.529934
157.750000 -1.577896
157.800000 -1.660118
157.850000 -1.780024
157.900000 -1.958170
157.950000 -2.160297
158.000000 -2.331592
158.050000 -2.482332
158.100000 -2.650200
158.150000 -2.787236
158.200000 -2.848902
158.250000 -2.848902
158.300000 -2.831773
158.350000 -2.749551
158.400000 -2.574831
158.450000 -2.372703
158.500000 -2.197982
158.550000 -2.033540
158.600000 -1.875949
158.650000 -1.769747
158.700000 -1.735487
158.750000 -1.756043
158.800000 -1.807431
158.850000 -1.889653
158.900000 -2.030114
158.950000 -2.201409
159.000000 -2.355574
159.050000 -2.461776
159.100000 -2.540572
159.150000 -2.598812
159.200000 -2.609090
159.250000 -2.543997
159.300000 -2.413813
159.350000 -2.259648
159.400000 -2.122614
159.450000 -1.992429
159.500000 -1.893079
159.550000 -1.821134
159.600000 -1.776599
159.650000 -1.786875
159.700000 -1.862246
159.750000 -1.934190
159.800000 -1.965023
159.850000 -2.016410
159.900000 -2.088354
159.950000 -2.112336
160.000000 -2.122613
160.050000 -2.174001
160.100000 -2.204835
160.150000 -2.191131
160.200000 -2.187705
160.250000 -2.187705
160.300000 -2.180853
160.350000 -2.167150
160.400000 -2.156872
160.450000 -2.143169
160.500000 -2.136317
160.550000 -2.150020
160.600000 -2.132890
160.650000 -2.084928
160.700000 -2.054095
160.750000 -2.064373
160.800000 -2.095206
160.850000 -2.122613
160.900000 -2.180854
160.950000 -2.300760
161.000000 -2.461776
161.050000 -2.609089
161.100000 -2.722144
161.150000 -2.814642
161.200000 -2.859180
161.250000 -2.828347
161.300000 -2.749551
161.350000 -2.643348
161.400000 -2.458350
161.450000 -2.204835
161.500000 -1.944466
161.550000 -1.687525
161.600000 -1.430584
161.650000 -1.245585
161.700000 -1.170216
161.750000 -1.149660
161.800000 -1.173641
161.850000 -1.303825
161.900000 -1.519656
161.950000 -1.766321
162.000000 -2.033540
162.050000 -2.304185
162.100000 -2.543997
162.150000 -2.776958
162.200000 -2.972234
162.250000 -3.068159
162.300000 -3.095566
162.350000 -3.102418
162.400000 -3.051030
162.450000 -2.896864
162.500000 -2.705014
162.550000 -2.509738
162.600000 -2.280204
162.650000 -2.026688
162.700000 -1.793728
162.750000 -1.567619
162.800000 -1.341510
162.850000 -1.166790
162.900000 -1.060587
162.950000 -1.022903
163.000000 -1.036606
163.050000 -1.098272
163.100000 -1.194197
163.150000 -1.324381
163.200000 -1.502527
163.250000 -1.708081
163.300000 -1.920485
163.350000 -2.129465
163.400000 -2.307611
163.450000 -2.434369
163.500000 -2.530294
163.550000 -2.581683
163.600000 -2.578257
163.650000 -2.533720
163.700000 -2.468628
163.750000 -2.362425
163.800000 -2.191131
163.850000 -2.030114
163.900000 -1.899930
163.950000 -1.749191
164.000000 -1.567619
164.050000 -1.420305
164.100000 -1.310677
164.150000 -1.197623
164.200000 -1.105123
164.250000 -1.057161
164.300000 -1.046884
164.350000 -1.057162
164.400000 -1.084568
164.450000 -1.139383
164.500000 -1.235308
164.550000 -1.382621
164.600000 -1.550490
164.650000 -1.725210
164.700000 -1.886227
164.750000 -2.040391
164.800000 -2.201409
164.850000 -2.355573
164.900000 -2.451498
164.950000 -2.478905
165.000000 -2.485758
165.050000 -2.468628
165.100000 -2.382980
165.150000 -2.239093
165.200000 -2.088354
165.250000 -1.951318
165.300000 -1.824560
165.350000 -1.732062
165.400000 -1.711506
165.450000 -1.728636
165.500000 -1.735488
165.550000 -1.759469
165.600000 -1.848542
165.650000 -1.944467
165.700000 -2.002707
165.750000 -2.043818
165.800000 -2.098632
165.850000 -2.156872
165.900000 -2.180853
165.950000 -2.139743
166.000000 -2.074651
166.050000 -2.064373
166.100000 -2.088354
166.150000 -2.074651
166.200000 -2.040392
166.250000 -2.036966
166.300000 -2.057521
166.350000 -2.064373
166.400000 -2.050670
166.450000 -2.009559
166.500000 -1.965022
166.550000 -1.934189
166.600000 -1.913634
166.650000 -1.879375
166.700000 -1.886227
166.750000 -1.917060
166.800000 -1.930763
166.850000 -1.934189
166.900000 -1.989003
166.950000 -2.074651
167.000000 -2.126039
167.050000 -2.156872
167.100000 -2.167150
167.150000 -2.153446
167.200000 -2.115761
167.250000 -2.091780
167.300000 -2.088354
167.350000 -2.074650
167.400000 -2.054095
167.450000 -2.084928
167.500000 -2.156872
167.550000 -2.197983
167.600000 -2.211687
167.650000 -2.263075
167.700000 -2.328166
167.750000 -2.328167
167.800000 -2.276778
167.850000 -2.221964
167.900000 -2.146594
167.950000 -2.030114
168.000000 -1.875949
168.050000 -1.714932
168.100000 -1.577896
168.150000 -1.468268
168.200000 -1.392899
168.250000 -1.386047
168.300000 -1.451138
168.350000 -1.553915
168.400000 -1.653266
168.450000 -1.786876
168.500000 -1.951319
168.550000 -2.091780
168.600000 -2.163724
168.650000 -2.204834
168.700000 -2.239093
168.750000 -2.245945
168.800000 -2.218538
168.850000 -2.174001
168.900000 -2.143168
168.950000 -2.136317
169.000000 -2.156872
169.050000 -2.194557
169.100000 -2.256223
169.150000 -2.359000
169.200000 -2.465202
169.250000 -2.571405
169.300000 -2.684459
169.350000 -2.770107
169.400000 -2.783810
169.450000 -2.749551
169.500000 -2.660478
169.550000 -2.513165
169.600000 -2.348722
169.650000 -2.228816
169.700000 -2.122614
169.750000 -2.016411
169.800000 -1.971874
169.850000 -1.999281
169.900000 -2.040392
169.950000 -2.064373
170.000000 -2.112336
170.050000 -2.204835
170.100000 -2.304185
170.150000 -2.369277
170.200000 -2.393259
170.250000 -2.410388
170.300000 -2.406962
170.350000 -2.379555
170.400000 -2.317889
170.450000 -2.242520
170.500000 -2.180853
170.550000 -2.119187
170.600000 -2.040392
170.650000 -1.937615
170.700000 -1.827986
170.750000 -1.711506
170.800000 -1.605304
170.850000 -1.533360
170.900000 -1.492249
170.950000 -1.464842
171.000000 -1.468269
171.050000 -1.519657
171.100000 -1.567619
171.150000 -1.595025
171.200000 -1.625859
171.250000 -1.653266
171.300000 -1.653266
171.350000 -1.632711
171.400000 -1.601878
171.450000 -1.560767
171.500000 -1.505952
171.550000 -1.434009
171.600000 -1.362065
171.650000 -1.334658
171.700000 -1.368918
171.750000 -1.434010
171.800000 -1.526509
171.850000 -1.653266
171.900000 -1.807432
171.950000 -1.937615
172.000000 -2.030114
172.050000 -2.081503
172.100000 -2.074651
172.150000 -2.012985
172.200000 -1.899931
172.250000 -1.745765
172.300000 -1.591600
172.350000 -1.488823
172.400000 -1.416880
172.450000 -1.372343
172.500000 -1.379195
172.550000 -1.444287
172.600000 -1.567619
172.650000 -1.725210
172.700000 -1.893078
172.750000 -2.040392
172.800000 -2.163723
172.850000 -2.259649
172.900000 -2.297334
172.950000 -2.280204
173.000000 -2.239093
173.050000 -2.184279
173.100000 -2.119188
173.150000 -2.057521
173.200000 -2.040392
173.250000 -2.043817
173.300000 -2.030114
173.350000 -2.033540
173.400000 -2.112335
173.450000 -2.228815
173.500000 -2.328167
173.550000 -2.410388
173.600000 -2.499461
173.650000 -2.578257
173.700000 -2.629645
173.750000 -2.667329
173.800000 -2.650200
173.850000 -2.578256
173.900000 -2.523442
173.950000 -2.485757
174.000000 -2.403536
174.050000 -2.297334
174.100000 -2.235667
174.150000 -2.170576
174.200000 -2.098631
174.250000 -2.081502
174.300000 -2.105483
174.350000 -2.115762
174.400000 -2.150020
174.450000 -2.232241
174.500000 -2.304185
174.550000 -2.338444
174.600000 -2.362425
174.650000 -2.338444
174.700000 -2.273352
174.750000 -2.201409
174.800000 -2.115761
174.850000 -2.006133
174.900000 -1.917059
174.950000 -1.838264
175.000000 -1.759468
175.050000 -1.714932
175.100000 -1.708080
175.150000 -1.714932
175.200000 -1.786875
175.250000 -1.920485
175.300000 -2.050669
175.350000 -2.174001
175.400000 -2.331592
175.450000 -2.458350
175.500000 -2.516591
175.550000 -2.574831
175.600000 -2.612515
175.650000 -2.571404
175.700000 -2.472054
175.750000 -2.376129
175.800000 -2.263074
175.850000 -2.139743
175.900000 -2.084928
175.950000 -2.078077
176.000000 -2.060947
176.050000 -2.081502
176.100000 -2.174002
176.150000 -2.263074
176.200000 -2.335018
176.250000 -2.441221
176.300000 -2.540572
176.350000 -2.585109
176.400000 -2.581683
176.450000 -2.537146
176.500000 -2.434369
176.550000 -2.287056
176.600000 -2.126039
176.650000 -1.968448
176.700000 -1.838264
176.750000 -1.749191
176.800000 -1.670396
176.850000 -1.625859
176.900000 -1.660118
176.950000 -1.732062
177.000000 -1.793728
177.050000 -1.875949
177.100000 -1.985578
177.150000 -2.060947
177.200000 -2.084928
177.250000 -2.091780
177.300000 -2.060947
177.350000 -1.971873
177.400000 -1.848542
177.450000 -1.732061
177.500000 -1.629284
177.550000 -1.529934
177.600000 -1.437435
177.650000 -1.389473
177.700000 -1.416880
177.750000 -1.495675
177.800000 -1.619007
177.850000 -1.804005
177.900000 -1.995855
177.950000 -2.136316
178.000000 -2.256222
178.050000 -2.345296
178.100000 -2.362425
178.150000 -2.355573
178.200000 -2.341870
178.250000 -2.266500
178.300000 -2.129464
178.350000 -2.019836
178.400000 -1.937615
178.450000 -1.889652
178.500000 -1.896504
178.550000 -1.930763
178.600000 -1.995855
178.650000 -2.146595
178.700000 -2.331592
178.750000 -2.444647
178.800000 -2.530294
178.850000 -2.615942
178.900000 -2.639922
178.950000 -2.585108
179.000000 -2.526868
179.050000 -2.448073
179.100000 -2.324740
179.150000 -2.218538
179.200000 -2.146595
179.250000 -2.084928
179.300000 -2.033540
179.350000 -2.012985
179.400000 -1.989004
179.450000 -1.989004
179.500000 -2.036966
179.550000 -2.081502
179.600000 -2.095205
179.650000 -2.098632
179.700000 -2.115762
179.750000 -2.136316
179.800000 -2.150020
179.850000 -2.180854
179.900000 -2.242519
179.950000 -2.338444
180.000000 -2.417240
180.050000 -2.472053
180.100000 -2.520016
180.150000 -2.571405
180.200000 -2.609089
180.250000 -2.636496
180.300000 -2.657051
180.350000 -2.650200
180.400000 -2.615942
180.450000 -2.574831
180.500000 -2.513164
180.550000 -2.430943
180.600000 -2.345296
180.650000 -2.259649
180.700000 -2.167150
180.750000 -2.091780
180.800000 -2.023263
180.850000 -1.930763
180.900000 -1.855393
180.950000 -1.824561
181.000000 -1.817709
181.050000 -1.838264
181.100000 -1.913634
181.150000 -1.992429
181.200000 -2.050670
181.250000 -2.139742
181.300000 -2.263074
181.350000 -2.338444
181.400000 -2.372703
181.450000 -2.403536
181.500000 -2.403536
181.550000 -2.365851
181.600000 -2.338444
181.650000 -2.307611
181.700000 -2.245945
181.750000 -2.187705
181.800000 -2.136317
181.850000 -2.060947
181.900000 -1.975299
181.950000 -1.917060
182.000000 -1.862245
182.050000 -1.821135
182.100000 -1.804005
182.150000 -1.780024
182.200000 -1.742339
182.250000 -1.735487
182.300000 -1.776599
182.350000 -1.824561
182.400000 -1.869097
182.450000 -1.913633
182.500000 -1.947893
182.550000 -1.982152
182.600000 -1.999281
182.650000 -1.995855
182.700000 -2.002707
182.750000 -2.016410
182.800000 -2.012985
182.850000 -1.999281
182.900000 -2.016411
182.950000 -2.036966
183.000000 -2.019836
183.050000 -1.999281
183.100000 -2.006133
183.150000 -1.985578
183.200000 -1.913634
183.250000 -1.834838
183.300000 -1.766320
183.350000 -1.694376
183.400000 -1.625859
183.450000 -1.584748
183.500000 -1.560767
183.550000 -1.547063
183.600000 -1.577897
183.650000 -1.666970
183.700000 -1.797153
183.750000 -1.944467
183.800000 -2.084928
183.850000 -2.221964
183.900000 -2.352148
183.950000 -2.454924
184.000000 -2.506313
184.050000 -2.526868
184.100000 -2.530294
184.150000 -2.506313
184.200000 -2.444646
184.250000 -2.352148
184.300000 -2.269926
184.350000 -2.204834
184.400000 -2.136317
184.450000 -2.057521
184.500000 -1.992429
184.550000 -1.934189
184.600000 -1.882800
184.650000 -1.848542
184.700000 -1.783450
184.750000 -1.701229
184.800000 -1.632710
184.850000 -1.581322
184.900000 -1.547064
184.950000 -1.553916
185.000000 -1.574471
185.050000 -1.577896
185.100000 -1.605304
185.150000 -1.687525
185.200000 -1.800580
185.250000 -1.920486
185.300000 -2.054096
185.350000 -2.184279
185.400000 -2.317889
185.450000 -2.465202
185.500000 -2.602238
185.550000 -2.701589
185.600000 -2.790661
185.650000 -2.845476
185.700000 -2.842050
185.750000 -2.814643
185.800000 -2.766680
185.850000 -2.643348
185.900000 -2.496035
185.950000 -2.406962
186.000000 -2.300759
186.050000 -2.153446
186.100000 -2.060947
186.150000 -2.064373
186.200000 -2.084928
186.250000 -2.136317
186.300000 -2.242519
186.350000 -2.372703
186.400000 -2.502887
186.450000 -2.643348
186.500000 -2.766680
186.550000 -2.828347
186.600000 -2.838624
186.650000 -2.807791
186.700000 -2.728996
186.750000 -2.615941
186.800000 -2.499461
186.850000 -2.358999
186.900000 -2.211686
186.950000 -2.088354
187.000000 -2.009559
187.050000 -1.978726
187.100000 -2.012984
187.150000 -2.095205
187.200000 -2.194557
187.250000 -2.324740
187.300000 -2.472054
187.350000 -2.581682
187.400000 -2.626219
187.450000 -2.629645
187.500000 -2.598812
187.550000 -2.509739
187.600000 -2.369277
187.650000 -2.221964
187.700000 -2.071225
187.750000 -1.910208
187.800000 -1.749191
187.850000 -1.608730
187.900000 -1.512805
187.950000 -1.478546
188.000000 -1.475120
188.050000 -1.499102
188.100000 -1.571044
188.150000 -1.673821
188.200000 -1.749191
188.250000 -1.821135
188.300000 -1.934189
188.350000 -2.047244
188.400000 -2.095206
188.450000 -2.119187
188.500000 -2.150021
188.550000 -2.150020
188.600000 -2.091780
188.650000 -2.012985
188.700000 -1.923911
188.750000 -1.807431
188.800000 -1.684099
188.850000 -1.595026
188.900000 -1.543637
