time[ns] Raw_signal[mV]
-11.150000 -0.273318
-11.100000 -0.324706
-11.050000 -0.358965
-11.000000 -0.382946
-10.950000 -0.369242
-10.900000 -0.345261
-10.850000 -0.324706
-10.800000 -0.269892
-10.750000 -0.173967
-10.700000 -0.095171
-10.650000 -0.054061
-10.600000 -0.002672
-10.550000 0.065846
-10.500000 0.106956
-10.450000 0.134364
-10.400000 0.141215
-10.350000 0.110382
-10.300000 0.055568
-10.250000 0.004180
-10.200000 -0.057487
-10.150000 -0.132856
-10.100000 -0.197948
-10.050000 -0.242484
-10.000000 -0.273318
-9.950000 -0.269891
-9.900000 -0.235633
-9.850000 -0.211651
-9.800000 -0.201374
-9.750000 -0.167114
-9.700000 -0.115726
-9.650000 -0.088320
-9.600000 -0.074615
-9.550000 -0.036931
-9.500000 0.014458
-9.450000 0.041865
-9.400000 0.089827
-9.350000 0.168622
-9.300000 0.237140
-9.250000 0.285102
-9.200000 0.360472
-9.150000 0.428990
-9.100000 0.452972
-9.050000 0.456397
-9.000000 0.463248
-8.950000 0.449546
-8.900000 0.398156
-8.850000 0.315935
-8.800000 0.233715
-8.750000 0.172049
-8.700000 0.093253
-8.650000 -0.006098
-8.600000 -0.098598
-8.550000 -0.149985
-8.500000 -0.197948
-8.450000 -0.235632
-8.400000 -0.232207
-8.350000 -0.208225
-8.300000 -0.208225
-8.250000 -0.177393
-8.200000 -0.064338
-8.150000 0.055568
-8.100000 0.141216
-8.050000 0.237140
-8.000000 0.363898
-7.950000 0.470100
-7.900000 0.531766
-7.850000 0.583155
-7.800000 0.600284
-7.750000 0.572878
-7.700000 0.535192
-7.650000 0.497508
-7.600000 0.439268
-7.550000 0.381028
-7.500000 0.339917
-7.450000 0.295380
-7.400000 0.254269
-7.350000 0.257696
-7.300000 0.274825
-7.250000 0.261121
-7.200000 0.271399
-7.150000 0.322787
-7.100000 0.357047
-7.050000 0.339917
-7.000000 0.329639
-6.950000 0.343343
-6.900000 0.336491
-6.850000 0.305658
-6.800000 0.257696
-6.750000 0.202881
-6.700000 0.141215
-6.650000 0.082976
-6.600000 0.028161
-6.550000 -0.023228
-6.500000 -0.071190
-6.450000 -0.119152
-6.400000 -0.160263
-6.350000 -0.163689
-6.300000 -0.122578
-6.250000 -0.071190
-6.200000 -0.019802
-6.150000 0.052142
-6.100000 0.120659
-6.050000 0.151493
-6.000000 0.185751
-5.950000 0.240566
-5.900000 0.257696
-5.850000 0.237140
-5.800000 0.230288
-5.750000 0.209733
-5.700000 0.148067
-5.650000 0.103530
-5.600000 0.113808
-5.550000 0.141215
-5.500000 0.165197
-5.450000 0.196030
-5.400000 0.264547
-5.350000 0.353620
-5.300000 0.435842
-5.250000 0.490656
-5.200000 0.531767
-5.150000 0.562599
-5.100000 0.552322
-5.050000 0.473526
-5.000000 0.363898
-4.950000 0.240566
-4.900000 0.103530
-4.850000 -0.054061
-4.800000 -0.215077
-4.750000 -0.334984
-4.700000 -0.396650
-4.650000 -0.424056
-4.600000 -0.417205
-4.550000 -0.345262
-4.500000 -0.239059
-4.450000 -0.139708
-4.400000 -0.023227
-4.350000 0.124086
-4.300000 0.250843
-4.250000 0.333065
-4.200000 0.381027
-4.150000 0.391305
-4.100000 0.350194
-4.050000 0.274825
-4.000000 0.185752
-3.950000 0.093252
-3.900000 0.017883
-3.850000 -0.026653
-3.800000 -0.033505
-3.750000 -0.002672
-3.700000 0.048716
-3.650000 0.089827
-3.600000 0.134364
-3.550000 0.196030
-3.500000 0.240566
-3.450000 0.233715
-3.400000 0.223437
-3.350000 0.237140
-3.300000 0.151493
-3.250000 -0.064338
-3.200000 -0.187670
-3.150000 -0.156837
-3.100000 -0.228781
-3.050000 -0.434334
-3.000000 -0.472019
-2.950000 -0.348688
-2.900000 -0.321280
-2.850000 -0.338409
-2.800000 -0.259614
-2.750000 -0.215077
-2.700000 -0.149986
-2.650000 0.096678
-2.600000 0.309084
-2.550000 0.285103
-2.500000 0.339917
-2.450000 0.569452
-2.400000 0.590007
-2.350000 0.459823
-2.300000 0.514638
-2.250000 0.586581
-2.200000 0.432416
-2.150000 0.357046
-2.100000 0.487230
-2.050000 0.439268
-2.000000 0.161771
-1.950000 -0.009524
-1.900000 -0.026653
-1.850000 -0.006098
-1.800000 0.041865
-1.750000 0.017884
-1.700000 -0.129430
-1.650000 -0.153412
-1.600000 -0.030079
-1.550000 -0.026654
-1.500000 -0.057487
-1.450000 0.134363
-1.400000 0.363898
-1.350000 0.422138
-1.300000 0.452971
-1.250000 0.490656
-1.200000 0.415286
-1.150000 0.422139
-1.100000 0.600285
-1.050000 0.548896
-1.000000 0.226863
-0.950000 0.141215
-0.900000 0.298806
-0.850000 0.261121
-0.800000 0.151493
-0.750000 0.233714
-0.700000 0.278251
-0.650000 0.141215
-0.600000 0.082975
-0.550000 0.124086
-0.500000 0.028161
-0.450000 -0.119152
-0.400000 -0.146560
-0.350000 -0.143134
-0.300000 -0.211652
-0.250000 -0.287021
-0.200000 -0.341836
-0.150000 -0.376094
-0.100000 -0.389797
-0.050000 -0.372668
0.000000 -0.324706
0.050000 -0.263040
0.100000 -0.276743
0.150000 -0.334984
0.200000 -0.263040
0.250000 -0.105448
0.300000 -0.102023
0.350000 -0.173967
0.400000 -0.071190
0.450000 0.148067
0.500000 0.261121
0.550000 0.315935
0.600000 0.432416
0.650000 0.511212
0.700000 0.511212
0.750000 0.562599
0.800000 0.720191
0.850000 0.908615
0.900000 1.168983
0.950000 1.614347
1.000000 2.289248
1.050000 3.183405
1.100000 4.361912
1.150000 5.910415
1.200000 7.811783
1.250000 10.048887
1.300000 12.614877
1.350000 15.458375
1.400000 18.435472
1.450000 21.450256
1.500000 24.489015
1.550000 27.531209
1.600000 30.463766
1.650000 33.177075
1.700000 35.677972
1.750000 37.963040
1.800000 39.980894
1.850000 41.700685
1.900000 43.197805
1.950000 44.506495
2.000000 45.554815
2.050000 46.315355
2.100000 46.832665
2.150000 47.127295
2.200000 47.158125
2.250000 46.890905
2.300000 46.298235
2.350000 45.380095
2.400000 44.167335
2.450000 42.697625
2.500000 40.974395
2.550000 39.018225
2.600000 36.839345
2.650000 34.465215
2.700000 32.015695
2.750000 29.555915
2.800000 27.051585
2.850000 24.543835
2.900000 22.203955
2.950000 20.107306
3.000000 18.188800
3.050000 16.506690
3.100000 15.177449
3.150000 14.180513
3.200000 13.481632
3.250000 13.135616
3.300000 13.111638
3.350000 13.276075
3.400000 13.618666
3.450000 14.207915
3.500000 14.958188
3.550000 15.746143
3.600000 16.544380
3.650000 17.349464
3.700000 18.079175
3.750000 18.695838
3.800000 19.216572
3.850000 19.603701
3.900000 19.802400
3.950000 19.843506
4.000000 19.785265
4.050000 19.603694
4.100000 19.243976
4.150000 18.719819
4.200000 18.089456
4.250000 17.346039
4.300000 16.462153
4.350000 15.482351
4.400000 14.488843
4.450000 13.457650
4.500000 12.364791
4.550000 11.254803
4.600000 10.199629
4.650000 9.209547
4.700000 8.287982
4.750000 7.469194
4.800000 6.770313
4.850000 6.218745
4.900000 5.841896
4.950000 5.622639
5.000000 5.523288
5.050000 5.540418
5.100000 5.670602
5.150000 5.865878
5.200000 6.105690
5.250000 6.403742
5.300000 6.715499
5.350000 7.037532
5.400000 7.356140
5.450000 7.630211
5.500000 7.859746
5.550000 8.079002
5.600000 8.298259
5.650000 8.483257
5.700000 8.623719
5.750000 8.695663
5.800000 8.685385
5.850000 8.623719
5.900000 8.517516
5.950000 8.322241
6.000000 8.068725
6.050000 7.801505
6.100000 7.469194
6.150000 7.051236
6.200000 6.616148
6.250000 6.160504
6.300000 5.663750
6.350000 5.190977
6.400000 4.803851
6.450000 4.420152
6.500000 4.002194
6.550000 3.615067
6.600000 3.282756
6.650000 2.967575
6.700000 2.693503
6.750000 2.481098
6.800000 2.340636
6.850000 2.268693
6.900000 2.227582
6.950000 2.200175
7.000000 2.237860
7.050000 2.361192
7.100000 2.508505
7.150000 2.669522
7.200000 2.864798
7.250000 3.070352
7.300000 3.275905
7.350000 3.491736
7.400000 3.659604
7.450000 3.741825
7.500000 3.786362
7.550000 3.813770
7.600000 3.776085
7.650000 3.683586
7.700000 3.584235
7.750000 3.464328
7.800000 3.306737
7.850000 3.152573
7.900000 2.984704
7.950000 2.799706
8.000000 2.628411
8.050000 2.477672
8.100000 2.299526
8.150000 2.107676
8.200000 1.926104
8.250000 1.747957
8.300000 1.566386
8.350000 1.395091
8.400000 1.227222
8.450000 1.035373
8.500000 0.857227
8.550000 0.723617
8.600000 0.641395
8.650000 0.586581
8.700000 0.548896
8.750000 0.535193
8.800000 0.548896
8.850000 0.576304
8.900000 0.603710
8.950000 0.658524
9.000000 0.703061
9.050000 0.716765
9.100000 0.723617
9.150000 0.737320
9.200000 0.751024
9.250000 0.737320
9.300000 0.720191
9.350000 0.720190
9.400000 0.737320
9.450000 0.757876
9.500000 0.802412
9.550000 0.888059
9.600000 0.990836
9.650000 1.097039
9.700000 1.186112
9.750000 1.251204
9.800000 1.282037
9.850000 1.275185
9.900000 1.230649
9.950000 1.168983
10.000000 1.093613
10.050000 0.994262
10.100000 0.877782
10.150000 0.781856
10.200000 0.682506
10.250000 0.572878
10.300000 0.480379
10.350000 0.398157
10.400000 0.309084
10.450000 0.216585
10.500000 0.113809
10.550000 -0.023227
10.600000 -0.136282
10.650000 -0.204800
10.700000 -0.290446
10.750000 -0.393224
10.800000 -0.441187
10.850000 -0.420631
10.900000 -0.386372
10.950000 -0.338409
11.000000 -0.273317
11.050000 -0.228781
11.100000 -0.191096
11.150000 -0.129430
11.200000 -0.078041
11.250000 -0.019802
11.300000 0.058994
11.350000 0.130938
11.400000 0.192604
11.450000 0.312510
11.500000 0.466675
11.550000 0.603711
11.600000 0.744172
11.650000 0.915466
11.700000 1.066206
11.750000 1.175834
11.800000 1.285463
11.850000 1.350555
11.900000 1.312869
11.950000 1.216944
12.000000 1.110743
12.050000 0.942874
12.100000 0.709912
12.150000 0.473526
12.200000 0.261122
12.250000 0.045291
12.300000 -0.170541
12.350000 -0.365817
12.400000 -0.523407
12.450000 -0.643314
12.500000 -0.732387
12.550000 -0.780349
12.600000 -0.783775
12.650000 -0.780349
12.700000 -0.776924
12.750000 -0.746090
12.800000 -0.684424
12.850000 -0.633036
12.900000 -0.595351
12.950000 -0.543963
13.000000 -0.468593
13.050000 -0.396649
13.100000 -0.314428
13.150000 -0.215078
13.200000 -0.119152
13.250000 -0.033505
13.300000 0.031587
13.350000 0.069271
13.400000 0.093253
13.450000 0.117234
13.500000 0.124086
13.550000 0.079550
13.600000 -0.002673
13.650000 -0.098598
13.700000 -0.191096
13.750000 -0.269892
13.800000 -0.328131
13.850000 -0.369243
13.900000 -0.369243
13.950000 -0.321280
14.000000 -0.259614
14.050000 -0.204800
14.100000 -0.153412
14.150000 -0.067764
14.200000 0.024735
14.250000 0.058994
14.300000 0.024735
14.350000 -0.067764
14.400000 -0.194522
14.450000 -0.345261
14.500000 -0.519982
14.550000 -0.677573
14.600000 -0.807756
14.650000 -0.920810
14.700000 -0.999606
14.750000 -1.006458
14.800000 -0.948218
14.850000 -0.862571
14.900000 -0.752942
14.950000 -0.609055
15.000000 -0.451464
15.050000 -0.317854
15.100000 -0.201374
15.150000 -0.108874
15.200000 -0.071190
15.250000 -0.074616
15.300000 -0.084894
15.350000 -0.102023
15.400000 -0.139707
15.450000 -0.187670
15.500000 -0.232207
15.550000 -0.259614
15.600000 -0.259614
15.650000 -0.252762
15.700000 -0.256188
15.750000 -0.266465
15.800000 -0.293873
15.850000 -0.321280
15.900000 -0.362391
15.950000 -0.424057
16.000000 -0.485723
16.050000 -0.526833
16.100000 -0.564518
16.150000 -0.622758
16.200000 -0.667295
16.250000 -0.667295
16.300000 -0.657017
16.350000 -0.653591
16.400000 -0.629610
16.450000 -0.571370
16.500000 -0.519981
16.550000 -0.489148
16.600000 -0.444612
16.650000 -0.365816
16.700000 -0.304151
16.750000 -0.307577
16.800000 -0.331558
16.850000 -0.341835
16.900000 -0.372669
16.950000 -0.448037
17.000000 -0.526834
17.050000 -0.578222
17.100000 -0.629610
17.150000 -0.684424
17.200000 -0.728961
17.250000 -0.735812
17.300000 -0.722109
17.350000 -0.698128
17.400000 -0.657017
17.450000 -0.567944
17.500000 -0.468594
17.550000 -0.424057
17.600000 -0.417205
17.650000 -0.376094
17.700000 -0.321280
17.750000 -0.324706
17.800000 -0.365816
17.850000 -0.406927
17.900000 -0.454889
17.950000 -0.519981
18.000000 -0.567944
18.050000 -0.598777
18.100000 -0.619332
18.150000 -0.636462
18.200000 -0.626184
18.250000 -0.605629
18.300000 -0.598777
18.350000 -0.591925
18.400000 -0.557667
18.450000 -0.523408
18.500000 -0.519982
18.550000 -0.526833
18.600000 -0.509704
18.650000 -0.496000
18.700000 -0.502852
18.750000 -0.523407
18.800000 -0.533685
18.850000 -0.554240
18.900000 -0.595351
18.950000 -0.643314
19.000000 -0.657017
19.050000 -0.639887
19.100000 -0.643314
19.150000 -0.639888
19.200000 -0.602203
19.250000 -0.537111
19.300000 -0.482297
19.350000 -0.441186
19.400000 -0.406927
19.450000 -0.358965
19.500000 -0.324706
19.550000 -0.338410
19.600000 -0.400076
19.650000 -0.465167
19.700000 -0.567944
19.750000 -0.725535
19.800000 -0.865997
19.850000 -0.996180
19.900000 -1.157197
19.950000 -1.311362
20.000000 -1.386732
20.050000 -1.427843
20.100000 -1.458676
20.150000 -1.441546
20.200000 -1.362750
20.250000 -1.256548
20.300000 -1.136641
20.350000 -1.006458
20.400000 -0.872848
20.450000 -0.728961
20.500000 -0.609055
20.550000 -0.519982
20.600000 -0.451463
20.650000 -0.403501
20.700000 -0.400075
20.750000 -0.424057
20.800000 -0.448038
20.850000 -0.461742
20.900000 -0.478871
20.950000 -0.499427
21.000000 -0.496000
21.050000 -0.499426
21.100000 -0.537111
21.150000 -0.574795
21.200000 -0.602203
21.250000 -0.657017
21.300000 -0.766646
21.350000 -0.889978
21.400000 -0.992754
21.450000 -1.109235
21.500000 -1.225715
21.550000 -1.297658
21.600000 -1.301084
21.650000 -1.266825
21.700000 -1.194882
21.750000 -1.088679
21.800000 -0.961921
21.850000 -0.838590
21.900000 -0.722109
21.950000 -0.622758
22.000000 -0.533686
22.050000 -0.468593
22.100000 -0.475445
22.150000 -0.523408
22.200000 -0.537111
22.250000 -0.557667
22.300000 -0.633036
22.350000 -0.711832
22.400000 -0.732387
22.450000 -0.735812
22.500000 -0.752942
22.550000 -0.749517
22.600000 -0.711832
22.650000 -0.680999
22.700000 -0.660443
22.750000 -0.643314
22.800000 -0.643313
22.850000 -0.653591
22.900000 -0.657017
22.950000 -0.653591
23.000000 -0.657018
23.050000 -0.674146
23.100000 -0.708405
23.150000 -0.732386
23.200000 -0.728961
23.250000 -0.725535
23.300000 -0.732386
23.350000 -0.722109
23.400000 -0.708405
23.450000 -0.746091
23.500000 -0.818034
23.550000 -0.886551
23.600000 -0.948217
23.650000 -1.016736
23.700000 -1.102383
23.750000 -1.198308
23.800000 -1.259974
23.850000 -1.242844
23.900000 -1.208585
23.950000 -1.167474
24.000000 -1.071550
24.050000 -0.917385
24.100000 -0.770071
24.150000 -0.633036
24.200000 -0.506278
24.250000 -0.400075
24.300000 -0.345261
24.350000 -0.345262
24.400000 -0.396649
24.450000 -0.465167
24.500000 -0.550814
24.550000 -0.660444
24.600000 -0.759794
24.650000 -0.811182
24.700000 -0.835163
24.750000 -0.838590
24.800000 -0.783775
24.850000 -0.687850
24.900000 -0.612481
24.950000 -0.543962
25.000000 -0.465167
25.050000 -0.434335
25.100000 -0.489148
25.150000 -0.574795
25.200000 -0.663869
25.250000 -0.783775
25.300000 -0.941367
25.350000 -1.109235
25.400000 -1.253122
25.450000 -1.355899
25.500000 -1.427843
25.550000 -1.475804
25.600000 -1.462102
25.650000 -1.376454
25.700000 -1.270252
25.750000 -1.136642
25.800000 -0.965348
25.850000 -0.811182
25.900000 -0.728961
25.950000 -0.636462
26.000000 -0.509704
26.050000 -0.448038
26.100000 -0.465168
26.150000 -0.482297
26.200000 -0.492575
26.250000 -0.523408
26.300000 -0.550814
26.350000 -0.588499
26.400000 -0.646739
26.450000 -0.667295
26.500000 -0.657017
26.550000 -0.698127
26.600000 -0.752942
26.650000 -0.763220
26.700000 -0.790627
26.750000 -0.883126
26.800000 -0.955070
26.850000 -0.996180
26.900000 -1.092105
26.950000 -1.201733
27.000000 -1.259974
27.050000 -1.307936
27.100000 -1.376454
27.150000 -1.407287
27.200000 -1.366176
27.250000 -1.325066
27.300000 -1.301084
27.350000 -1.270251
27.400000 -1.215438
27.450000 -1.150345
27.500000 -1.105809
27.550000 -1.074976
27.600000 -1.040717
27.650000 -1.030439
27.700000 -1.064698
27.750000 -1.098957
27.800000 -1.126364
27.850000 -1.164049
27.900000 -1.198308
27.950000 -1.242844
28.000000 -1.280529
28.050000 -1.287380
28.100000 -1.249696
28.150000 -1.218863
28.200000 -1.191456
28.250000 -1.140067
28.300000 -1.105809
28.350000 -1.109234
28.400000 -1.129790
28.450000 -1.140067
28.500000 -1.174327
28.550000 -1.239419
28.600000 -1.311362
28.650000 -1.362750
28.700000 -1.414139
28.750000 -1.472379
28.800000 -1.523767
28.850000 -1.558027
28.900000 -1.561452
28.950000 -1.534045
29.000000 -1.496360
29.050000 -1.465527
29.100000 -1.434694
29.150000 -1.400436
29.200000 -1.373028
29.250000 -1.376454
29.300000 -1.383306
29.350000 -1.373028
29.400000 -1.328492
29.450000 -1.287381
29.500000 -1.249696
29.550000 -1.184605
29.600000 -1.068124
29.650000 -0.948217
29.700000 -0.876274
29.750000 -0.831737
29.800000 -0.800905
29.850000 -0.807756
29.900000 -0.859145
29.950000 -0.958495
30.000000 -1.095531
30.050000 -1.232567
30.100000 -1.359324
30.150000 -1.492934
30.200000 -1.602562
30.250000 -1.657377
30.300000 -1.701914
30.350000 -1.736173
30.400000 -1.705340
30.450000 -1.640248
30.500000 -1.616266
30.550000 -1.595711
30.600000 -1.547748
30.650000 -1.530619
30.700000 -1.571730
30.750000 -1.619693
30.800000 -1.671081
30.850000 -1.729321
30.900000 -1.784135
30.950000 -1.842375
31.000000 -1.886911
31.050000 -1.890338
31.100000 -1.869783
31.150000 -1.842375
31.200000 -1.780709
31.250000 -1.667654
31.300000 -1.575155
31.350000 -1.503212
31.400000 -1.400435
31.450000 -1.263400
31.500000 -1.133216
31.550000 -1.013310
31.600000 -0.896829
31.650000 -0.818034
31.700000 -0.773497
31.750000 -0.725535
31.800000 -0.684425
31.850000 -0.677572
31.900000 -0.715257
31.950000 -0.752942
32.000000 -0.766646
32.050000 -0.787201
32.100000 -0.845441
32.150000 -0.931089
32.200000 -1.006458
32.250000 -1.061273
32.300000 -1.126364
32.350000 -1.188030
32.400000 -1.205160
32.450000 -1.205160
32.500000 -1.215437
32.550000 -1.222289
32.600000 -1.194881
32.650000 -1.160623
32.700000 -1.133215
32.750000 -1.092105
32.800000 -1.023588
32.850000 -0.948218
32.900000 -0.893403
32.950000 -0.852293
33.000000 -0.790627
33.050000 -0.735813
33.100000 -0.732387
33.150000 -0.756368
33.200000 -0.783775
33.250000 -0.838589
33.300000 -0.913959
33.350000 -0.979051
33.400000 -1.040717
33.450000 -1.129790
33.500000 -1.222289
33.550000 -1.294233
33.600000 -1.355898
33.650000 -1.393583
33.700000 -1.400435
33.750000 -1.414139
33.800000 -1.414139
33.850000 -1.386732
33.900000 -1.362751
33.950000 -1.379880
34.000000 -1.417565
34.050000 -1.462102
34.100000 -1.513489
34.150000 -1.564878
34.200000 -1.626544
34.250000 -1.691636
34.300000 -1.725895
34.350000 -1.719043
34.400000 -1.688210
34.450000 -1.640248
34.500000 -1.568304
34.550000 -1.486082
34.600000 -1.397009
34.650000 -1.290806
34.700000 -1.184605
34.750000 -1.119513
34.800000 -1.092106
34.850000 -1.074976
34.900000 -1.071550
34.950000 -1.095531
35.000000 -1.146920
35.050000 -1.194882
35.100000 -1.259974
35.150000 -1.352473
35.200000 -1.451824
35.250000 -1.558026
35.300000 -1.664229
35.350000 -1.753302
35.400000 -1.832098
35.450000 -1.924597
35.500000 -1.986263
35.550000 -1.986263
35.600000 -1.972559
35.650000 -1.962282
35.700000 -1.917745
35.750000 -1.835523
35.800000 -1.753302
35.850000 -1.657377
35.900000 -1.527193
35.950000 -1.403861
36.000000 -1.321639
36.050000 -1.280529
36.100000 -1.273678
36.150000 -1.287381
36.200000 -1.311362
36.250000 -1.369602
36.300000 -1.479231
36.350000 -1.582007
36.400000 -1.640248
36.450000 -1.677932
36.500000 -1.705340
36.550000 -1.705339
36.600000 -1.684784
36.650000 -1.633396
36.700000 -1.544323
36.750000 -1.468953
36.800000 -1.420991
36.850000 -1.362751
36.900000 -1.287381
36.950000 -1.253122
37.000000 -1.253122
37.050000 -1.259973
37.100000 -1.301084
37.150000 -1.369602
37.200000 -1.417565
37.250000 -1.458675
37.300000 -1.510064
37.350000 -1.530619
37.400000 -1.516915
37.450000 -1.520341
37.500000 -1.520341
37.550000 -1.468953
37.600000 -1.397010
37.650000 -1.321640
37.700000 -1.222289
37.750000 -1.109234
37.800000 -1.009884
37.850000 -0.883126
37.900000 -0.766645
37.950000 -0.694702
38.000000 -0.619332
38.050000 -0.523407
38.100000 -0.485722
38.150000 -0.523407
38.200000 -0.554241
38.250000 -0.588499
38.300000 -0.677573
38.350000 -0.797479
38.400000 -0.910533
38.450000 -1.023587
38.500000 -1.143493
38.550000 -1.242844
38.600000 -1.325065
38.650000 -1.407288
38.700000 -1.489508
38.750000 -1.544323
38.800000 -1.568304
38.850000 -1.599137
38.900000 -1.643674
38.950000 -1.664229
39.000000 -1.647099
39.050000 -1.636822
39.100000 -1.643673
39.150000 -1.633395
39.200000 -1.619692
39.250000 -1.619693
39.300000 -1.616267
39.350000 -1.605989
39.400000 -1.619692
39.450000 -1.640247
39.500000 -1.667654
39.550000 -1.698487
39.600000 -1.715617
39.650000 -1.719043
39.700000 -1.760154
39.750000 -1.801265
39.800000 -1.777283
39.850000 -1.715617
39.900000 -1.722469
39.950000 -1.784135
40.000000 -1.811543
40.050000 -1.814968
40.100000 -1.873208
40.150000 -1.962282
40.200000 -2.034225
40.250000 -2.082188
40.300000 -2.102743
40.350000 -2.092465
40.400000 -2.044502
40.450000 -1.941726
40.500000 -1.797838
40.550000 -1.657377
40.600000 -1.513489
40.650000 -1.331918
40.700000 -1.160623
40.750000 -1.044143
40.800000 -0.975625
40.850000 -0.934514
40.900000 -0.958496
40.950000 -1.016736
41.000000 -1.050994
41.050000 -1.095531
41.100000 -1.170901
41.150000 -1.229141
41.200000 -1.242845
41.250000 -1.215437
41.300000 -1.164049
41.350000 -1.092105
41.400000 -1.023587
41.450000 -0.948218
41.500000 -0.879700
41.550000 -0.831738
41.600000 -0.797479
41.650000 -0.770071
41.700000 -0.773498
41.750000 -0.790627
41.800000 -0.814608
41.850000 -0.845441
41.900000 -0.889977
41.950000 -0.931088
42.000000 -0.958495
42.050000 -1.016735
42.100000 -1.088680
42.150000 -1.160623
42.200000 -1.249696
42.250000 -1.362751
42.300000 -1.486083
42.350000 -1.599137
42.400000 -1.695062
42.450000 -1.743024
42.500000 -1.732747
42.550000 -1.695062
42.600000 -1.633396
42.650000 -1.530619
42.700000 -1.393583
42.750000 -1.249696
42.800000 -1.102383
42.850000 -0.958495
42.900000 -0.852292
42.950000 -0.800904
43.000000 -0.790627
43.050000 -0.807757
43.100000 -0.869423
43.150000 -0.955070
43.200000 -1.023587
43.250000 -1.074976
43.300000 -1.105808
43.350000 -1.119512
43.400000 -1.109235
43.450000 -1.074976
43.500000 -1.040717
43.550000 -1.016736
43.600000 -0.996181
43.650000 -0.979051
43.700000 -0.992754
43.750000 -1.023587
43.800000 -1.057846
43.850000 -1.129790
43.900000 -1.259974
43.950000 -1.390157
44.000000 -1.472379
44.050000 -1.520342
44.100000 -1.551175
44.150000 -1.564878
44.200000 -1.544323
44.250000 -1.482656
44.300000 -1.407287
44.350000 -1.335343
44.400000 -1.242844
44.450000 -1.119512
44.500000 -0.996181
44.550000 -0.900255
44.600000 -0.807756
44.650000 -0.735812
44.700000 -0.728961
44.750000 -0.759793
44.800000 -0.800904
44.850000 -0.845441
44.900000 -0.900255
44.950000 -0.955070
45.000000 -0.999606
45.050000 -1.037291
45.100000 -1.037291
45.150000 -1.009884
45.200000 -0.982477
45.250000 -0.937940
45.300000 -0.879700
45.350000 -0.842015
45.400000 -0.824886
45.450000 -0.797478
45.500000 -0.780350
45.550000 -0.824885
45.600000 -0.886551
45.650000 -0.961921
45.700000 -1.095531
45.750000 -1.253122
45.800000 -1.359325
45.850000 -1.448398
45.900000 -1.578582
45.950000 -1.701913
46.000000 -1.784135
46.050000 -1.835523
46.100000 -1.862930
46.150000 -1.862930
46.200000 -1.869782
46.250000 -1.849227
46.300000 -1.760154
46.350000 -1.650526
46.400000 -1.530619
46.450000 -1.376454
46.500000 -1.225715
46.550000 -1.119512
46.600000 -1.013309
46.650000 -0.896829
46.700000 -0.842016
46.750000 -0.838589
46.800000 -0.859145
46.850000 -0.920810
46.900000 -1.030439
46.950000 -1.143494
47.000000 -1.242844
47.050000 -1.338769
47.100000 -1.431269
47.150000 -1.516916
47.200000 -1.582007
47.250000 -1.602562
47.300000 -1.602563
47.350000 -1.602563
47.400000 -1.571730
47.450000 -1.534046
47.500000 -1.534045
47.550000 -1.568304
47.600000 -1.595711
47.650000 -1.616267
47.700000 -1.647099
47.750000 -1.664229
47.800000 -1.667655
47.850000 -1.643674
47.900000 -1.629970
47.950000 -1.640248
48.000000 -1.623118
48.050000 -1.554600
48.100000 -1.489509
48.150000 -1.479231
48.200000 -1.462101
48.250000 -1.417564
48.300000 -1.410713
48.350000 -1.414139
48.400000 -1.362751
48.450000 -1.304510
48.500000 -1.287381
48.550000 -1.273678
48.600000 -1.253122
48.650000 -1.270252
48.700000 -1.311362
48.750000 -1.331918
48.800000 -1.345621
48.850000 -1.366177
48.900000 -1.383306
48.950000 -1.400435
49.000000 -1.407287
49.050000 -1.414139
49.100000 -1.441546
49.150000 -1.465527
49.200000 -1.444972
49.250000 -1.414139
49.300000 -1.424417
49.350000 -1.448398
49.400000 -1.465527
49.450000 -1.503212
49.500000 -1.571730
49.550000 -1.657377
49.600000 -1.743024
49.650000 -1.804690
49.700000 -1.849227
49.750000 -1.883486
49.800000 -1.869782
49.850000 -1.797839
49.900000 -1.719043
49.950000 -1.667654
50.000000 -1.592285
50.050000 -1.475804
50.100000 -1.379880
50.150000 -1.328492
50.200000 -1.280529
50.250000 -1.229141
50.300000 -1.194882
50.350000 -1.170901
50.400000 -1.146919
50.450000 -1.129790
50.500000 -1.129790
50.550000 -1.136642
50.600000 -1.150345
50.650000 -1.146920
50.700000 -1.150345
50.750000 -1.181178
50.800000 -1.222289
50.850000 -1.246270
50.900000 -1.277103
50.950000 -1.328492
51.000000 -1.390157
51.050000 -1.434694
51.100000 -1.468953
51.150000 -1.499786
51.200000 -1.534045
51.250000 -1.544323
51.300000 -1.516915
51.350000 -1.472379
51.400000 -1.427842
51.450000 -1.379880
51.500000 -1.338769
51.550000 -1.318214
51.600000 -1.297659
51.650000 -1.263400
51.700000 -1.253122
51.750000 -1.277103
51.800000 -1.297658
51.850000 -1.287380
51.900000 -1.270252
51.950000 -1.246271
52.000000 -1.184604
52.050000 -1.105809
52.100000 -1.040717
52.150000 -0.992755
52.200000 -0.931089
52.250000 -0.869422
52.300000 -0.848867
52.350000 -0.872849
52.400000 -0.907107
52.450000 -0.958496
52.500000 -1.050995
52.550000 -1.188030
52.600000 -1.328492
52.650000 -1.438120
52.700000 -1.523767
52.750000 -1.585433
52.800000 -1.582007
52.850000 -1.534045
52.900000 -1.462101
52.950000 -1.362751
53.000000 -1.229141
53.050000 -1.095531
53.100000 -0.982476
53.150000 -0.889977
53.200000 -0.807756
53.250000 -0.752942
53.300000 -0.735813
53.350000 -0.759794
53.400000 -0.807756
53.450000 -0.886552
53.500000 -1.003032
53.550000 -1.140067
53.600000 -1.270252
53.650000 -1.366176
53.700000 -1.444971
53.750000 -1.534045
53.800000 -1.612841
53.850000 -1.650525
53.900000 -1.671081
53.950000 -1.695062
54.000000 -1.691636
54.050000 -1.657377
54.100000 -1.623118
54.150000 -1.582008
54.200000 -1.506638
54.250000 -1.444972
54.300000 -1.420991
54.350000 -1.414138
54.400000 -1.397009
54.450000 -1.379880
54.500000 -1.386732
54.550000 -1.424416
54.600000 -1.458675
54.650000 -1.448397
54.700000 -1.420991
54.750000 -1.403861
54.800000 -1.355899
54.850000 -1.259974
54.900000 -1.177753
54.950000 -1.081827
55.000000 -0.924236
55.050000 -0.759794
55.100000 -0.663869
55.150000 -0.609055
55.200000 -0.550815
55.250000 -0.561092
55.300000 -0.650165
55.350000 -0.773497
55.400000 -0.931088
55.450000 -1.122938
55.500000 -1.321640
55.550000 -1.499786
55.600000 -1.667655
55.650000 -1.801264
55.700000 -1.893764
55.750000 -1.934874
55.800000 -1.907467
55.850000 -1.845801
55.900000 -1.790987
55.950000 -1.719043
56.000000 -1.575155
56.050000 -1.407287
56.100000 -1.280529
56.150000 -1.188030
56.200000 -1.102383
56.250000 -1.044143
56.300000 -0.999606
56.350000 -0.965347
56.400000 -0.937940
56.450000 -0.934514
56.500000 -0.948218
56.550000 -0.979051
56.600000 -1.006458
56.650000 -1.009884
56.700000 -1.003033
56.750000 -1.023587
56.800000 -1.057846
56.850000 -1.057846
56.900000 -1.047568
56.950000 -1.064698
57.000000 -1.092105
57.050000 -1.095531
57.100000 -1.112660
57.150000 -1.167474
57.200000 -1.225715
57.250000 -1.273678
57.300000 -1.338770
57.350000 -1.403861
57.400000 -1.441546
57.450000 -1.455249
57.500000 -1.455249
57.550000 -1.420991
57.600000 -1.349047
57.650000 -1.266826
57.700000 -1.198308
57.750000 -1.133216
57.800000 -1.074976
57.850000 -1.009884
57.900000 -0.972199
57.950000 -1.013310
58.000000 -1.078402
58.050000 -1.098957
58.100000 -1.116087
58.150000 -1.167475
58.200000 -1.191456
58.250000 -1.177752
58.300000 -1.194882
58.350000 -1.212012
58.400000 -1.167475
58.450000 -1.116087
58.500000 -1.102383
58.550000 -1.085253
58.600000 -1.078401
58.650000 -1.133215
58.700000 -1.235993
58.750000 -1.328492
58.800000 -1.424417
58.850000 -1.540897
58.900000 -1.619692
58.950000 -1.647099
59.000000 -1.643674
59.050000 -1.595711
59.100000 -1.516915
59.150000 -1.431268
59.200000 -1.335343
59.250000 -1.239418
59.300000 -1.174326
59.350000 -1.129790
59.400000 -1.092105
59.450000 -1.078402
59.500000 -1.102383
59.550000 -1.133216
59.600000 -1.143494
59.650000 -1.150345
59.700000 -1.150345
59.750000 -1.140067
59.800000 -1.116086
59.850000 -1.074976
59.900000 -1.030439
59.950000 -0.972199
60.000000 -0.903681
60.050000 -0.838590
60.100000 -0.821460
60.150000 -0.818034
60.200000 -0.797479
60.250000 -0.776924
60.300000 -0.776923
60.350000 -0.763220
60.400000 -0.742664
60.450000 -0.759794
60.500000 -0.804330
60.550000 -0.855719
60.600000 -0.903681
60.650000 -0.958495
60.700000 -1.020161
60.750000 -1.116087
60.800000 -1.229141
60.850000 -1.304511
60.900000 -1.349046
60.950000 -1.407287
61.000000 -1.448398
61.050000 -1.417565
61.100000 -1.359324
61.150000 -1.294233
61.200000 -1.212011
61.250000 -1.102383
61.300000 -1.006458
61.350000 -0.948218
61.400000 -0.927662
61.450000 -0.941366
61.500000 -0.989329
61.550000 -1.061272
61.600000 -1.143493
61.650000 -1.246271
61.700000 -1.397009
61.750000 -1.558026
61.800000 -1.674507
61.850000 -1.763580
61.900000 -1.838949
61.950000 -1.873208
62.000000 -1.859505
62.050000 -1.835524
62.100000 -1.794412
62.150000 -1.712191
62.200000 -1.633396
62.250000 -1.564878
62.300000 -1.489508
62.350000 -1.420991
62.400000 -1.376454
62.450000 -1.345621
62.500000 -1.331918
62.550000 -1.345621
62.600000 -1.355898
62.650000 -1.328492
62.700000 -1.307937
62.750000 -1.311362
62.800000 -1.325066
62.850000 -1.318214
62.900000 -1.307936
62.950000 -1.280529
63.000000 -1.256548
63.050000 -1.270251
63.100000 -1.304511
63.150000 -1.321640
63.200000 -1.304511
63.250000 -1.304511
63.300000 -1.349047
63.350000 -1.410713
63.400000 -1.444972
63.450000 -1.475805
63.500000 -1.510064
63.550000 -1.537471
63.600000 -1.554601
63.650000 -1.578582
63.700000 -1.612841
63.750000 -1.653951
63.800000 -1.681359
63.850000 -1.695062
63.900000 -1.708766
63.950000 -1.701914
64.000000 -1.643674
64.050000 -1.561452
64.100000 -1.489509
64.150000 -1.397010
64.200000 -1.266826
64.250000 -1.143493
64.300000 -1.057846
64.350000 -0.996181
64.400000 -0.934514
64.450000 -0.889977
64.500000 -0.896829
64.550000 -0.948218
64.600000 -1.033865
64.650000 -1.105809
64.700000 -1.188030
64.750000 -1.290807
64.800000 -1.400435
64.850000 -1.462101
64.900000 -1.489509
64.950000 -1.520341
65.000000 -1.520341
65.050000 -1.468953
65.100000 -1.420991
65.150000 -1.397009
65.200000 -1.369602
65.250000 -1.331918
65.300000 -1.328492
65.350000 -1.342195
65.400000 -1.376454
65.450000 -1.458676
65.500000 -1.578582
65.550000 -1.701913
65.600000 -1.808116
65.650000 -1.893763
65.700000 -1.958856
65.750000 -1.986263
65.800000 -1.958855
65.850000 -1.880060
65.900000 -1.773858
65.950000 -1.653951
66.000000 -1.510064
66.050000 -1.349047
66.100000 -1.184604
66.150000 -1.050995
66.200000 -0.965347
66.250000 -0.931088
66.300000 -0.900255
66.350000 -0.865996
66.400000 -0.865996
66.450000 -0.903681
66.500000 -0.920810
66.550000 -0.910533
66.600000 -0.907107
66.650000 -0.910533
66.700000 -0.889978
66.750000 -0.883126
66.800000 -0.889978
66.850000 -0.886552
66.900000 -0.893404
66.950000 -0.975625
67.000000 -1.092106
67.050000 -1.170900
67.100000 -1.232567
67.150000 -1.328492
67.200000 -1.414139
67.250000 -1.434694
67.300000 -1.410713
67.350000 -1.366177
67.400000 -1.290807
67.450000 -1.164049
67.500000 -1.009884
67.550000 -0.845441
67.600000 -0.663869
67.650000 -0.458315
67.700000 -0.293873
67.750000 -0.204800
67.800000 -0.146559
67.850000 -0.115727
67.900000 -0.167115
67.950000 -0.293873
68.000000 -0.434335
68.050000 -0.595351
68.100000 -0.790627
68.150000 -0.979051
68.200000 -1.119512
68.250000 -1.205159
68.300000 -1.242844
68.350000 -1.232567
68.400000 -1.191456
68.450000 -1.105808
68.500000 -0.985903
68.550000 -0.855719
68.600000 -0.735813
68.650000 -0.636462
68.700000 -0.588499
68.750000 -0.602203
68.800000 -0.663869
68.850000 -0.759794
68.900000 -0.886552
68.950000 -1.023588
69.000000 -1.160623
69.050000 -1.287381
69.100000 -1.362750
69.150000 -1.383306
69.200000 -1.369603
69.250000 -1.321640
69.300000 -1.239418
69.350000 -1.140067
69.400000 -1.040717
69.450000 -0.931088
69.500000 -0.859145
69.550000 -0.855719
69.600000 -0.924237
69.650000 -1.009883
69.700000 -1.119512
69.750000 -1.253122
69.800000 -1.362751
69.850000 -1.414139
69.900000 -1.427843
69.950000 -1.410713
70.000000 -1.345621
70.050000 -1.242844
70.100000 -1.119512
70.150000 -0.992754
70.200000 -0.893404
70.250000 -0.818034
70.300000 -0.763219
70.350000 -0.763219
70.400000 -0.828312
70.450000 -0.934514
70.500000 -1.040717
70.550000 -1.164049
70.600000 -1.273678
70.650000 -1.345621
70.700000 -1.414139
70.750000 -1.462102
70.800000 -1.438120
70.850000 -1.386732
70.900000 -1.362751
70.950000 -1.345621
71.000000 -1.304510
71.050000 -1.266826
71.100000 -1.242844
71.150000 -1.232567
71.200000 -1.249696
71.250000 -1.266826
71.300000 -1.256548
71.350000 -1.263400
71.400000 -1.287381
71.450000 -1.307936
71.500000 -1.328492
71.550000 -1.379880
71.600000 -1.431268
71.650000 -1.451824
71.700000 -1.486083
71.750000 -1.564878
71.800000 -1.623119
71.850000 -1.609415
71.900000 -1.571730
71.950000 -1.544323
72.000000 -1.489508
72.050000 -1.393584
72.100000 -1.304511
72.150000 -1.239419
72.200000 -1.174326
72.250000 -1.126364
72.300000 -1.136642
72.350000 -1.174327
72.400000 -1.205160
72.450000 -1.246271
72.500000 -1.297659
72.550000 -1.328492
72.600000 -1.328492
72.650000 -1.331917
72.700000 -1.325065
72.750000 -1.294233
72.800000 -1.270251
72.850000 -1.229141
72.900000 -1.164049
72.950000 -1.109235
73.000000 -1.092105
73.050000 -1.085254
73.100000 -1.088680
73.150000 -1.119512
73.200000 -1.167475
73.250000 -1.208585
73.300000 -1.259974
73.350000 -1.325066
73.400000 -1.373029
73.450000 -1.400435
73.500000 -1.424417
73.550000 -1.431268
73.600000 -1.414139
73.650000 -1.383305
73.700000 -1.355898
73.750000 -1.325066
73.800000 -1.297659
73.850000 -1.277104
73.900000 -1.259974
73.950000 -1.253123
74.000000 -1.249696
74.050000 -1.246270
74.100000 -1.277103
74.150000 -1.345621
74.200000 -1.400435
74.250000 -1.424416
74.300000 -1.444972
74.350000 -1.458675
74.400000 -1.441546
74.450000 -1.383305
74.500000 -1.304510
74.550000 -1.232567
74.600000 -1.188030
74.650000 -1.136642
74.700000 -1.071550
74.750000 -1.057847
74.800000 -1.088679
74.850000 -1.085254
74.900000 -1.092105
74.950000 -1.160623
75.000000 -1.232566
75.050000 -1.259974
75.100000 -1.290807
75.150000 -1.331917
75.200000 -1.335343
75.250000 -1.294233
75.300000 -1.256548
75.350000 -1.215437
75.400000 -1.191456
75.450000 -1.177752
75.500000 -1.167475
75.550000 -1.198308
75.600000 -1.259974
75.650000 -1.301084
75.700000 -1.331918
75.750000 -1.438120
75.800000 -1.558026
75.850000 -1.616266
75.900000 -1.643673
75.950000 -1.698488
76.000000 -1.729321
76.050000 -1.712192
76.100000 -1.691636
76.150000 -1.677932
76.200000 -1.626544
76.250000 -1.551174
76.300000 -1.516916
76.350000 -1.510064
76.400000 -1.499786
76.450000 -1.475805
76.500000 -1.468953
76.550000 -1.506638
76.600000 -1.568304
76.650000 -1.623118
76.700000 -1.647100
76.750000 -1.677933
76.800000 -1.719043
76.850000 -1.732747
76.900000 -1.701914
76.950000 -1.647100
77.000000 -1.578582
77.050000 -1.499786
77.100000 -1.410713
77.150000 -1.342195
77.200000 -1.283955
77.250000 -1.212012
77.300000 -1.146919
77.350000 -1.119512
77.400000 -1.126365
77.450000 -1.146919
77.500000 -1.191456
77.550000 -1.246271
77.600000 -1.290807
77.650000 -1.318214
77.700000 -1.338769
77.750000 -1.359325
77.800000 -1.373028
77.850000 -1.366176
77.900000 -1.338769
77.950000 -1.304511
78.000000 -1.273677
78.050000 -1.259974
78.100000 -1.259974
78.150000 -1.273677
78.200000 -1.318214
78.250000 -1.390157
78.300000 -1.472379
78.350000 -1.575156
78.400000 -1.695062
78.450000 -1.811542
78.500000 -1.917745
78.550000 -2.020521
78.600000 -2.102743
78.650000 -2.137002
78.700000 -2.160983
78.750000 -2.160982
78.800000 -2.102742
78.850000 -1.986263
78.900000 -1.859505
78.950000 -1.719043
79.000000 -1.540897
79.050000 -1.349047
79.100000 -1.201733
79.150000 -1.098957
79.200000 -1.009884
79.250000 -0.927663
79.300000 -0.876275
79.350000 -0.862571
79.400000 -0.865997
79.450000 -0.872849
79.500000 -0.893404
79.550000 -0.934514
79.600000 -0.961922
79.650000 -0.961921
79.700000 -0.965348
79.750000 -0.979051
79.800000 -0.972199
79.850000 -0.951644
79.900000 -0.968773
79.950000 -1.013310
80.000000 -1.054421
80.050000 -1.122938
80.100000 -1.205160
80.150000 -1.263399
80.200000 -1.304510
80.250000 -1.345621
80.300000 -1.355899
80.350000 -1.345621
80.400000 -1.328492
80.450000 -1.283955
80.500000 -1.205160
80.550000 -1.140068
80.600000 -1.068124
80.650000 -0.965347
80.700000 -0.869422
80.750000 -0.807757
80.800000 -0.728960
80.850000 -0.657018
80.900000 -0.629610
80.950000 -0.615907
81.000000 -0.588500
81.050000 -0.578221
81.100000 -0.595351
81.150000 -0.619332
81.200000 -0.636461
81.250000 -0.639887
81.300000 -0.646740
81.350000 -0.684425
81.400000 -0.732386
81.450000 -0.752943
81.500000 -0.790627
81.550000 -0.862571
81.600000 -0.924236
81.650000 -0.968773
81.700000 -1.037291
81.750000 -1.109234
81.800000 -1.146919
81.850000 -1.174327
81.900000 -1.184605
81.950000 -1.170900
82.000000 -1.150345
82.050000 -1.129790
82.100000 -1.102383
82.150000 -1.098957
82.200000 -1.116086
82.250000 -1.126364
82.300000 -1.150345
82.350000 -1.198308
82.400000 -1.232567
82.450000 -1.225715
82.500000 -1.232567
82.550000 -1.259974
82.600000 -1.259974
82.650000 -1.212011
82.700000 -1.160623
82.750000 -1.126364
82.800000 -1.078402
82.850000 -1.020162
82.900000 -0.968773
82.950000 -0.951644
83.000000 -0.965347
83.050000 -0.985903
83.100000 -1.013310
83.150000 -1.044142
83.200000 -1.092105
83.250000 -1.136642
83.300000 -1.143493
83.350000 -1.122938
83.400000 -1.112660
83.450000 -1.092105
83.500000 -1.061272
83.550000 -1.006458
83.600000 -0.927662
83.650000 -0.835163
83.700000 -0.763220
83.750000 -0.728960
83.800000 -0.691276
83.850000 -0.633036
83.900000 -0.602203
83.950000 -0.622758
84.000000 -0.677573
84.050000 -0.742664
84.100000 -0.824886
84.150000 -0.927662
84.200000 -1.003033
84.250000 -1.033865
84.300000 -1.078402
84.350000 -1.143494
84.400000 -1.150346
84.450000 -1.098957
84.500000 -1.068124
84.550000 -1.027013
84.600000 -0.961922
84.650000 -0.907107
84.700000 -0.886552
84.750000 -0.876274
84.800000 -0.883126
84.850000 -0.903681
84.900000 -0.931088
84.950000 -0.972199
85.000000 -1.009884
85.050000 -1.020162
85.100000 -1.016736
85.150000 -0.992755
85.200000 -0.948218
85.250000 -0.913959
85.300000 -0.893404
85.350000 -0.852293
85.400000 -0.790626
85.450000 -0.763220
85.500000 -0.756368
85.550000 -0.746090
85.600000 -0.746091
85.650000 -0.766645
85.700000 -0.794053
85.750000 -0.838589
85.800000 -0.876274
85.850000 -0.900256
85.900000 -0.951643
85.950000 -1.023587
86.000000 -1.064698
86.050000 -1.078402
86.100000 -1.109235
86.150000 -1.143493
86.200000 -1.170901
86.250000 -1.205160
86.300000 -1.253122
86.350000 -1.294233
86.400000 -1.331917
86.450000 -1.386732
86.500000 -1.458675
86.550000 -1.530619
86.600000 -1.564878
86.650000 -1.551174
86.700000 -1.513490
86.750000 -1.465527
86.800000 -1.369602
86.850000 -1.229141
86.900000 -1.085253
86.950000 -0.948218
87.000000 -0.821460
87.050000 -0.715257
87.100000 -0.653591
87.150000 -0.643313
87.200000 -0.680998
87.250000 -0.756368
87.300000 -0.876274
87.350000 -1.037291
87.400000 -1.194882
87.450000 -1.325066
87.500000 -1.424416
87.550000 -1.503212
87.600000 -1.523768
87.650000 -1.486083
87.700000 -1.420991
87.750000 -1.352473
87.800000 -1.277104
87.850000 -1.188030
87.900000 -1.129790
87.950000 -1.112660
88.000000 -1.098957
88.050000 -1.068124
88.100000 -1.078402
88.150000 -1.116087
88.200000 -1.119512
88.250000 -1.085253
88.300000 -1.078401
88.350000 -1.092105
88.400000 -1.085254
88.450000 -1.068124
88.500000 -1.068124
88.550000 -1.092105
88.600000 -1.112660
88.650000 -1.105809
88.700000 -1.102383
88.750000 -1.126364
88.800000 -1.140068
88.850000 -1.112661
88.900000 -1.085253
88.950000 -1.068124
89.000000 -1.030439
89.050000 -0.951644
89.100000 -0.876274
89.150000 -0.828312
89.200000 -0.790627
89.250000 -0.763220
89.300000 -0.776923
89.350000 -0.814608
89.400000 -0.859145
89.450000 -0.931088
89.500000 -1.023587
89.550000 -1.098957
89.600000 -1.133215
89.650000 -1.143494
89.700000 -1.119513
89.750000 -1.078401
89.800000 -1.033865
89.850000 -0.968773
89.900000 -0.876274
89.950000 -0.804330
90.000000 -0.749517
90.050000 -0.708406
90.100000 -0.725535
90.150000 -0.821460
90.200000 -0.924237
90.250000 -1.033865
90.300000 -1.205159
90.350000 -1.393583
90.400000 -1.534045
90.450000 -1.653951
90.500000 -1.780709
90.550000 -1.845801
90.600000 -1.845802
90.650000 -1.825246
90.700000 -1.773857
90.750000 -1.657377
90.800000 -1.503212
90.850000 -1.366176
90.900000 -1.242844
90.950000 -1.126364
91.000000 -1.016735
91.050000 -0.917385
91.100000 -0.862570
91.150000 -0.855719
91.200000 -0.862570
91.250000 -0.872848
91.300000 -0.896830
91.350000 -0.941366
91.400000 -0.965347
91.450000 -0.975624
91.500000 -1.020161
91.550000 -1.068124
91.600000 -1.085254
91.650000 -1.102383
91.700000 -1.146919
91.750000 -1.177752
91.800000 -1.177752
91.850000 -1.174327
91.900000 -1.188030
91.950000 -1.191456
92.000000 -1.164049
92.050000 -1.098957
92.100000 -1.027013
92.150000 -0.972199
92.200000 -0.900255
92.250000 -0.787201
92.300000 -0.691276
92.350000 -0.650166
92.400000 -0.622758
92.450000 -0.602203
92.500000 -0.605629
92.550000 -0.629610
92.600000 -0.670721
92.650000 -0.732387
92.700000 -0.818034
92.750000 -0.903682
92.800000 -0.989329
92.850000 -1.071550
92.900000 -1.170901
92.950000 -1.277104
93.000000 -1.355899
93.050000 -1.403861
93.100000 -1.465527
93.150000 -1.527193
93.200000 -1.540897
93.250000 -1.537471
93.300000 -1.564878
93.350000 -1.585433
93.400000 -1.564878
93.450000 -1.544323
93.500000 -1.527193
93.550000 -1.496360
93.600000 -1.472379
93.650000 -1.444972
93.700000 -1.414139
93.750000 -1.386732
93.800000 -1.373028
93.850000 -1.342195
93.900000 -1.318214
93.950000 -1.328491
94.000000 -1.342195
94.050000 -1.331918
94.100000 -1.321639
94.150000 -1.318214
94.200000 -1.297658
94.250000 -1.280529
94.300000 -1.256547
94.350000 -1.194882
94.400000 -1.119513
94.450000 -1.068124
94.500000 -1.020162
94.550000 -0.958496
94.600000 -0.900255
94.650000 -0.869422
94.700000 -0.865996
94.750000 -0.907107
94.800000 -0.979051
94.850000 -1.037291
94.900000 -1.112661
94.950000 -1.229141
95.000000 -1.355898
95.050000 -1.462101
95.100000 -1.568304
95.150000 -1.657377
95.200000 -1.684784
95.250000 -1.701914
95.300000 -1.743024
95.350000 -1.749876
95.400000 -1.712191
95.450000 -1.671081
95.500000 -1.626544
95.550000 -1.575156
95.600000 -1.523767
95.650000 -1.475805
95.700000 -1.417565
95.750000 -1.373028
95.800000 -1.338769
95.850000 -1.307936
95.900000 -1.283955
95.950000 -1.239418
96.000000 -1.160623
96.050000 -1.078401
96.100000 -1.016735
96.150000 -0.941366
96.200000 -0.845441
96.250000 -0.776923
96.300000 -0.742664
96.350000 -0.732387
96.400000 -0.735813
96.450000 -0.742665
96.500000 -0.759794
96.550000 -0.800904
96.600000 -0.845441
96.650000 -0.869422
96.700000 -0.903682
96.750000 -0.941366
96.800000 -0.975625
96.850000 -1.009884
96.900000 -1.033865
96.950000 -1.009884
97.000000 -0.972199
97.050000 -0.992755
97.100000 -1.050995
97.150000 -1.074976
97.200000 -1.085253
97.250000 -1.129790
97.300000 -1.201733
97.350000 -1.253122
97.400000 -1.266825
97.450000 -1.280529
97.500000 -1.328491
97.550000 -1.383306
97.600000 -1.420991
97.650000 -1.448398
97.700000 -1.479231
97.750000 -1.506638
97.800000 -1.527193
97.850000 -1.558026
97.900000 -1.568304
97.950000 -1.547749
98.000000 -1.520341
98.050000 -1.472379
98.100000 -1.390158
98.150000 -1.301084
98.200000 -1.198308
98.250000 -1.047568
98.300000 -0.865996
98.350000 -0.704979
98.400000 -0.557667
98.450000 -0.417205
98.500000 -0.307576
98.550000 -0.252762
98.600000 -0.252762
98.650000 -0.321280
98.700000 -0.444612
98.750000 -0.564518
98.800000 -0.674147
98.850000 -0.800904
98.900000 -0.948218
98.950000 -1.047568
99.000000 -1.085254
99.050000 -1.085253
99.100000 -1.068124
99.150000 -1.030439
99.200000 -0.982476
99.250000 -0.931088
99.300000 -0.886552
99.350000 -0.865997
99.400000 -0.876274
99.450000 -0.896829
99.500000 -0.910533
99.550000 -0.937940
99.600000 -0.989329
99.650000 -1.016735
99.700000 -0.999606
99.750000 -0.961922
99.800000 -0.913959
99.850000 -0.831738
99.900000 -0.739239
99.950000 -0.657018
100.000000 -0.564519
100.050000 -0.468593
100.100000 -0.403501
100.150000 -0.369243
100.200000 -0.348687
100.250000 -0.358964
100.300000 -0.386372
100.350000 -0.430908
100.400000 -0.502852
100.450000 -0.591925
100.500000 -0.674147
100.550000 -0.787201
100.600000 -0.913959
100.650000 -0.992754
100.700000 -1.054420
100.750000 -1.150345
100.800000 -1.212011
100.850000 -1.208585
100.900000 -1.229140
100.950000 -1.263400
101.000000 -1.215437
101.050000 -1.122939
101.100000 -1.085253
101.150000 -1.064698
101.200000 -1.020161
101.250000 -1.006458
101.300000 -1.027013
101.350000 -1.044142
101.400000 -1.061272
101.450000 -1.092105
101.500000 -1.098957
101.550000 -1.071549
101.600000 -1.037291
101.650000 -1.006458
101.700000 -0.961922
101.750000 -0.913959
101.800000 -0.862571
101.850000 -0.842016
101.900000 -0.883126
101.950000 -0.948218
102.000000 -1.006458
102.050000 -1.112661
102.100000 -1.273677
102.150000 -1.414138
102.200000 -1.516915
102.250000 -1.619692
102.300000 -1.688210
102.350000 -1.684784
102.400000 -1.629970
102.450000 -1.561452
102.500000 -1.438120
102.550000 -1.283956
102.600000 -1.164049
102.650000 -1.064698
102.700000 -0.951643
102.750000 -0.876274
102.800000 -0.855719
102.850000 -0.852293
102.900000 -0.855718
102.950000 -0.889978
103.000000 -0.931089
103.050000 -0.955070
103.100000 -0.992754
103.150000 -1.047568
103.200000 -1.081827
103.250000 -1.095531
103.300000 -1.116087
103.350000 -1.140068
103.400000 -1.140067
103.450000 -1.136642
103.500000 -1.153771
103.550000 -1.153772
103.600000 -1.112660
103.650000 -1.081827
103.700000 -1.081827
103.750000 -1.064698
103.800000 -1.047568
103.850000 -1.061272
103.900000 -1.095531
103.950000 -1.119512
104.000000 -1.146919
104.050000 -1.188030
104.100000 -1.198308
104.150000 -1.208586
104.200000 -1.259974
104.250000 -1.287381
104.300000 -1.259974
104.350000 -1.239419
104.400000 -1.249696
104.450000 -1.239418
104.500000 -1.225715
104.550000 -1.232567
104.600000 -1.235993
104.650000 -1.222289
104.700000 -1.253122
104.750000 -1.304510
104.800000 -1.331917
104.850000 -1.345621
104.900000 -1.369603
104.950000 -1.390158
105.000000 -1.417565
105.050000 -1.455250
105.100000 -1.503212
105.150000 -1.540897
105.200000 -1.568304
105.250000 -1.564878
105.300000 -1.547748
105.350000 -1.530619
105.400000 -1.486082
105.450000 -1.393584
105.500000 -1.294233
105.550000 -1.212012
105.600000 -1.119512
105.650000 -1.033865
105.700000 -1.006458
105.750000 -1.040717
105.800000 -1.116086
105.850000 -1.222289
105.900000 -1.349047
105.950000 -1.506638
106.000000 -1.671081
106.050000 -1.804690
106.100000 -1.886912
106.150000 -1.924597
106.200000 -1.910893
106.250000 -1.811542
106.300000 -1.660803
106.350000 -1.486083
106.400000 -1.259974
106.450000 -0.996180
106.500000 -0.759794
106.550000 -0.578222
106.600000 -0.437761
106.650000 -0.355539
106.700000 -0.358964
106.750000 -0.420631
106.800000 -0.513130
106.850000 -0.615907
106.900000 -0.708406
106.950000 -0.783775
107.000000 -0.821460
107.050000 -0.814608
107.100000 -0.794053
107.150000 -0.770072
107.200000 -0.725535
107.250000 -0.650165
107.300000 -0.571370
107.350000 -0.519982
107.400000 -0.509704
107.450000 -0.513129
107.500000 -0.543963
107.550000 -0.626185
107.600000 -0.742664
107.650000 -0.848867
107.700000 -0.941366
107.750000 -1.037291
107.800000 -1.102383
107.850000 -1.105809
107.900000 -1.085254
107.950000 -1.064698
108.000000 -1.003032
108.050000 -0.927662
108.100000 -0.883126
108.150000 -0.859145
108.200000 -0.838590
108.250000 -0.852293
108.300000 -0.913959
108.350000 -0.972200
108.400000 -1.020161
108.450000 -1.068124
108.500000 -1.105809
108.550000 -1.116086
108.600000 -1.122938
108.650000 -1.095531
108.700000 -1.009884
108.750000 -0.900255
108.800000 -0.804330
108.850000 -0.715258
108.900000 -0.660443
108.950000 -0.657017
109.000000 -0.670720
109.050000 -0.684424
109.100000 -0.766645
109.150000 -0.917384
109.200000 -1.064698
109.250000 -1.184604
109.300000 -1.304510
109.350000 -1.410713
109.400000 -1.462102
109.450000 -1.489508
109.500000 -1.510063
109.550000 -1.489509
109.600000 -1.444972
109.650000 -1.410713
109.700000 -1.366176
109.750000 -1.314788
109.800000 -1.270252
109.850000 -1.249696
109.900000 -1.222289
109.950000 -1.177752
110.000000 -1.143493
110.050000 -1.126364
110.100000 -1.098957
110.150000 -1.047569
110.200000 -0.996180
110.250000 -0.948218
110.300000 -0.889978
110.350000 -0.848867
110.400000 -0.831738
110.450000 -0.848867
110.500000 -0.893404
110.550000 -0.958496
110.600000 -1.016735
110.650000 -1.088679
110.700000 -1.181178
110.750000 -1.242844
110.800000 -1.266826
110.850000 -1.318213
110.900000 -1.373028
110.950000 -1.359324
111.000000 -1.307936
111.050000 -1.283955
111.100000 -1.273678
111.150000 -1.246270
111.200000 -1.205160
111.250000 -1.153771
111.300000 -1.109234
111.350000 -1.092105
111.400000 -1.068124
111.450000 -1.033865
111.500000 -1.030439
111.550000 -1.044142
111.600000 -1.009884
111.650000 -0.955070
111.700000 -0.931089
111.750000 -0.910533
111.800000 -0.855718
111.850000 -0.814608
111.900000 -0.831737
111.950000 -0.859145
112.000000 -0.872848
112.050000 -0.879700
112.100000 -0.903681
112.150000 -0.951643
112.200000 -0.996180
112.250000 -1.003033
112.300000 -0.992755
112.350000 -0.999606
112.400000 -0.996181
112.450000 -0.941366
112.500000 -0.883125
112.550000 -0.852293
112.600000 -0.814608
112.650000 -0.766646
112.700000 -0.732387
112.750000 -0.708406
112.800000 -0.687850
112.850000 -0.711832
112.900000 -0.770072
112.950000 -0.814608
113.000000 -0.845441
113.050000 -0.889978
113.100000 -0.941366
113.150000 -0.985903
113.200000 -1.027013
113.250000 -1.047569
113.300000 -1.047569
113.350000 -1.064698
113.400000 -1.095531
113.450000 -1.122938
113.500000 -1.143493
113.550000 -1.160623
113.600000 -1.164049
113.650000 -1.164049
113.700000 -1.177753
113.750000 -1.177752
113.800000 -1.157197
113.850000 -1.126364
113.900000 -1.119512
113.950000 -1.164049
114.000000 -1.222289
114.050000 -1.266826
114.100000 -1.301084
114.150000 -1.362751
114.200000 -1.420991
114.250000 -1.444972
114.300000 -1.455250
114.350000 -1.458675
114.400000 -1.427842
114.450000 -1.345622
114.500000 -1.256548
114.550000 -1.157197
114.600000 -1.006458
114.650000 -0.848867
114.700000 -0.728961
114.750000 -0.653591
114.800000 -0.602203
114.850000 -0.609055
114.900000 -0.674147
114.950000 -0.763220
115.000000 -0.855719
115.050000 -0.979051
115.100000 -1.098957
115.150000 -1.191457
115.200000 -1.273677
115.250000 -1.335344
115.300000 -1.335344
115.350000 -1.253122
115.400000 -1.119512
115.450000 -0.972199
115.500000 -0.828311
115.550000 -0.694702
115.600000 -0.571370
115.650000 -0.468594
115.700000 -0.434335
115.750000 -0.465167
115.800000 -0.530259
115.850000 -0.598777
115.900000 -0.684424
115.950000 -0.800904
116.000000 -0.910533
116.050000 -0.972199
116.100000 -0.996181
116.150000 -1.013309
116.200000 -1.020161
116.250000 -1.006458
116.300000 -0.958495
116.350000 -0.876274
116.400000 -0.797479
116.450000 -0.773497
116.500000 -0.780350
116.550000 -0.783775
116.600000 -0.804331
116.650000 -0.862570
116.700000 -0.910533
116.750000 -0.948218
116.800000 -1.023587
116.850000 -1.122938
116.900000 -1.208586
116.950000 -1.294232
117.000000 -1.390158
117.050000 -1.455250
117.100000 -1.516916
117.150000 -1.561452
117.200000 -1.534045
117.250000 -1.444972
117.300000 -1.369602
117.350000 -1.287381
117.400000 -1.146919
117.450000 -1.006458
117.500000 -0.934514
117.550000 -0.900255
117.600000 -0.876274
117.650000 -0.879700
117.700000 -0.924236
117.750000 -0.982477
117.800000 -1.088680
117.850000 -1.215437
117.900000 -1.318213
117.950000 -1.403862
118.000000 -1.520342
118.050000 -1.626544
118.100000 -1.671080
118.150000 -1.674507
118.200000 -1.664229
118.250000 -1.629970
118.300000 -1.568304
118.350000 -1.496360
118.400000 -1.407288
118.450000 -1.290807
118.500000 -1.167475
118.550000 -1.050995
118.600000 -0.961921
118.650000 -0.865997
118.700000 -0.766645
118.750000 -0.722109
118.800000 -0.735813
118.850000 -0.746090
118.900000 -0.766646
118.950000 -0.824886
119.000000 -0.883126
119.050000 -0.917385
119.100000 -0.975625
119.150000 -1.061272
119.200000 -1.109235
119.250000 -1.136642
119.300000 -1.184605
119.350000 -1.242845
119.400000 -1.266826
119.450000 -1.270252
119.500000 -1.297658
119.550000 -1.345621
119.600000 -1.403861
119.650000 -1.462101
119.700000 -1.523767
119.750000 -1.609415
119.800000 -1.691635
119.850000 -1.739598
119.900000 -1.763580
119.950000 -1.770432
120.000000 -1.732746
120.050000 -1.626544
120.100000 -1.492935
120.150000 -1.352473
120.200000 -1.212012
120.250000 -1.061273
120.300000 -0.931089
120.350000 -0.865997
120.400000 -0.852293
120.450000 -0.862570
120.500000 -0.910533
120.550000 -0.999606
120.600000 -1.109234
120.650000 -1.208585
120.700000 -1.297659
120.750000 -1.352473
120.800000 -1.369602
120.850000 -1.355899
120.900000 -1.304511
120.950000 -1.239419
121.000000 -1.184604
121.050000 -1.126364
121.100000 -1.074975
121.150000 -1.078401
121.200000 -1.112660
121.250000 -1.146919
121.300000 -1.201734
121.350000 -1.287381
121.400000 -1.352473
121.450000 -1.403861
121.500000 -1.479231
121.550000 -1.540896
121.600000 -1.534045
121.650000 -1.496360
121.700000 -1.465527
121.750000 -1.400435
121.800000 -1.294232
121.850000 -1.174327
121.900000 -1.050995
121.950000 -0.941366
122.000000 -0.869422
122.050000 -0.818034
122.100000 -0.794053
122.150000 -0.807756
122.200000 -0.845441
122.250000 -0.872848
122.300000 -0.910533
122.350000 -0.975625
122.400000 -1.047568
122.450000 -1.095531
122.500000 -1.122938
122.550000 -1.119513
122.600000 -1.098957
122.650000 -1.064698
122.700000 -1.023588
122.750000 -0.992754
122.800000 -0.972199
122.850000 -0.968774
122.900000 -0.989329
122.950000 -1.037291
123.000000 -1.081827
123.050000 -1.112660
123.100000 -1.160623
123.150000 -1.222289
123.200000 -1.246270
123.250000 -1.222289
123.300000 -1.201733
123.350000 -1.198308
123.400000 -1.181178
123.450000 -1.116086
123.500000 -1.027014
123.550000 -0.948218
123.600000 -0.913959
123.650000 -0.903681
123.700000 -0.886552
123.750000 -0.883126
123.800000 -0.896829
123.850000 -0.900255
123.900000 -0.879700
123.950000 -0.879700
124.000000 -0.903681
124.050000 -0.886552
124.100000 -0.852292
124.150000 -0.842015
124.200000 -0.838589
124.250000 -0.814608
124.300000 -0.787201
124.350000 -0.783775
124.400000 -0.797478
124.450000 -0.824886
124.500000 -0.879700
124.550000 -0.968773
124.600000 -1.044142
124.650000 -1.088679
124.700000 -1.119513
124.750000 -1.133215
124.800000 -1.109234
124.850000 -1.037291
124.900000 -0.955069
124.950000 -0.869422
125.000000 -0.752942
125.050000 -0.636462
125.100000 -0.567944
125.150000 -0.540537
125.200000 -0.547389
125.250000 -0.588500
125.300000 -0.667295
125.350000 -0.752942
125.400000 -0.848867
125.450000 -0.968773
125.500000 -1.085254
125.550000 -1.167475
125.600000 -1.222289
125.650000 -1.270251
125.700000 -1.311362
125.750000 -1.335343
125.800000 -1.345621
125.850000 -1.338769
125.900000 -1.335344
125.950000 -1.342195
126.000000 -1.342195
126.050000 -1.311362
126.100000 -1.259974
126.150000 -1.218863
126.200000 -1.188030
126.250000 -1.150345
126.300000 -1.112661
126.350000 -1.085254
126.400000 -1.068124
126.450000 -1.047568
126.500000 -1.044143
126.550000 -1.074976
126.600000 -1.112661
126.650000 -1.146920
126.700000 -1.194882
126.750000 -1.225714
126.800000 -1.218864
126.850000 -1.191456
126.900000 -1.157197
126.950000 -1.112660
127.000000 -1.027013
127.050000 -0.920811
127.100000 -0.814608
127.150000 -0.732387
127.200000 -0.670720
127.250000 -0.612481
127.300000 -0.595351
127.350000 -0.626184
127.400000 -0.677572
127.450000 -0.732387
127.500000 -0.807756
127.550000 -0.910533
127.600000 -1.020161
127.650000 -1.098957
127.700000 -1.133216
127.750000 -1.143494
127.800000 -1.136642
127.850000 -1.102383
127.900000 -1.027013
127.950000 -0.965348
128.000000 -0.907107
128.050000 -0.842015
128.100000 -0.814608
128.150000 -0.831738
128.200000 -0.852293
128.250000 -0.889978
128.300000 -0.965347
128.350000 -1.047569
128.400000 -1.116086
128.450000 -1.188030
128.500000 -1.242844
128.550000 -1.266826
128.600000 -1.273677
128.650000 -1.259974
128.700000 -1.201734
128.750000 -1.119512
128.800000 -1.040717
128.850000 -0.955070
128.900000 -0.869422
128.950000 -0.831738
129.000000 -0.814608
129.050000 -0.780349
129.100000 -0.780349
129.150000 -0.831737
129.200000 -0.886552
129.250000 -0.924236
129.300000 -0.975625
129.350000 -1.037291
129.400000 -1.057846
129.450000 -1.044143
129.500000 -1.020162
129.550000 -0.985903
129.600000 -0.951643
129.650000 -0.931088
129.700000 -0.907107
129.750000 -0.879700
129.800000 -0.889978
129.850000 -0.931088
129.900000 -0.975625
129.950000 -1.054420
130.000000 -1.146919
130.050000 -1.198307
130.100000 -1.215437
130.150000 -1.235992
130.200000 -1.249696
130.250000 -1.222289
130.300000 -1.188030
130.350000 -1.122939
130.400000 -1.020162
130.450000 -0.944792
130.500000 -0.896830
130.550000 -0.831737
130.600000 -0.756368
130.650000 -0.722109
130.700000 -0.694701
130.750000 -0.677573
130.800000 -0.684424
130.850000 -0.698127
130.900000 -0.687850
130.950000 -0.698128
131.000000 -0.732386
131.050000 -0.749516
131.100000 -0.773497
131.150000 -0.835163
131.200000 -0.907107
131.250000 -0.979051
131.300000 -1.033865
131.350000 -1.064698
131.400000 -1.050995
131.450000 -0.999607
131.500000 -0.931089
131.550000 -0.869423
131.600000 -0.824886
131.650000 -0.759793
131.700000 -0.684424
131.750000 -0.643314
131.800000 -0.653591
131.850000 -0.663869
131.900000 -0.684425
131.950000 -0.742665
132.000000 -0.818034
132.050000 -0.889977
132.100000 -0.975625
132.150000 -1.061273
132.200000 -1.105809
132.250000 -1.129790
132.300000 -1.198307
132.350000 -1.301085
132.400000 -1.379880
132.450000 -1.427842
132.500000 -1.510064
132.550000 -1.626544
132.600000 -1.722469
132.650000 -1.773857
132.700000 -1.801265
132.750000 -1.814968
132.800000 -1.767006
132.850000 -1.647099
132.900000 -1.516916
132.950000 -1.386732
133.000000 -1.218864
133.050000 -1.030439
133.100000 -0.876274
133.150000 -0.763219
133.200000 -0.663869
133.250000 -0.591925
133.300000 -0.567944
133.350000 -0.567944
133.400000 -0.578221
133.450000 -0.605629
133.500000 -0.626184
133.550000 -0.650165
133.600000 -0.684424
133.650000 -0.701554
133.700000 -0.715258
133.750000 -0.746090
133.800000 -0.797478
133.850000 -0.828311
133.900000 -0.852293
133.950000 -0.900256
134.000000 -0.951644
134.050000 -0.975625
134.100000 -0.992755
134.150000 -1.003032
134.200000 -0.975625
134.250000 -0.927662
134.300000 -0.886552
134.350000 -0.835163
134.400000 -0.749516
134.450000 -0.670721
134.500000 -0.643313
134.550000 -0.626184
134.600000 -0.609055
134.650000 -0.629610
134.700000 -0.691276
134.750000 -0.746091
134.800000 -0.800905
134.850000 -0.879700
134.900000 -0.961922
134.950000 -1.013309
135.000000 -1.054420
135.050000 -1.112660
135.100000 -1.160623
135.150000 -1.191456
135.200000 -1.218863
135.250000 -1.246270
135.300000 -1.263400
135.350000 -1.287381
135.400000 -1.328492
135.450000 -1.383306
135.500000 -1.431268
135.550000 -1.455250
135.600000 -1.444972
135.650000 -1.420991
135.700000 -1.373028
135.750000 -1.290807
135.800000 -1.198307
135.850000 -1.119512
135.900000 -1.037291
135.950000 -0.972199
136.000000 -0.944792
136.050000 -0.941366
136.100000 -0.958495
136.150000 -1.009884
136.200000 -1.095531
136.250000 -1.177752
136.300000 -1.253122
136.350000 -1.318214
136.400000 -1.345621
136.450000 -1.331918
136.500000 -1.304510
136.550000 -1.259974
136.600000 -1.188031
136.650000 -1.126364
136.700000 -1.078401
136.750000 -1.040717
136.800000 -1.023587
136.850000 -1.047569
136.900000 -1.092105
136.950000 -1.126364
137.000000 -1.140068
137.050000 -1.116086
137.100000 -1.092106
137.150000 -1.078402
137.200000 -1.061272
137.250000 -1.020162
137.300000 -0.989328
137.350000 -0.979051
137.400000 -0.979051
137.450000 -0.982477
137.500000 -1.016736
137.550000 -1.085253
137.600000 -1.153771
137.650000 -1.205160
137.700000 -1.249696
137.750000 -1.297658
137.800000 -1.325065
137.850000 -1.325066
137.900000 -1.311362
137.950000 -1.304511
138.000000 -1.301085
138.050000 -1.290806
138.100000 -1.290807
138.150000 -1.297659
138.200000 -1.287380
138.250000 -1.263399
138.300000 -1.229140
138.350000 -1.198308
138.400000 -1.153771
138.450000 -1.085254
138.500000 -1.027014
138.550000 -1.006457
138.600000 -1.003032
138.650000 -1.020161
138.700000 -1.057846
138.750000 -1.119512
138.800000 -1.184605
138.850000 -1.256548
138.900000 -1.335344
138.950000 -1.407287
139.000000 -1.420991
139.050000 -1.373028
139.100000 -1.314789
139.150000 -1.256548
139.200000 -1.153772
139.250000 -1.023587
139.300000 -0.927663
139.350000 -0.859144
139.400000 -0.814608
139.450000 -0.821460
139.500000 -0.876274
139.550000 -0.927663
139.600000 -0.975625
139.650000 -1.071550
139.700000 -1.150345
139.750000 -1.170900
139.800000 -1.184605
139.850000 -1.201734
139.900000 -1.174327
139.950000 -1.095531
140.000000 -1.040717
140.050000 -1.016736
140.100000 -0.965348
140.150000 -0.886551
140.200000 -0.842015
140.250000 -0.835164
140.300000 -0.818034
140.350000 -0.800905
140.400000 -0.814608
140.450000 -0.842015
140.500000 -0.842016
140.550000 -0.831737
140.600000 -0.835164
140.650000 -0.838589
140.700000 -0.855719
140.750000 -0.900255
140.800000 -0.948218
140.850000 -0.961922
140.900000 -0.979051
140.950000 -1.023587
141.000000 -1.068124
141.050000 -1.071550
141.100000 -1.054420
141.150000 -1.023587
141.200000 -0.979051
141.250000 -0.896829
141.300000 -0.804330
141.350000 -0.735813
141.400000 -0.680998
141.450000 -0.591925
141.500000 -0.485723
141.550000 -0.434334
141.600000 -0.424057
141.650000 -0.406928
141.700000 -0.400075
141.750000 -0.458315
141.800000 -0.547388
141.850000 -0.633036
141.900000 -0.722109
141.950000 -0.831737
142.000000 -0.951644
142.050000 -1.057846
142.100000 -1.143493
142.150000 -1.222289
142.200000 -1.294233
142.250000 -1.352473
142.300000 -1.390157
142.350000 -1.420991
142.400000 -1.434695
142.450000 -1.403861
142.500000 -1.342195
142.550000 -1.283955
142.600000 -1.218864
142.650000 -1.160623
142.700000 -1.133216
142.750000 -1.133216
142.800000 -1.109235
142.850000 -1.092105
142.900000 -1.081828
142.950000 -1.064699
143.000000 -1.037291
143.050000 -1.013310
143.100000 -0.958496
143.150000 -0.893403
143.200000 -0.835164
143.250000 -0.742664
143.300000 -0.633036
143.350000 -0.581648
143.400000 -0.571370
143.450000 -0.557666
143.500000 -0.602203
143.550000 -0.691276
143.600000 -0.766646
143.650000 -0.855718
143.700000 -1.016736
143.750000 -1.170900
143.800000 -1.249696
143.850000 -1.290807
143.900000 -1.318214
143.950000 -1.304510
144.000000 -1.266826
144.050000 -1.222289
144.100000 -1.164048
144.150000 -1.109235
144.200000 -1.095531
144.250000 -1.109235
144.300000 -1.122938
144.350000 -1.133216
144.400000 -1.157197
144.450000 -1.181179
144.500000 -1.191456
144.550000 -1.170900
144.600000 -1.133216
144.650000 -1.112661
144.700000 -1.074976
144.750000 -0.996181
144.800000 -0.927663
144.850000 -0.924236
144.900000 -0.948218
144.950000 -0.972199
145.000000 -1.040717
145.050000 -1.146919
145.100000 -1.242844
145.150000 -1.311362
145.200000 -1.379880
145.250000 -1.424417
145.300000 -1.434695
145.350000 -1.414139
145.400000 -1.355898
145.450000 -1.277104
145.500000 -1.198308
145.550000 -1.126364
145.600000 -1.016736
145.650000 -0.889978
145.700000 -0.804330
145.750000 -0.773498
145.800000 -0.773498
145.850000 -0.790627
145.900000 -0.828312
145.950000 -0.889977
146.000000 -0.951644
146.050000 -0.985902
146.100000 -1.013310
146.150000 -1.081827
146.200000 -1.160623
146.250000 -1.170901
146.300000 -1.164048
146.350000 -1.191456
146.400000 -1.198307
146.450000 -1.140067
146.500000 -1.088680
146.550000 -1.044143
146.600000 -0.965347
146.650000 -0.883126
146.700000 -0.835164
146.750000 -0.776923
146.800000 -0.701554
146.850000 -0.646739
146.900000 -0.619332
146.950000 -0.609055
147.000000 -0.605629
147.050000 -0.595351
147.100000 -0.602203
147.150000 -0.663869
147.200000 -0.763220
147.250000 -0.845441
147.300000 -0.924237
147.350000 -1.047569
147.400000 -1.194882
147.450000 -1.311363
147.500000 -1.420991
147.550000 -1.534045
147.600000 -1.605989
147.650000 -1.612841
147.700000 -1.602563
147.750000 -1.599136
147.800000 -1.564878
147.850000 -1.503212
147.900000 -1.434695
147.950000 -1.349047
148.000000 -1.253122
148.050000 -1.177752
148.100000 -1.133216
148.150000 -1.112661
148.200000 -1.088680
148.250000 -1.057846
148.300000 -1.033865
148.350000 -1.020161
148.400000 -0.989328
148.450000 -0.927663
148.500000 -0.876274
148.550000 -0.845441
148.600000 -0.780349
148.650000 -0.701554
148.700000 -0.674147
148.750000 -0.680998
148.800000 -0.694702
148.850000 -0.722109
148.900000 -0.787201
148.950000 -0.879700
149.000000 -0.975624
149.050000 -1.050995
149.100000 -1.109234
149.150000 -1.188031
149.200000 -1.263400
149.250000 -1.283955
149.300000 -1.297659
149.350000 -1.335343
149.400000 -1.349047
149.450000 -1.342196
149.500000 -1.345621
149.550000 -1.335343
149.600000 -1.307936
149.650000 -1.290807
149.700000 -1.266826
149.750000 -1.212012
149.800000 -1.157197
149.850000 -1.119512
149.900000 -1.092105
149.950000 -1.064699
150.000000 -1.020162
150.050000 -0.944792
150.100000 -0.879700
150.150000 -0.872848
150.200000 -0.879700
150.250000 -0.876274
150.300000 -0.913959
150.350000 -0.985903
150.400000 -1.033865
150.450000 -1.068124
150.500000 -1.126364
150.550000 -1.191456
150.600000 -1.239418
150.650000 -1.294233
150.700000 -1.345621
150.750000 -1.359324
150.800000 -1.366177
150.850000 -1.373028
150.900000 -1.349047
150.950000 -1.307936
151.000000 -1.263400
151.050000 -1.188030
151.100000 -1.092105
151.150000 -1.023588
151.200000 -0.961921
151.250000 -0.883126
151.300000 -0.818034
151.350000 -0.783775
151.400000 -0.749516
151.450000 -0.725535
151.500000 -0.746090
151.550000 -0.804331
151.600000 -0.879700
151.650000 -0.951644
151.700000 -1.030440
151.750000 -1.122939
151.800000 -1.205159
151.850000 -1.229141
151.900000 -1.218863
151.950000 -1.225715
152.000000 -1.212011
152.050000 -1.136642
152.100000 -1.068124
152.150000 -1.044143
152.200000 -1.020161
152.250000 -0.975625
152.300000 -0.961922
152.350000 -0.982477
152.400000 -1.006458
152.450000 -1.057846
152.500000 -1.143493
152.550000 -1.229140
152.600000 -1.290807
152.650000 -1.314788
152.700000 -1.325066
152.750000 -1.325065
152.800000 -1.294232
152.850000 -1.215437
152.900000 -1.116087
152.950000 -1.013310
153.000000 -0.876274
153.050000 -0.708406
153.100000 -0.561093
153.150000 -0.427483
153.200000 -0.304150
153.250000 -0.211651
153.300000 -0.167114
153.350000 -0.156838
153.400000 -0.194522
153.450000 -0.297299
153.500000 -0.437760
153.550000 -0.574796
153.600000 -0.704980
153.650000 -0.835163
153.700000 -0.961922
153.750000 -1.078401
153.800000 -1.153771
153.850000 -1.167474
153.900000 -1.160623
153.950000 -1.174327
154.000000 -1.167474
154.050000 -1.119512
154.100000 -1.074976
154.150000 -1.050995
154.200000 -1.013309
154.250000 -0.958495
154.300000 -0.896830
154.350000 -0.859145
154.400000 -0.838589
154.450000 -0.818034
154.500000 -0.787201
154.550000 -0.756368
154.600000 -0.722110
154.650000 -0.646739
154.700000 -0.557666
154.750000 -0.506278
154.800000 -0.461741
154.850000 -0.400076
154.900000 -0.365817
154.950000 -0.386372
155.000000 -0.406927
155.050000 -0.430909
155.100000 -0.482297
155.150000 -0.557666
155.200000 -0.633036
155.250000 -0.732386
155.300000 -0.842016
155.350000 -0.934515
155.400000 -0.982477
155.450000 -1.013309
155.500000 -1.064698
155.550000 -1.116086
155.600000 -1.136642
155.650000 -1.136642
155.700000 -1.160623
155.750000 -1.191456
155.800000 -1.208586
155.850000 -1.232566
155.900000 -1.259974
155.950000 -1.263400
156.000000 -1.246270
156.050000 -1.232567
156.100000 -1.194882
156.150000 -1.143494
156.200000 -1.088679
156.250000 -1.030439
156.300000 -0.985902
156.350000 -0.979051
156.400000 -0.996180
156.450000 -1.020162
156.500000 -1.068124
156.550000 -1.133216
156.600000 -1.184605
156.650000 -1.239419
156.700000 -1.301084
156.750000 -1.331918
156.800000 -1.318214
156.850000 -1.290807
156.900000 -1.270251
156.950000 -1.232566
157.000000 -1.167475
157.050000 -1.102382
157.100000 -1.061272
157.150000 -1.061272
157.200000 -1.061272
157.250000 -1.037291
157.300000 -1.030439
157.350000 -1.040716
157.400000 -1.030439
157.450000 -0.985903
157.500000 -0.979051
157.550000 -0.996181
157.600000 -0.989328
157.650000 -0.965347
157.700000 -0.968773
157.750000 -0.989329
157.800000 -1.013310
157.850000 -1.061272
157.900000 -1.129790
157.950000 -1.191456
158.000000 -1.242845
158.050000 -1.266826
158.100000 -1.242844
158.150000 -1.201734
158.200000 -1.160623
158.250000 -1.081828
158.300000 -0.972199
158.350000 -0.876274
158.400000 -0.804331
158.450000 -0.749516
158.500000 -0.732386
158.550000 -0.746091
158.600000 -0.776923
158.650000 -0.814608
158.700000 -0.900256
158.750000 -1.023587
158.800000 -1.146919
158.850000 -1.263399
158.900000 -1.397010
158.950000 -1.530619
159.000000 -1.619693
159.050000 -1.643673
159.100000 -1.623119
159.150000 -1.571729
159.200000 -1.486083
159.250000 -1.369603
159.300000 -1.218863
159.350000 -1.047569
159.400000 -0.886551
159.450000 -0.752942
159.500000 -0.629610
159.550000 -0.543963
159.600000 -0.485722
159.650000 -0.458316
159.700000 -0.485723
159.750000 -0.540537
159.800000 -0.578222
159.850000 -0.619332
159.900000 -0.701554
159.950000 -0.783775
160.000000 -0.824886
160.050000 -0.828312
160.100000 -0.824885
160.150000 -0.814608
160.200000 -0.804330
160.250000 -0.790627
160.300000 -0.804330
160.350000 -0.848867
160.400000 -0.872849
160.450000 -0.859145
160.500000 -0.865996
160.550000 -0.907107
160.600000 -0.903682
160.650000 -0.865997
160.700000 -0.872848
160.750000 -0.876274
160.800000 -0.811182
160.850000 -0.752942
160.900000 -0.749517
160.950000 -0.732387
161.000000 -0.677573
161.050000 -0.653591
161.100000 -0.670720
161.150000 -0.691276
161.200000 -0.677572
161.250000 -0.660443
161.300000 -0.674147
161.350000 -0.698128
161.400000 -0.711832
161.450000 -0.732387
161.500000 -0.763220
161.550000 -0.794053
161.600000 -0.842015
161.650000 -0.910533
161.700000 -0.965347
161.750000 -0.996181
161.800000 -1.020162
161.850000 -1.009884
161.900000 -0.972199
161.950000 -0.951644
162.000000 -0.934515
162.050000 -0.883126
162.100000 -0.821460
162.150000 -0.790627
162.200000 -0.773498
162.250000 -0.728961
162.300000 -0.680999
162.350000 -0.653592
162.400000 -0.626184
162.450000 -0.602203
162.500000 -0.591925
162.550000 -0.578222
162.600000 -0.543962
162.650000 -0.499426
162.700000 -0.451464
162.750000 -0.413779
162.800000 -0.396649
162.850000 -0.413779
162.900000 -0.468593
162.950000 -0.533685
163.000000 -0.595351
163.050000 -0.663869
163.100000 -0.749516
163.150000 -0.835163
163.200000 -0.913959
163.250000 -0.999606
163.300000 -1.078401
163.350000 -1.119512
163.400000 -1.126364
163.450000 -1.119512
163.500000 -1.136641
163.550000 -1.150345
163.600000 -1.122939
163.650000 -1.061272
163.700000 -1.020161
163.750000 -1.006458
163.800000 -0.958496
163.850000 -0.865996
163.900000 -0.804330
163.950000 -0.776923
164.000000 -0.728961
164.050000 -0.657017
164.100000 -0.595352
164.150000 -0.547389
164.200000 -0.496001
164.250000 -0.472019
164.300000 -0.475445
164.350000 -0.468594
164.400000 -0.475445
164.450000 -0.523407
164.500000 -0.564518
164.550000 -0.571370
164.600000 -0.588500
164.650000 -0.636462
164.700000 -0.687850
164.750000 -0.756368
164.800000 -0.835164
164.850000 -0.889977
164.900000 -0.924237
164.950000 -0.982476
165.000000 -1.023588
165.050000 -1.030439
165.100000 -1.047569
165.150000 -1.074975
165.200000 -1.074976
165.250000 -1.071550
165.300000 -1.095531
165.350000 -1.122938
165.400000 -1.129790
165.450000 -1.136642
165.500000 -1.160623
165.550000 -1.188030
165.600000 -1.208585
165.650000 -1.246270
165.700000 -1.283955
165.750000 -1.273678
165.800000 -1.218863
165.850000 -1.157197
165.900000 -1.095531
165.950000 -1.016736
166.000000 -0.931089
166.050000 -0.872848
166.100000 -0.828312
166.150000 -0.790627
166.200000 -0.787201
166.250000 -0.807756
166.300000 -0.842015
166.350000 -0.903681
166.400000 -0.965347
166.450000 -0.989329
166.500000 -1.003032
166.550000 -1.037291
166.600000 -1.047569
166.650000 -0.989328
166.700000 -0.927663
166.750000 -0.893404
166.800000 -0.848867
166.850000 -0.770072
166.900000 -0.711831
166.950000 -0.698127
167.000000 -0.691277
167.050000 -0.667295
167.100000 -0.633035
167.150000 -0.633036
167.200000 -0.626184
167.250000 -0.585074
167.300000 -0.533685
167.350000 -0.516556
167.400000 -0.499426
167.450000 -0.461741
167.500000 -0.441186
167.550000 -0.458315
167.600000 -0.496001
167.650000 -0.523407
167.700000 -0.564518
167.750000 -0.633036
167.800000 -0.725535
167.850000 -0.831737
167.900000 -0.937940
167.950000 -1.047569
168.000000 -1.143494
168.050000 -1.191456
168.100000 -1.215438
168.150000 -1.222289
168.200000 -1.177752
168.250000 -1.074976
168.300000 -0.975625
168.350000 -0.893404
168.400000 -0.780349
168.450000 -0.643313
168.500000 -0.509703
168.550000 -0.389797
168.600000 -0.304150
168.650000 -0.273317
168.700000 -0.283595
168.750000 -0.317854
168.800000 -0.369243
168.850000 -0.441186
168.900000 -0.533685
168.950000 -0.636462
169.000000 -0.718683
169.050000 -0.763219
169.100000 -0.787201
169.150000 -0.804330
169.200000 -0.776923
169.250000 -0.711832
169.300000 -0.653591
169.350000 -0.612481
169.400000 -0.578222
169.450000 -0.574795
169.500000 -0.619333
169.550000 -0.704980
169.600000 -0.828312
169.650000 -0.975625
169.700000 -1.116087
169.750000 -1.246271
169.800000 -1.373028
169.850000 -1.448398
169.900000 -1.468954
169.950000 -1.458676
170.000000 -1.434694
170.050000 -1.366176
170.100000 -1.283956
170.150000 -1.205160
170.200000 -1.109235
170.250000 -1.013309
170.300000 -0.937940
170.350000 -0.893404
170.400000 -0.893404
170.450000 -0.920810
170.500000 -0.955069
170.550000 -0.996181
170.600000 -1.047569
170.650000 -1.088679
170.700000 -1.116086
170.750000 -1.157197
170.800000 -1.194882
170.850000 -1.194882
170.900000 -1.205160
170.950000 -1.212011
171.000000 -1.164049
171.050000 -1.085253
171.100000 -1.033865
171.150000 -0.989328
171.200000 -0.937940
171.250000 -0.903682
171.300000 -0.869422
171.350000 -0.821460
171.400000 -0.800905
171.450000 -0.818034
171.500000 -0.845442
171.550000 -0.889978
171.600000 -0.989329
171.650000 -1.078402
171.700000 -1.136642
171.750000 -1.212012
171.800000 -1.283955
171.850000 -1.314788
171.900000 -1.325066
171.950000 -1.331917
172.000000 -1.301085
172.050000 -1.218863
172.100000 -1.146920
172.150000 -1.105809
172.200000 -1.064698
172.250000 -1.027014
172.300000 -1.013309
172.350000 -1.009884
172.400000 -1.009884
172.450000 -1.027013
172.500000 -1.054420
172.550000 -1.078402
172.600000 -1.081828
172.650000 -1.033865
172.700000 -0.955069
172.750000 -0.869423
172.800000 -0.756368
172.850000 -0.598777
172.900000 -0.475445
172.950000 -0.400076
173.000000 -0.345261
173.050000 -0.300725
173.100000 -0.304151
173.150000 -0.341836
173.200000 -0.406927
173.250000 -0.489149
173.300000 -0.588499
173.350000 -0.701554
173.400000 -0.797479
173.450000 -0.852293
173.500000 -0.893403
173.550000 -0.951644
173.600000 -0.985902
173.650000 -0.972199
173.700000 -0.961922
173.750000 -0.975625
173.800000 -0.985903
173.850000 -1.006458
173.900000 -1.071550
173.950000 -1.129790
174.000000 -1.150345
174.050000 -1.184605
174.100000 -1.266826
174.150000 -1.331917
174.200000 -1.338769
174.250000 -1.335343
174.300000 -1.359325
174.350000 -1.397010
174.400000 -1.407287
174.450000 -1.386732
174.500000 -1.400436
174.550000 -1.431268
174.600000 -1.420991
174.650000 -1.376454
174.700000 -1.342195
174.750000 -1.307936
174.800000 -1.235992
174.850000 -1.164049
174.900000 -1.126365
174.950000 -1.092105
175.000000 -1.050994
175.050000 -1.044143
175.100000 -1.061272
175.150000 -1.088679
175.200000 -1.150346
175.250000 -1.225715
175.300000 -1.263399
175.350000 -1.311363
175.400000 -1.386732
175.450000 -1.400435
175.500000 -1.321640
175.550000 -1.266826
175.600000 -1.242844
175.650000 -1.174327
175.700000 -1.092105
175.750000 -1.044143
175.800000 -0.989329
175.850000 -0.924237
175.900000 -0.889977
175.950000 -0.879700
176.000000 -0.855719
176.050000 -0.838589
176.100000 -0.824886
176.150000 -0.790627
176.200000 -0.776924
176.250000 -0.807757
176.300000 -0.831738
176.350000 -0.869422
176.400000 -0.944792
176.450000 -1.040717
176.500000 -1.119512
176.550000 -1.191456
176.600000 -1.253122
176.650000 -1.301084
176.700000 -1.335343
176.750000 -1.355899
176.800000 -1.342195
176.850000 -1.283955
176.900000 -1.222289
176.950000 -1.184605
177.000000 -1.140068
177.050000 -1.064699
177.100000 -1.006458
177.150000 -1.006458
177.200000 -1.013310
177.250000 -1.013310
177.300000 -1.030439
177.350000 -1.054420
177.400000 -1.020162
177.450000 -0.958496
177.500000 -0.937940
177.550000 -0.941366
177.600000 -0.896829
177.650000 -0.835163
177.700000 -0.804330
177.750000 -0.790627
177.800000 -0.783775
177.850000 -0.800905
177.900000 -0.852293
177.950000 -0.927663
178.000000 -1.016736
178.050000 -1.105809
178.100000 -1.184604
178.150000 -1.259974
178.200000 -1.328491
178.250000 -1.379880
178.300000 -1.424416
178.350000 -1.455250
178.400000 -1.441546
178.450000 -1.383306
178.500000 -1.314788
178.550000 -1.246271
178.600000 -1.122938
178.650000 -0.979051
178.700000 -0.876274
178.750000 -0.811182
178.800000 -0.746090
178.850000 -0.701554
178.900000 -0.691276
178.950000 -0.711831
179.000000 -0.770072
179.050000 -0.865996
179.100000 -0.944792
179.150000 -1.006458
179.200000 -1.061272
179.250000 -1.054421
179.300000 -1.006458
179.350000 -0.958495
179.400000 -0.886551
179.450000 -0.776924
179.500000 -0.687850
179.550000 -0.650166
179.600000 -0.612480
179.650000 -0.578222
179.700000 -0.598777
179.750000 -0.667295
179.800000 -0.739238
179.850000 -0.814608
179.900000 -0.872849
179.950000 -0.924237
180.000000 -0.965347
180.050000 -0.985902
180.100000 -0.992754
180.150000 -0.996181
180.200000 -1.006458
180.250000 -0.992754
180.300000 -0.996181
180.350000 -1.037291
180.400000 -1.061272
180.450000 -1.040717
180.500000 -1.016735
180.550000 -0.989328
180.600000 -0.941366
180.650000 -0.889978
180.700000 -0.842015
180.750000 -0.770072
180.800000 -0.687850
180.850000 -0.636462
180.900000 -0.629610
180.950000 -0.660443
181.000000 -0.708406
181.050000 -0.770072
181.100000 -0.852293
181.150000 -0.944791
181.200000 -1.033865
181.250000 -1.085253
181.300000 -1.095532
181.350000 -1.095531
181.400000 -1.081828
181.450000 -1.037291
181.500000 -0.968774
181.550000 -0.920811
181.600000 -0.879700
181.650000 -0.862571
181.700000 -0.893404
181.750000 -0.958496
181.800000 -0.985903
181.850000 -0.996180
181.900000 -1.030439
181.950000 -1.064698
182.000000 -1.071550
182.050000 -1.068124
182.100000 -1.068124
182.150000 -1.047569
182.200000 -0.999607
182.250000 -0.955070
182.300000 -0.917385
182.350000 -0.900255
182.400000 -0.900255
182.450000 -0.900256
182.500000 -0.907108
182.550000 -0.955069
182.600000 -1.016735
182.650000 -1.057846
182.700000 -1.112661
182.750000 -1.201734
182.800000 -1.259974
182.850000 -1.270252
182.900000 -1.297658
182.950000 -1.338769
183.000000 -1.345621
183.050000 -1.342195
183.100000 -1.376454
183.150000 -1.424417
183.200000 -1.441546
183.250000 -1.431269
183.300000 -1.393584
183.350000 -1.345622
183.400000 -1.297659
183.450000 -1.249696
183.500000 -1.184604
183.550000 -1.105809
183.600000 -1.020161
183.650000 -0.934514
183.700000 -0.876274
183.750000 -0.824886
183.800000 -0.770071
183.850000 -0.759794
183.900000 -0.824886
183.950000 -0.913959
184.000000 -0.999606
184.050000 -1.112661
184.100000 -1.270252
184.150000 -1.417565
184.200000 -1.534045
184.250000 -1.623118
184.300000 -1.688210
184.350000 -1.722469
184.400000 -1.719043
184.450000 -1.664229
184.500000 -1.575156
184.550000 -1.475805
184.600000 -1.338769
184.650000 -1.164049
184.700000 -0.999607
184.750000 -0.869422
184.800000 -0.766646
184.850000 -0.694702
184.900000 -0.677572
184.950000 -0.691276
185.000000 -0.711832
185.050000 -0.728961
185.100000 -0.746090
185.150000 -0.766646
185.200000 -0.780349
185.250000 -0.770071
185.300000 -0.746090
185.350000 -0.725535
185.400000 -0.701554
185.450000 -0.650165
185.500000 -0.619333
185.550000 -0.626184
185.600000 -0.639887
185.650000 -0.670721
185.700000 -0.752942
185.750000 -0.865997
185.800000 -0.944792
185.850000 -1.009884
185.900000 -1.088680
185.950000 -1.143494
186.000000 -1.126364
186.050000 -1.068124
186.100000 -1.006458
186.150000 -0.951643
186.200000 -0.886552
186.250000 -0.794053
186.300000 -0.701554
186.350000 -0.626184
186.400000 -0.550815
186.450000 -0.482297
186.500000 -0.430908
186.550000 -0.396649
186.600000 -0.362391
186.650000 -0.352113
186.700000 -0.358965
186.750000 -0.362390
186.800000 -0.376094
186.850000 -0.427482
186.900000 -0.502852
186.950000 -0.595351
187.000000 -0.725535
187.050000 -0.865997
187.100000 -0.992754
187.150000 -1.116086
187.200000 -1.225715
187.250000 -1.287381
187.300000 -1.321640
187.350000 -1.342195
187.400000 -1.331917
187.450000 -1.273677
187.500000 -1.194882
187.550000 -1.126364
187.600000 -1.050994
187.650000 -0.961921
187.700000 -0.872848
187.750000 -0.821460
187.800000 -0.807756
187.850000 -0.821460
187.900000 -0.848867
187.950000 -0.913959
188.000000 -1.016736
188.050000 -1.143494
188.100000 -1.273677
188.150000 -1.383306
188.200000 -1.482656
188.250000 -1.564878
188.300000 -1.612841
188.350000 -1.629969
188.400000 -1.623118
188.450000 -1.575156
188.500000 -1.492935
188.550000 -1.410713
188.600000 -1.328491
188.650000 -1.215438
188.700000 -1.116086
188.750000 -1.074976
188.800000 -1.050995
188.850000 -1.016736
