time[ns] Raw_signal[mV]
-11.100000 -0.067764
-11.050000 -0.030079
-11.000000 0.028160
-10.950000 0.110382
-10.900000 0.182326
-10.850000 0.243992
-10.800000 0.329639
-10.750000 0.405009
-10.700000 0.415286
-10.650000 0.381028
-10.600000 0.343343
-10.550000 0.264547
-10.500000 0.130937
-10.450000 -0.012950
-10.400000 -0.149985
-10.350000 -0.249336
-10.300000 -0.307577
-10.250000 -0.321280
-10.200000 -0.304151
-10.150000 -0.228781
-10.100000 -0.102023
-10.050000 0.058994
-10.000000 0.243992
-9.950000 0.418712
-9.900000 0.504359
-9.850000 0.514637
-9.800000 0.504359
-9.750000 0.463249
-9.700000 0.346769
-9.650000 0.151493
-9.600000 -0.057487
-9.550000 -0.293873
-9.500000 -0.554241
-9.450000 -0.776923
-9.400000 -0.917385
-9.350000 -1.003032
-9.300000 -1.033865
-9.250000 -0.999606
-9.200000 -0.913959
-9.150000 -0.770071
-9.100000 -0.540536
-9.050000 -0.259614
-9.000000 0.011031
-8.950000 0.261122
-8.900000 0.470100
-8.850000 0.613988
-8.800000 0.703061
-8.750000 0.720191
-8.700000 0.627692
-8.650000 0.446120
-8.600000 0.247418
-8.550000 0.045290
-8.500000 -0.156837
-8.450000 -0.334983
-8.400000 -0.454890
-8.350000 -0.523407
-8.300000 -0.550814
-8.250000 -0.547388
-8.200000 -0.540537
-8.150000 -0.519981
-8.100000 -0.482297
-8.050000 -0.468593
-8.000000 -0.472019
-7.950000 -0.468593
-7.900000 -0.485723
-7.850000 -0.530259
-7.800000 -0.557666
-7.750000 -0.530259
-7.700000 -0.472019
-7.650000 -0.403501
-7.600000 -0.304151
-7.550000 -0.173967
-7.500000 -0.040357
-7.450000 0.082975
-7.400000 0.161771
-7.350000 0.192603
-7.300000 0.175474
-7.250000 0.130938
-7.200000 0.103530
-7.150000 0.089827
-7.100000 0.048716
-7.050000 0.014457
-7.000000 0.045290
-6.950000 0.103530
-6.900000 0.144641
-6.850000 0.196029
-6.800000 0.281677
-6.750000 0.367324
-6.700000 0.428990
-6.650000 0.487230
-6.600000 0.528341
-6.550000 0.528341
-6.500000 0.490656
-6.450000 0.428990
-6.400000 0.329639
-6.350000 0.185752
-6.300000 0.045290
-6.250000 -0.074615
-6.200000 -0.163689
-6.150000 -0.228781
-6.100000 -0.269891
-6.050000 -0.283595
-6.000000 -0.232207
-5.950000 -0.153411
-5.900000 -0.102023
-5.850000 -0.071190
-5.800000 -0.033505
-5.750000 -0.002672
-5.700000 -0.002673
-5.650000 -0.019801
-5.600000 -0.060912
-5.550000 -0.098597
-5.500000 -0.119152
-5.450000 -0.143133
-5.400000 -0.187671
-5.350000 -0.201374
-5.300000 -0.177392
-5.250000 -0.156837
-5.200000 -0.149985
-5.150000 -0.136281
-5.100000 -0.126005
-5.050000 -0.139708
-5.000000 -0.153411
-4.950000 -0.167115
-4.900000 -0.191096
-4.850000 -0.211651
-4.800000 -0.215077
-4.750000 -0.208225
-4.700000 -0.187671
-4.650000 -0.153412
-4.600000 -0.115726
-4.550000 -0.088320
-4.500000 -0.064338
-4.450000 -0.043783
-4.400000 -0.006098
-4.350000 0.031587
-4.300000 0.031586
-4.250000 0.011032
-4.200000 0.014458
-4.150000 0.041864
-4.100000 0.028161
-4.050000 -0.009524
-4.000000 -0.033505
-3.950000 -0.084893
-3.900000 -0.170540
-3.850000 -0.228781
-3.800000 -0.263040
-3.750000 -0.317854
-3.700000 -0.376095
-3.650000 -0.376095
-3.600000 -0.352113
-3.550000 -0.345261
-3.500000 -0.324706
-3.450000 -0.259614
-3.400000 -0.180818
-3.350000 -0.088319
-3.300000 0.058994
-3.250000 0.158345
-3.200000 0.130938
-3.150000 0.151493
-3.100000 0.336491
-3.050000 0.439267
-3.000000 0.370750
-2.950000 0.384454
-2.900000 0.521489
-2.850000 0.514637
-2.800000 0.401583
-2.750000 0.367324
-2.700000 0.302232
-2.650000 0.213159
-2.600000 0.305658
-2.550000 0.432416
-2.500000 0.322787
-2.450000 0.257695
-2.400000 0.428990
-2.350000 0.483805
-2.300000 0.367324
-2.250000 0.439267
-2.200000 0.562600
-2.150000 0.449546
-2.100000 0.401583
-2.050000 0.610562
-2.000000 0.696210
-1.950000 0.518064
-1.900000 0.405009
-1.850000 0.435842
-1.800000 0.504360
-1.750000 0.620840
-1.700000 0.655099
-1.650000 0.483804
-1.600000 0.357046
-1.550000 0.398157
-1.500000 0.329639
-1.450000 0.161770
-1.400000 0.237140
-1.350000 0.432416
-1.300000 0.428990
-1.250000 0.367324
-1.200000 0.381027
-1.150000 0.322787
-1.100000 0.312510
-1.050000 0.470100
-1.000000 0.411860
-0.950000 0.031586
-0.900000 -0.153412
-0.850000 -0.064339
-0.800000 -0.170540
-0.750000 -0.355539
-0.700000 -0.287021
-0.650000 -0.197948
-0.600000 -0.276743
-0.550000 -0.245910
-0.500000 -0.043783
-0.450000 0.045291
-0.400000 0.041865
-0.350000 0.127512
-0.300000 0.220010
-0.250000 0.178900
-0.200000 0.062419
-0.150000 -0.081468
-0.100000 -0.235633
-0.050000 -0.393223
0.000000 -0.537111
0.050000 -0.615906
0.100000 -0.609054
0.150000 -0.609055
0.200000 -0.633036
0.250000 -0.509703
0.300000 -0.256188
0.350000 -0.149985
0.400000 -0.180818
0.450000 -0.074616
0.500000 0.148067
0.550000 0.247418
0.600000 0.257695
0.650000 0.333065
0.700000 0.377602
0.750000 0.357047
0.800000 0.466675
0.850000 0.805838
0.900000 1.333425
0.950000 2.145361
1.000000 3.419792
1.050000 5.197825
1.100000 7.558267
1.150000 10.699813
1.200000 14.694395
1.250000 19.449529
1.300000 24.954934
1.350000 31.203758
1.400000 38.024708
1.450000 45.184823
1.500000 52.567612
1.550000 60.104565
1.600000 67.651812
1.650000 75.068862
1.700000 82.239252
1.750000 89.067042
1.800000 95.449472
1.850000 101.249502
1.900000 106.336962
1.950000 110.663852
2.000000 114.209652
2.050000 116.912672
2.100000 118.673582
2.150000 119.550612
2.200000 119.632832
2.250000 118.906552
2.300000 117.272392
2.350000 114.747512
2.400000 111.503192
2.450000 107.649072
2.500000 103.226252
2.550000 98.330652
2.600000 93.137002
2.650000 87.710392
2.700000 82.057672
2.750000 76.312452
2.800000 70.608352
2.850000 64.965912
2.900000 59.433092
2.950000 54.205182
3.000000 49.415792
3.050000 45.068342
3.100000 41.255322
3.150000 38.192572
3.200000 35.904082
3.250000 34.324742
3.300000 33.512812
3.350000 33.461424
3.400000 34.012991
3.450000 35.057883
3.500000 36.575552
3.550000 38.425542
3.600000 40.395432
3.650000 42.365312
3.700000 44.263252
3.750000 45.986472
3.800000 47.435622
3.850000 48.559322
3.900000 49.330142
3.950000 49.689862
4.000000 49.648752
4.050000 49.258202
4.100000 48.525062
4.150000 47.428772
4.200000 45.965922
4.250000 44.187882
4.300000 42.156332
4.350000 39.884962
4.400000 37.366942
4.450000 34.674192
4.500000 31.957462
4.550000 29.268132
4.600000 26.575382
4.650000 23.961432
4.700000 21.587287
4.750000 19.480367
4.800000 17.620107
4.850000 16.078461
4.900000 14.934208
4.950000 14.163388
5.000000 13.683757
5.050000 13.467923
5.100000 13.515890
5.150000 13.820794
5.200000 14.331249
5.250000 14.989020
5.300000 15.763276
5.350000 16.633454
5.400000 17.555010
5.450000 18.480004
5.500000 19.391288
5.550000 20.244336
5.600000 20.991186
5.650000 21.618117
5.700000 22.125149
5.750000 22.457459
5.800000 22.570514
5.850000 22.481442
5.900000 22.197098
5.950000 21.714048
6.000000 21.049422
6.050000 20.216930
6.100000 19.196018
6.150000 18.044919
6.200000 16.815025
6.250000 15.478926
6.300000 14.036625
6.350000 12.577199
6.400000 11.176010
6.450000 9.860467
6.500000 8.627145
6.550000 7.489749
6.600000 6.499667
6.650000 5.674028
6.700000 5.043664
6.750000 4.601725
6.800000 4.365338
6.850000 4.348209
6.900000 4.526354
6.950000 4.817555
7.000000 5.201259
7.050000 5.704864
7.100000 6.259860
7.150000 6.818274
7.200000 7.404099
7.250000 7.986504
7.300000 8.490111
7.350000 8.949180
7.400000 9.384268
7.450000 9.709726
7.500000 9.925555
7.550000 10.090003
7.600000 10.189353
7.650000 10.148242
7.700000 10.011201
7.750000 9.802222
7.800000 9.490467
7.850000 9.082790
7.900000 8.613443
7.950000 8.082427
8.000000 7.500028
8.050000 6.886793
8.100000 6.256429
8.150000 5.619214
8.200000 5.002554
8.250000 4.416726
8.300000 3.875436
8.350000 3.433496
8.400000 3.073777
8.450000 2.693503
8.500000 2.350914
8.550000 2.141935
8.600000 1.991196
8.650000 1.833605
8.700000 1.730829
8.750000 1.734254
8.800000 1.761661
8.850000 1.799346
8.900000 1.874716
8.950000 1.984345
9.000000 2.093972
9.050000 2.217305
9.100000 2.361192
9.150000 2.515357
9.200000 2.679800
9.250000 2.878501
9.300000 3.084055
9.350000 3.269053
9.400000 3.440347
9.450000 3.615068
9.500000 3.782936
9.550000 3.954231
9.600000 4.111822
9.650000 4.218025
9.700000 4.265987
9.750000 4.289968
9.800000 4.276265
9.850000 4.207747
9.900000 4.060433
9.950000 3.820621
10.000000 3.529420
10.050000 3.190257
10.100000 2.772299
10.150000 2.278971
10.200000 1.785643
10.250000 1.312869
10.300000 0.822967
10.350000 0.343343
10.400000 -0.060912
10.450000 -0.386372
10.500000 -0.650166
10.550000 -0.824886
10.600000 -0.889977
10.650000 -0.859145
10.700000 -0.739238
10.750000 -0.557666
10.800000 -0.314428
10.850000 -0.030079
10.900000 0.240566
10.950000 0.459823
11.000000 0.658524
11.050000 0.826393
11.100000 0.932596
11.150000 0.980559
11.200000 1.007965
11.250000 1.042224
11.300000 1.073057
11.350000 1.093613
11.400000 1.141576
11.450000 1.234074
11.500000 1.329999
11.550000 1.429350
11.600000 1.521849
11.650000 1.607496
11.700000 1.655458
11.750000 1.665736
11.800000 1.628051
11.850000 1.532127
11.900000 1.371110
11.950000 1.134723
12.000000 0.840096
12.050000 0.511211
12.100000 0.168622
12.150000 -0.180819
12.200000 -0.502852
12.250000 -0.800905
12.300000 -1.116086
12.350000 -1.420991
12.400000 -1.660803
12.450000 -1.849227
12.500000 -2.017095
12.550000 -2.123298
12.600000 -2.119872
12.650000 -2.058206
12.700000 -1.958855
12.750000 -1.801265
12.800000 -1.575156
12.850000 -1.314788
12.900000 -1.040717
12.950000 -0.780349
13.000000 -0.540537
13.050000 -0.293872
13.100000 -0.043783
13.150000 0.151493
13.200000 0.285102
13.250000 0.367324
13.300000 0.391306
13.350000 0.370750
13.400000 0.329639
13.450000 0.278251
13.500000 0.216585
13.550000 0.120660
13.600000 -0.030079
13.650000 -0.225355
13.700000 -0.420631
13.750000 -0.612480
13.800000 -0.852293
13.850000 -1.119512
13.900000 -1.379880
13.950000 -1.647099
14.000000 -1.921170
14.050000 -2.154131
14.100000 -2.359685
14.150000 -2.548109
14.200000 -2.657737
14.250000 -2.661163
14.300000 -2.640607
14.350000 -2.609775
14.400000 -2.489868
14.450000 -2.328851
14.500000 -2.205520
14.550000 -2.089039
14.600000 -1.938300
14.650000 -1.825246
14.700000 -1.773857
14.750000 -1.753302
14.800000 -1.749876
14.850000 -1.763580
14.900000 -1.749876
14.950000 -1.736173
15.000000 -1.743024
15.050000 -1.701914
15.100000 -1.592285
15.150000 -1.472379
15.200000 -1.338769
15.250000 -1.167475
15.300000 -1.003032
15.350000 -0.848867
15.400000 -0.670720
15.450000 -0.537111
15.500000 -0.485723
15.550000 -0.475445
15.600000 -0.519982
15.650000 -0.653592
15.700000 -0.821460
15.750000 -1.003032
15.800000 -1.270251
15.850000 -1.588859
15.900000 -1.845801
15.950000 -2.065058
16.000000 -2.308296
16.050000 -2.513850
16.100000 -2.630329
16.150000 -2.695422
16.200000 -2.733107
16.250000 -2.709125
16.300000 -2.637182
16.350000 -2.534405
16.400000 -2.414498
16.450000 -2.291166
16.500000 -2.150706
16.550000 -1.982837
16.600000 -1.808117
16.650000 -1.633395
16.700000 -1.455249
16.750000 -1.263400
16.800000 -1.102383
16.850000 -0.989328
16.900000 -0.903681
16.950000 -0.838589
17.000000 -0.811182
17.050000 -0.835164
17.100000 -0.900255
17.150000 -0.989328
17.200000 -1.095531
17.250000 -1.218863
17.300000 -1.342196
17.350000 -1.444972
17.400000 -1.530619
17.450000 -1.619692
17.500000 -1.722469
17.550000 -1.825245
17.600000 -1.907467
17.650000 -1.993115
17.700000 -2.082187
17.750000 -2.157557
17.800000 -2.226075
17.850000 -2.315147
17.900000 -2.345981
17.950000 -2.315148
18.000000 -2.284315
18.050000 -2.263760
18.100000 -2.195242
18.150000 -2.109594
18.200000 -2.041077
18.250000 -1.952004
18.300000 -1.866356
18.350000 -1.842375
18.400000 -1.842376
18.450000 -1.828671
18.500000 -1.862931
18.550000 -1.941726
18.600000 -1.989688
18.650000 -2.017095
18.700000 -2.071910
18.750000 -2.106169
18.800000 -2.095891
18.850000 -2.092465
18.900000 -2.089040
18.950000 -2.044503
19.000000 -1.986263
19.050000 -1.955430
19.100000 -1.938300
19.150000 -1.924596
19.200000 -1.928022
19.250000 -1.962282
19.300000 -2.003392
19.350000 -2.037651
19.400000 -2.075336
19.450000 -2.137002
19.500000 -2.181538
19.550000 -2.202094
19.600000 -2.208946
19.650000 -2.226074
19.700000 -2.232926
19.750000 -2.239778
19.800000 -2.250056
19.850000 -2.236352
19.900000 -2.188390
19.950000 -2.150706
20.000000 -2.123298
20.050000 -2.075335
20.100000 -1.982837
20.150000 -1.876634
20.200000 -1.743024
20.250000 -1.595711
20.300000 -1.465527
20.350000 -1.342195
20.400000 -1.191456
20.450000 -1.057847
20.500000 -1.003032
20.550000 -0.985903
20.600000 -0.996180
20.650000 -1.078402
20.700000 -1.222289
20.750000 -1.373028
20.800000 -1.523768
20.850000 -1.681359
20.900000 -1.804691
20.950000 -1.897189
21.000000 -1.975985
21.050000 -2.023947
21.100000 -2.047928
21.150000 -2.092465
21.200000 -2.140427
21.250000 -2.184964
21.300000 -2.263759
21.350000 -2.366536
21.400000 -2.486442
21.450000 -2.640608
21.500000 -2.805051
21.550000 -2.918105
21.600000 -2.993475
21.650000 -3.020881
21.700000 -2.976345
21.750000 -2.842735
21.800000 -2.661163
21.850000 -2.428203
21.900000 -2.119873
21.950000 -1.804691
22.000000 -1.530619
22.050000 -1.314788
22.100000 -1.153772
22.150000 -1.044142
22.200000 -0.972199
22.250000 -0.975625
22.300000 -1.047569
22.350000 -1.112660
22.400000 -1.143494
22.450000 -1.181178
22.500000 -1.208585
22.550000 -1.167475
22.600000 -1.085254
22.650000 -0.982477
22.700000 -0.821460
22.750000 -0.646739
22.800000 -0.550815
22.850000 -0.519982
22.900000 -0.513129
22.950000 -0.567944
23.000000 -0.722109
23.050000 -0.961921
23.100000 -1.218863
23.150000 -1.506638
23.200000 -1.811542
23.250000 -2.092465
23.300000 -2.304870
23.350000 -2.448758
23.400000 -2.513850
23.450000 -2.496720
23.500000 -2.397369
23.550000 -2.232926
23.600000 -2.044502
23.650000 -1.876634
23.700000 -1.749876
23.750000 -1.674507
23.800000 -1.664229
23.850000 -1.725895
23.900000 -1.862931
23.950000 -2.037651
24.000000 -2.222649
24.050000 -2.387092
24.100000 -2.506998
24.150000 -2.596071
24.200000 -2.630330
24.250000 -2.592645
24.300000 -2.500146
24.350000 -2.373388
24.400000 -2.191816
24.450000 -1.986263
24.500000 -1.828672
24.550000 -1.722469
24.600000 -1.640247
24.650000 -1.599137
24.700000 -1.612841
24.750000 -1.647100
24.800000 -1.701914
24.850000 -1.787561
24.900000 -1.869783
24.950000 -1.941726
25.000000 -1.996540
25.050000 -2.037651
25.100000 -2.071910
25.150000 -2.095891
25.200000 -2.092466
25.250000 -2.085614
25.300000 -2.102743
25.350000 -2.109595
25.400000 -2.082188
25.450000 -2.051354
25.500000 -2.020522
25.550000 -1.986263
25.600000 -1.934874
25.650000 -1.845801
25.700000 -1.722469
25.750000 -1.619692
25.800000 -1.551174
25.850000 -1.489508
25.900000 -1.431268
25.950000 -1.383306
26.000000 -1.338769
26.050000 -1.338769
26.100000 -1.383305
26.150000 -1.441546
26.200000 -1.520342
26.250000 -1.640247
26.300000 -1.784135
26.350000 -1.928022
26.400000 -2.075336
26.450000 -2.219223
26.500000 -2.339129
26.550000 -2.441905
26.600000 -2.544683
26.650000 -2.616626
26.700000 -2.650886
26.750000 -2.664588
26.800000 -2.668015
26.850000 -2.650885
26.900000 -2.613200
26.950000 -2.568664
27.000000 -2.527553
27.050000 -2.500146
27.100000 -2.462461
27.150000 -2.421350
27.200000 -2.380240
27.250000 -2.342555
27.300000 -2.315148
27.350000 -2.294592
27.400000 -2.246630
27.450000 -2.157557
27.500000 -2.075336
27.550000 -2.013670
27.600000 -1.914319
27.650000 -1.797838
27.700000 -1.749876
27.750000 -1.756728
27.800000 -1.743024
27.850000 -1.739598
27.900000 -1.784135
27.950000 -1.852653
28.000000 -1.934874
28.050000 -2.051355
28.100000 -2.154131
28.150000 -2.219223
28.200000 -2.256908
28.250000 -2.280889
28.300000 -2.274038
28.350000 -2.243204
28.400000 -2.188390
28.450000 -2.106169
28.500000 -1.996540
28.550000 -1.893764
28.600000 -1.825246
28.650000 -1.794413
28.700000 -1.801264
28.750000 -1.838950
28.800000 -1.924597
28.850000 -2.058206
28.900000 -2.226075
28.950000 -2.407647
29.000000 -2.602923
29.050000 -2.794773
29.100000 -2.955789
29.150000 -3.079121
29.200000 -3.164769
29.250000 -3.188750
29.300000 -3.133936
29.350000 -3.017455
29.400000 -2.856439
29.450000 -2.685144
29.500000 -2.510423
29.550000 -2.322000
29.600000 -2.154131
29.650000 -2.034225
29.700000 -1.965707
29.750000 -1.917744
29.800000 -1.907467
29.850000 -1.941726
29.900000 -1.986263
29.950000 -2.027373
30.000000 -2.054780
30.050000 -2.068484
30.100000 -2.065058
30.150000 -2.030799
30.200000 -1.982837
30.250000 -1.928023
30.300000 -1.852653
30.350000 -1.763580
30.400000 -1.719043
30.450000 -1.722469
30.500000 -1.746450
30.550000 -1.797839
30.600000 -1.890337
30.650000 -1.986262
30.700000 -2.068484
30.750000 -2.171260
30.800000 -2.267185
30.850000 -2.301444
30.900000 -2.284315
30.950000 -2.239778
31.000000 -2.154131
31.050000 -2.027373
31.100000 -1.890338
31.150000 -1.767006
31.200000 -1.653952
31.250000 -1.592285
31.300000 -1.585434
31.350000 -1.626544
31.400000 -1.715617
31.450000 -1.845801
31.500000 -2.006817
31.550000 -2.181538
31.600000 -2.359684
31.650000 -2.530979
31.700000 -2.674867
31.750000 -2.763939
31.800000 -2.760514
31.850000 -2.702273
31.900000 -2.637182
31.950000 -2.517275
32.000000 -2.328851
32.050000 -2.130150
32.100000 -1.965707
32.150000 -1.825246
32.200000 -1.725895
32.250000 -1.688210
32.300000 -1.719043
32.350000 -1.797838
32.400000 -1.914319
32.450000 -2.051354
32.500000 -2.212372
32.550000 -2.397369
32.600000 -2.565237
32.650000 -2.702274
32.700000 -2.818754
32.750000 -2.904401
32.800000 -2.931809
32.850000 -2.914678
32.900000 -2.859864
32.950000 -2.770791
33.000000 -2.671441
33.050000 -2.568664
33.100000 -2.445332
33.150000 -2.315148
33.200000 -2.222649
33.250000 -2.154131
33.300000 -2.078761
33.350000 -2.030799
33.400000 -2.006818
33.450000 -1.962281
33.500000 -1.910893
33.550000 -1.880060
33.600000 -1.845801
33.650000 -1.814968
33.700000 -1.797838
33.750000 -1.790987
33.800000 -1.804690
33.850000 -1.852653
33.900000 -1.897189
33.950000 -1.948578
34.000000 -2.058206
34.050000 -2.188390
34.100000 -2.287741
34.150000 -2.383666
34.200000 -2.479591
34.250000 -2.524128
34.300000 -2.524127
34.350000 -2.520701
34.400000 -2.479591
34.450000 -2.428202
34.500000 -2.417925
34.550000 -2.411073
34.600000 -2.356258
34.650000 -2.345981
34.700000 -2.407647
34.750000 -2.445332
34.800000 -2.435054
34.850000 -2.421351
34.900000 -2.387092
34.950000 -2.318574
35.000000 -2.250056
35.050000 -2.160983
35.100000 -2.037651
35.150000 -1.941726
35.200000 -1.883486
35.250000 -1.804690
35.300000 -1.756727
35.350000 -1.794412
35.400000 -1.856079
35.450000 -1.907467
35.500000 -2.006818
35.550000 -2.126724
35.600000 -2.202093
35.650000 -2.301444
35.700000 -2.431628
35.750000 -2.517275
35.800000 -2.548109
35.850000 -2.575516
35.900000 -2.592645
35.950000 -2.582367
36.000000 -2.551534
36.050000 -2.472739
36.100000 -2.328852
36.150000 -2.184964
36.200000 -2.030799
36.250000 -1.842375
36.300000 -1.647099
36.350000 -1.496360
36.400000 -1.366176
36.450000 -1.273678
36.500000 -1.290807
36.550000 -1.359324
36.600000 -1.420991
36.650000 -1.534045
36.700000 -1.743024
36.750000 -1.945152
36.800000 -2.075335
36.850000 -2.184964
36.900000 -2.270611
36.950000 -2.311723
37.000000 -2.318574
37.050000 -2.280889
37.100000 -2.184964
37.150000 -2.075336
37.200000 -1.975985
37.250000 -1.862930
37.300000 -1.767005
37.350000 -1.722469
37.400000 -1.725895
37.450000 -1.746450
37.500000 -1.787560
37.550000 -1.838950
37.600000 -1.897190
37.650000 -1.993114
37.700000 -2.099317
37.750000 -2.171261
37.800000 -2.212371
37.850000 -2.253482
37.900000 -2.263759
37.950000 -2.229501
38.000000 -2.167835
38.050000 -2.068484
38.100000 -1.948578
38.150000 -1.849227
38.200000 -1.780709
38.250000 -1.736173
38.300000 -1.756728
38.350000 -1.852653
38.400000 -1.989688
38.450000 -2.154131
38.500000 -2.383665
38.550000 -2.650885
38.600000 -2.918105
38.650000 -3.164769
38.700000 -3.342915
38.750000 -3.449117
38.800000 -3.503932
38.850000 -3.476525
38.900000 -3.339490
38.950000 -3.151065
39.000000 -2.945512
39.050000 -2.712551
39.100000 -2.459036
39.150000 -2.229501
39.200000 -2.023947
39.250000 -1.852653
39.300000 -1.749876
39.350000 -1.708765
39.400000 -1.712191
39.450000 -1.770431
39.500000 -1.873208
39.550000 -1.996541
39.600000 -2.123298
39.650000 -2.243204
39.700000 -2.321999
39.750000 -2.366536
39.800000 -2.393944
39.850000 -2.390518
39.900000 -2.345981
39.950000 -2.291167
40.000000 -2.253482
40.050000 -2.212371
40.100000 -2.181538
40.150000 -2.215797
40.200000 -2.298018
40.250000 -2.366536
40.300000 -2.452184
40.350000 -2.565238
40.400000 -2.657737
40.450000 -2.698848
40.500000 -2.726255
40.550000 -2.726255
40.600000 -2.685144
40.650000 -2.602923
40.700000 -2.496721
40.750000 -2.369962
40.800000 -2.260333
40.850000 -2.191816
40.900000 -2.150705
40.950000 -2.116446
41.000000 -2.113021
41.050000 -2.154131
41.100000 -2.232927
41.150000 -2.322000
41.200000 -2.424777
41.250000 -2.524127
41.300000 -2.596071
41.350000 -2.661163
41.400000 -2.736533
41.450000 -2.787921
41.500000 -2.791347
41.550000 -2.784494
41.600000 -2.787921
41.650000 -2.784495
41.700000 -2.774217
41.750000 -2.760514
41.800000 -2.733107
41.850000 -2.688570
41.900000 -2.640607
41.950000 -2.589219
42.000000 -2.527553
42.050000 -2.486443
42.100000 -2.445332
42.150000 -2.400795
42.200000 -2.363110
42.250000 -2.328852
42.300000 -2.274037
42.350000 -2.222649
42.400000 -2.184964
42.450000 -2.150706
42.500000 -2.102742
42.550000 -2.061633
42.600000 -2.020521
42.650000 -1.996540
42.700000 -1.993115
42.750000 -1.996540
42.800000 -1.979411
42.850000 -2.006818
42.900000 -2.092466
42.950000 -2.212371
43.000000 -2.345981
43.050000 -2.510424
43.100000 -2.681718
43.150000 -2.829031
43.200000 -2.942085
43.250000 -3.000326
43.300000 -3.003752
43.350000 -2.962641
43.400000 -2.863291
43.450000 -2.715977
43.500000 -2.534405
43.550000 -2.349407
43.600000 -2.178113
43.650000 -2.044503
43.700000 -1.948578
43.750000 -1.900615
43.800000 -1.917745
43.850000 -2.013670
43.900000 -2.157557
43.950000 -2.304870
44.000000 -2.438480
44.050000 -2.578942
44.100000 -2.691996
44.150000 -2.729681
44.200000 -2.722829
44.250000 -2.715977
44.300000 -2.691996
44.350000 -2.633755
44.400000 -2.575515
44.450000 -2.565238
44.500000 -2.592645
44.550000 -2.626904
44.600000 -2.657737
44.650000 -2.722829
44.700000 -2.787921
44.750000 -2.801625
44.800000 -2.784495
44.850000 -2.753662
44.900000 -2.695422
44.950000 -2.613201
45.000000 -2.524127
45.050000 -2.411073
45.100000 -2.301444
45.150000 -2.246630
45.200000 -2.250056
45.250000 -2.280889
45.300000 -2.363110
45.350000 -2.479591
45.400000 -2.582368
45.450000 -2.678292
45.500000 -2.791347
45.550000 -2.866716
45.600000 -2.873568
45.650000 -2.863291
45.700000 -2.846161
45.750000 -2.781069
45.800000 -2.685144
45.850000 -2.585793
45.900000 -2.465887
45.950000 -2.335703
46.000000 -2.229501
46.050000 -2.147279
46.100000 -2.095891
46.150000 -2.099317
46.200000 -2.133575
46.250000 -2.195242
46.300000 -2.294593
46.350000 -2.397369
46.400000 -2.476165
46.450000 -2.548108
46.500000 -2.606348
46.550000 -2.623478
46.600000 -2.596071
46.650000 -2.524127
46.700000 -2.390517
46.750000 -2.226075
46.800000 -2.075336
46.850000 -1.934874
46.900000 -1.808117
46.950000 -1.725895
47.000000 -1.708766
47.050000 -1.749876
47.100000 -1.852653
47.150000 -2.010244
47.200000 -2.157557
47.250000 -2.277463
47.300000 -2.380240
47.350000 -2.452183
47.400000 -2.452184
47.450000 -2.400795
47.500000 -2.339129
47.550000 -2.250056
47.600000 -2.119873
47.650000 -2.006818
47.700000 -1.938300
47.750000 -1.893763
47.800000 -1.886912
47.850000 -1.938300
47.900000 -2.017096
47.950000 -2.116446
48.000000 -2.239779
48.050000 -2.352833
48.100000 -2.441906
48.150000 -2.534405
48.200000 -2.620052
48.250000 -2.681718
48.300000 -2.753661
48.350000 -2.832458
48.400000 -2.911253
48.450000 -2.986622
48.500000 -3.061992
48.550000 -3.123658
48.600000 -3.151065
48.650000 -3.130510
48.700000 -3.068843
48.750000 -2.966067
48.800000 -2.808476
48.850000 -2.620052
48.900000 -2.424777
48.950000 -2.226075
49.000000 -2.003392
49.050000 -1.804691
49.100000 -1.674506
49.150000 -1.605988
49.200000 -1.575155
49.250000 -1.616266
49.300000 -1.715617
49.350000 -1.818394
49.400000 -1.924596
49.450000 -2.054780
49.500000 -2.160983
49.550000 -2.219223
49.600000 -2.260333
49.650000 -2.294593
49.700000 -2.291167
49.750000 -2.267186
49.800000 -2.246631
49.850000 -2.202094
49.900000 -2.143853
49.950000 -2.099317
50.000000 -2.058206
50.050000 -2.013670
50.100000 -2.003391
50.150000 -2.017095
50.200000 -2.006818
50.250000 -1.993114
50.300000 -2.006817
50.350000 -1.996541
50.400000 -1.941726
50.450000 -1.886912
50.500000 -1.845801
50.550000 -1.767005
50.600000 -1.677932
50.650000 -1.640247
50.700000 -1.653952
50.750000 -1.698488
50.800000 -1.780709
50.850000 -1.910893
50.900000 -2.075336
50.950000 -2.256908
51.000000 -2.441906
51.050000 -2.609774
51.100000 -2.777643
51.150000 -2.928383
51.200000 -3.048289
51.250000 -3.133936
51.300000 -3.195601
51.350000 -3.216157
51.400000 -3.223008
51.450000 -3.219583
51.500000 -3.164768
51.550000 -3.075696
51.600000 -2.993474
51.650000 -2.904401
51.700000 -2.746810
51.750000 -2.554961
51.800000 -2.400795
51.850000 -2.274037
51.900000 -2.123298
51.950000 -1.986262
52.000000 -1.917745
52.050000 -1.890338
52.100000 -1.873208
52.150000 -1.883486
52.200000 -1.934874
52.250000 -2.013670
52.300000 -2.102743
52.350000 -2.195242
52.400000 -2.277463
52.450000 -2.352833
52.500000 -2.411073
52.550000 -2.448758
52.600000 -2.445331
52.650000 -2.431628
52.700000 -2.431628
52.750000 -2.428202
52.800000 -2.400795
52.850000 -2.363110
52.900000 -2.352833
52.950000 -2.349407
53.000000 -2.349407
53.050000 -2.390518
53.100000 -2.486443
53.150000 -2.568664
53.200000 -2.647459
53.250000 -2.774217
53.300000 -2.935234
53.350000 -3.055140
53.400000 -3.103103
53.450000 -3.154491
53.500000 -3.202453
53.550000 -3.185324
53.600000 -3.116806
53.650000 -3.027733
53.700000 -2.894123
53.750000 -2.726255
53.800000 -2.561812
53.850000 -2.414499
53.900000 -2.291167
53.950000 -2.202093
54.000000 -2.147279
54.050000 -2.113020
54.100000 -2.130150
54.150000 -2.195242
54.200000 -2.270611
54.250000 -2.363111
54.300000 -2.479591
54.350000 -2.568663
54.400000 -2.606348
54.450000 -2.633755
54.500000 -2.688570
54.550000 -2.705699
54.600000 -2.647460
54.650000 -2.565238
54.700000 -2.486442
54.750000 -2.390517
54.800000 -2.270611
54.850000 -2.171261
54.900000 -2.116446
54.950000 -2.089040
55.000000 -2.082187
55.050000 -2.095891
55.100000 -2.154131
55.150000 -2.239778
55.200000 -2.315148
55.250000 -2.407647
55.300000 -2.524127
55.350000 -2.602923
55.400000 -2.623478
55.450000 -2.623478
55.500000 -2.609774
55.550000 -2.565238
55.600000 -2.500146
55.650000 -2.428203
55.700000 -2.342555
55.750000 -2.256908
55.800000 -2.191816
55.850000 -2.143853
55.900000 -2.126724
55.950000 -2.147279
56.000000 -2.205519
56.050000 -2.260333
56.100000 -2.304871
56.150000 -2.349407
56.200000 -2.393944
56.250000 -2.404221
56.300000 -2.380240
56.350000 -2.352833
56.400000 -2.325425
56.450000 -2.274037
56.500000 -2.195242
56.550000 -2.109595
56.600000 -2.034225
56.650000 -1.958856
56.700000 -1.869782
56.750000 -1.804691
56.800000 -1.787561
56.850000 -1.787560
56.900000 -1.790987
56.950000 -1.845801
57.000000 -1.965708
57.050000 -2.113020
57.100000 -2.304870
57.150000 -2.537831
57.200000 -2.757088
57.250000 -2.942086
57.300000 -3.140787
57.350000 -3.318934
57.400000 -3.418284
57.450000 -3.459395
57.500000 -3.449118
57.550000 -3.353193
57.600000 -3.216157
57.650000 -3.079122
57.700000 -2.904401
57.750000 -2.705699
57.800000 -2.572090
57.850000 -2.472739
57.900000 -2.359685
57.950000 -2.291167
58.000000 -2.298019
58.050000 -2.335704
58.100000 -2.373388
58.150000 -2.448758
58.200000 -2.524127
58.250000 -2.585793
58.300000 -2.657737
58.350000 -2.736532
58.400000 -2.787921
58.450000 -2.842735
58.500000 -2.931808
58.550000 -2.996900
58.600000 -3.034584
58.650000 -3.109955
58.700000 -3.202454
58.750000 -3.246990
58.800000 -3.277823
58.850000 -3.318934
58.900000 -3.322360
58.950000 -3.277823
59.000000 -3.270971
59.050000 -3.284675
59.100000 -3.277823
59.150000 -3.267545
59.200000 -3.291526
59.250000 -3.315508
59.300000 -3.322360
59.350000 -3.315508
59.400000 -3.301805
59.450000 -3.281249
59.500000 -3.229861
59.550000 -3.137362
59.600000 -3.034585
59.650000 -2.911253
59.700000 -2.750236
59.750000 -2.582367
59.800000 -2.445332
59.850000 -2.315148
59.900000 -2.178112
59.950000 -2.061632
60.000000 -1.975985
60.050000 -1.924597
60.100000 -1.921171
60.150000 -1.965707
60.200000 -2.044502
60.250000 -2.164408
60.300000 -2.311722
60.350000 -2.476165
60.400000 -2.661163
60.450000 -2.835883
60.500000 -2.952364
60.550000 -3.010604
60.600000 -3.027733
60.650000 -2.979771
60.700000 -2.863291
60.750000 -2.715977
60.800000 -2.534405
60.850000 -2.328852
60.900000 -2.143853
60.950000 -1.969133
61.000000 -1.825246
61.050000 -1.763580
61.100000 -1.773857
61.150000 -1.814968
61.200000 -1.893764
61.250000 -2.017095
61.300000 -2.130150
61.350000 -2.222649
61.400000 -2.304870
61.450000 -2.369962
61.500000 -2.397370
61.550000 -2.424776
61.600000 -2.459035
61.650000 -2.472739
61.700000 -2.472739
61.750000 -2.503572
61.800000 -2.551535
61.850000 -2.596071
61.900000 -2.644034
61.950000 -2.691996
62.000000 -2.712551
62.050000 -2.681718
62.100000 -2.623478
62.150000 -2.572089
62.200000 -2.503572
62.250000 -2.390518
62.300000 -2.270612
62.350000 -2.195242
62.400000 -2.154131
62.450000 -2.106168
62.500000 -2.075336
62.550000 -2.082188
62.600000 -2.095891
62.650000 -2.106169
62.700000 -2.126724
62.750000 -2.123298
62.800000 -2.095891
62.850000 -2.082188
62.900000 -2.082187
62.950000 -2.058206
63.000000 -2.013669
63.050000 -1.986262
63.100000 -1.965707
63.150000 -1.948578
63.200000 -1.958855
63.250000 -1.962281
63.300000 -1.948578
63.350000 -1.982837
63.400000 -2.047929
63.450000 -2.099317
63.500000 -2.147279
63.550000 -2.219223
63.600000 -2.291167
63.650000 -2.359684
63.700000 -2.448757
63.750000 -2.527553
63.800000 -2.572089
63.850000 -2.606349
63.900000 -2.650886
63.950000 -2.688570
64.000000 -2.712551
64.050000 -2.698848
64.100000 -2.668014
64.150000 -2.650885
64.200000 -2.661163
64.250000 -2.678292
64.300000 -2.688570
64.350000 -2.698848
64.400000 -2.712551
64.450000 -2.739958
64.500000 -2.763939
64.550000 -2.777643
64.600000 -2.781069
64.650000 -2.770791
64.700000 -2.746810
64.750000 -2.733106
64.800000 -2.709125
64.850000 -2.650885
64.900000 -2.589219
64.950000 -2.568664
65.000000 -2.568664
65.050000 -2.551534
65.100000 -2.530979
65.150000 -2.558386
65.200000 -2.606349
65.250000 -2.633756
65.300000 -2.664589
65.350000 -2.729680
65.400000 -2.777643
65.450000 -2.760514
65.500000 -2.726254
65.550000 -2.733107
65.600000 -2.733107
65.650000 -2.698847
65.700000 -2.650885
65.750000 -2.637181
65.800000 -2.623478
65.850000 -2.582367
65.900000 -2.544683
65.950000 -2.537831
66.000000 -2.534405
66.050000 -2.527553
66.100000 -2.537831
66.150000 -2.561812
66.200000 -2.602923
66.250000 -2.633756
66.300000 -2.626904
66.350000 -2.585793
66.400000 -2.558386
66.450000 -2.541257
66.500000 -2.483016
66.550000 -2.414499
66.600000 -2.397370
66.650000 -2.400795
66.700000 -2.414498
66.750000 -2.493294
66.800000 -2.626904
66.850000 -2.760513
66.900000 -2.897550
66.950000 -3.079122
67.000000 -3.250416
67.050000 -3.356618
67.100000 -3.421710
67.150000 -3.442265
67.200000 -3.370322
67.250000 -3.226434
67.300000 -3.075695
67.350000 -2.921530
67.400000 -2.750236
67.450000 -2.592645
67.500000 -2.496720
67.550000 -2.452184
67.600000 -2.438480
67.650000 -2.483017
67.700000 -2.596071
67.750000 -2.726254
67.800000 -2.822180
67.850000 -2.907827
67.900000 -2.993474
67.950000 -3.041437
68.000000 -3.055140
68.050000 -3.044863
68.100000 -3.017456
68.150000 -2.962642
68.200000 -2.911253
68.250000 -2.856438
68.300000 -2.781069
68.350000 -2.715977
68.400000 -2.664589
68.450000 -2.606348
68.500000 -2.541257
68.550000 -2.500146
68.600000 -2.465887
68.650000 -2.383666
68.700000 -2.246630
68.750000 -2.113020
68.800000 -2.010244
68.850000 -1.883485
68.900000 -1.743024
68.950000 -1.657378
69.000000 -1.643674
69.050000 -1.653952
69.100000 -1.674506
69.150000 -1.722469
69.200000 -1.801264
69.250000 -1.900616
69.300000 -2.020522
69.350000 -2.164409
69.400000 -2.304870
69.450000 -2.421351
69.500000 -2.524128
69.550000 -2.602923
69.600000 -2.654311
69.650000 -2.695422
69.700000 -2.739958
69.750000 -2.784495
69.800000 -2.825605
69.850000 -2.876994
69.900000 -2.928382
69.950000 -2.952363
70.000000 -2.948938
70.050000 -2.931809
70.100000 -2.894123
70.150000 -2.832457
70.200000 -2.729681
70.250000 -2.582368
70.300000 -2.431628
70.350000 -2.318573
70.400000 -2.232927
70.450000 -2.154131
70.500000 -2.123298
70.550000 -2.157557
70.600000 -2.226075
70.650000 -2.315148
70.700000 -2.441906
70.750000 -2.558387
70.800000 -2.606349
70.850000 -2.613200
70.900000 -2.602923
70.950000 -2.551535
71.000000 -2.469313
71.050000 -2.349407
71.100000 -2.208945
71.150000 -2.106169
71.200000 -2.089039
71.250000 -2.109595
71.300000 -2.150706
71.350000 -2.274037
71.400000 -2.465887
71.450000 -2.630329
71.500000 -2.760514
71.550000 -2.914679
71.600000 -3.044863
71.650000 -3.079121
71.700000 -3.058566
71.750000 -3.000326
71.800000 -2.880420
71.850000 -2.733107
71.900000 -2.609774
71.950000 -2.496720
72.000000 -2.387092
72.050000 -2.339129
72.100000 -2.352833
72.150000 -2.383666
72.200000 -2.435054
72.250000 -2.506998
72.300000 -2.572089
72.350000 -2.613200
72.400000 -2.606349
72.450000 -2.544682
72.500000 -2.469313
72.550000 -2.397369
72.600000 -2.287741
72.650000 -2.147279
72.700000 -2.044502
72.750000 -1.979411
72.800000 -1.934874
72.850000 -1.921171
72.900000 -1.969133
72.950000 -2.047928
73.000000 -2.140427
73.050000 -2.232927
73.100000 -2.308296
73.150000 -2.342555
73.200000 -2.349406
73.250000 -2.315148
73.300000 -2.232926
73.350000 -2.137002
73.400000 -2.037651
73.450000 -1.931448
73.500000 -1.814968
73.550000 -1.736173
73.600000 -1.705339
73.650000 -1.695062
73.700000 -1.701914
73.750000 -1.760153
73.800000 -1.869782
73.850000 -1.989688
73.900000 -2.099317
73.950000 -2.208946
74.000000 -2.304871
74.050000 -2.369963
74.100000 -2.421350
74.150000 -2.469313
74.200000 -2.520702
74.250000 -2.544682
74.300000 -2.572090
74.350000 -2.620052
74.400000 -2.647459
74.450000 -2.650886
74.500000 -2.668015
74.550000 -2.681718
74.600000 -2.671441
74.650000 -2.657737
74.700000 -2.668015
74.750000 -2.695422
74.800000 -2.719403
74.850000 -2.736533
74.900000 -2.739958
74.950000 -2.739959
75.000000 -2.733106
75.050000 -2.695422
75.100000 -2.637182
75.150000 -2.558387
75.200000 -2.448758
75.250000 -2.304870
75.300000 -2.174686
75.350000 -2.075336
75.400000 -1.999966
75.450000 -1.965707
75.500000 -1.993115
75.550000 -2.051355
75.600000 -2.123298
75.650000 -2.256908
75.700000 -2.455610
75.750000 -2.647459
75.800000 -2.805050
75.850000 -2.969493
75.900000 -3.123658
75.950000 -3.223009
76.000000 -3.257267
76.050000 -3.243564
76.100000 -3.175046
76.150000 -3.061992
76.200000 -2.931808
76.250000 -2.801624
76.300000 -2.681719
76.350000 -2.544683
76.400000 -2.411073
76.450000 -2.308296
76.500000 -2.239779
76.550000 -2.184964
76.600000 -2.150705
76.650000 -2.143853
76.700000 -2.157557
76.750000 -2.178112
76.800000 -2.191816
76.850000 -2.208946
76.900000 -2.253482
76.950000 -2.291166
77.000000 -2.301444
77.050000 -2.315148
77.100000 -2.345981
77.150000 -2.390518
77.200000 -2.445332
77.250000 -2.520701
77.300000 -2.609774
77.350000 -2.698847
77.400000 -2.801624
77.450000 -2.931809
77.500000 -3.048288
77.550000 -3.123658
77.600000 -3.192176
77.650000 -3.226435
77.700000 -3.178472
77.750000 -3.055141
77.800000 -2.911253
77.850000 -2.739958
77.900000 -2.517276
77.950000 -2.239779
78.000000 -1.941726
78.050000 -1.684784
78.100000 -1.510063
78.150000 -1.397009
78.200000 -1.345621
78.250000 -1.400436
78.300000 -1.585433
78.350000 -1.842375
78.400000 -2.133576
78.450000 -2.452183
78.500000 -2.736533
78.550000 -2.924957
78.600000 -3.031159
78.650000 -3.072269
78.700000 -3.041437
78.750000 -2.935234
78.800000 -2.784495
78.850000 -2.613200
78.900000 -2.404221
78.950000 -2.226075
79.000000 -2.140427
79.050000 -2.119873
79.100000 -2.137001
79.150000 -2.191816
79.200000 -2.280889
79.250000 -2.383666
79.300000 -2.506997
79.350000 -2.616627
79.400000 -2.657737
79.450000 -2.613200
79.500000 -2.530979
79.550000 -2.417924
79.600000 -2.253482
79.650000 -2.065058
79.700000 -1.910893
79.750000 -1.790986
79.800000 -1.677932
79.850000 -1.602563
79.900000 -1.609415
79.950000 -1.698487
80.000000 -1.818393
80.050000 -1.986263
80.100000 -2.205520
80.150000 -2.445332
80.200000 -2.657737
80.250000 -2.829032
80.300000 -2.948937
80.350000 -3.010604
80.400000 -2.996900
80.450000 -2.890698
80.500000 -2.712551
80.550000 -2.506998
80.600000 -2.284315
80.650000 -2.061632
80.700000 -1.886911
80.750000 -1.770432
80.800000 -1.705340
80.850000 -1.708766
80.900000 -1.790987
80.950000 -1.886912
81.000000 -1.996541
81.050000 -2.147279
81.100000 -2.304870
81.150000 -2.411072
81.200000 -2.469313
81.250000 -2.483017
81.300000 -2.445332
81.350000 -2.363110
81.400000 -2.256908
81.450000 -2.126724
81.500000 -2.010243
81.550000 -1.931448
81.600000 -1.842375
81.650000 -1.777283
81.700000 -1.790986
81.750000 -1.842375
81.800000 -1.910893
81.850000 -2.017096
81.900000 -2.147279
81.950000 -2.253482
82.000000 -2.345981
82.050000 -2.414499
82.100000 -2.435054
82.150000 -2.438480
82.200000 -2.455609
82.250000 -2.428202
82.300000 -2.352833
82.350000 -2.280889
82.400000 -2.219223
82.450000 -2.150705
82.500000 -2.119872
82.550000 -2.133576
82.600000 -2.137002
82.650000 -2.167835
82.700000 -2.250056
82.750000 -2.328851
82.800000 -2.373388
82.850000 -2.445331
82.900000 -2.517275
82.950000 -2.524127
83.000000 -2.510424
83.050000 -2.530979
83.100000 -2.520701
83.150000 -2.459035
83.200000 -2.387091
83.250000 -2.301444
83.300000 -2.178113
83.350000 -2.047929
83.400000 -1.938300
83.450000 -1.835523
83.500000 -1.739599
83.550000 -1.653951
83.600000 -1.588860
83.650000 -1.554600
83.700000 -1.564878
83.750000 -1.588859
83.800000 -1.609414
83.850000 -1.629970
83.900000 -1.664229
83.950000 -1.688210
84.000000 -1.677933
84.050000 -1.636822
84.100000 -1.619692
84.150000 -1.619692
84.200000 -1.599137
84.250000 -1.575156
84.300000 -1.571730
84.350000 -1.564878
84.400000 -1.558027
84.450000 -1.605989
84.500000 -1.698488
84.550000 -1.770431
84.600000 -1.835524
84.650000 -1.914319
84.700000 -1.982837
84.750000 -2.020522
84.800000 -2.071909
84.850000 -2.116446
84.900000 -2.126724
84.950000 -2.133575
85.000000 -2.154131
85.050000 -2.157557
85.100000 -2.160983
85.150000 -2.188390
85.200000 -2.219223
85.250000 -2.229500
85.300000 -2.243204
85.350000 -2.256908
85.400000 -2.267185
85.450000 -2.298019
85.500000 -2.352833
85.550000 -2.435054
85.600000 -2.520701
85.650000 -2.596071
85.700000 -2.678292
85.750000 -2.781069
85.800000 -2.876994
85.850000 -2.931808
85.900000 -2.969493
85.950000 -2.993474
86.000000 -2.986623
86.050000 -2.959215
86.100000 -2.900975
86.150000 -2.811902
86.200000 -2.698848
86.250000 -2.589219
86.300000 -2.489868
86.350000 -2.404221
86.400000 -2.318574
86.450000 -2.219223
86.500000 -2.113020
86.550000 -2.041077
86.600000 -2.010244
86.650000 -1.986262
86.700000 -1.948577
86.750000 -1.921171
86.800000 -1.910893
86.850000 -1.924596
86.900000 -1.969133
86.950000 -2.003392
87.000000 -1.999966
87.050000 -1.979410
87.100000 -1.986262
87.150000 -1.979410
87.200000 -1.917745
87.250000 -1.818394
87.300000 -1.729321
87.350000 -1.633396
87.400000 -1.516916
87.450000 -1.403862
87.500000 -1.338769
87.550000 -1.311362
87.600000 -1.290807
87.650000 -1.283956
87.700000 -1.304510
87.750000 -1.352472
87.800000 -1.417564
87.850000 -1.468953
87.900000 -1.520342
87.950000 -1.592285
88.000000 -1.657377
88.050000 -1.681358
88.100000 -1.674507
88.150000 -1.667655
88.200000 -1.643674
88.250000 -1.619692
88.300000 -1.623118
88.350000 -1.636822
88.400000 -1.626544
88.450000 -1.629970
88.500000 -1.664228
88.550000 -1.708766
88.600000 -1.763580
88.650000 -1.845801
88.700000 -1.907467
88.750000 -1.904041
88.800000 -1.876634
88.850000 -1.893764
88.900000 -1.914318
88.950000 -1.880060
89.000000 -1.852652
89.050000 -1.856078
89.100000 -1.869782
89.150000 -1.904041
89.200000 -1.958856
89.250000 -2.006818
89.300000 -2.065058
89.350000 -2.154131
89.400000 -2.253482
89.450000 -2.328852
89.500000 -2.411073
89.550000 -2.496720
89.600000 -2.544683
89.650000 -2.572090
89.700000 -2.620052
89.750000 -2.661163
89.800000 -2.674866
89.850000 -2.671441
89.900000 -2.657737
89.950000 -2.644033
90.000000 -2.637181
90.050000 -2.620053
90.100000 -2.585793
90.150000 -2.575515
90.200000 -2.578941
90.250000 -2.606349
90.300000 -2.644034
90.350000 -2.695421
90.400000 -2.746811
90.450000 -2.767365
90.500000 -2.753662
90.550000 -2.726255
90.600000 -2.674866
90.650000 -2.596071
90.700000 -2.503572
90.750000 -2.393943
90.800000 -2.256908
90.850000 -2.130150
90.900000 -2.051354
90.950000 -2.006818
91.000000 -1.996540
91.050000 -2.061633
91.100000 -2.195242
91.150000 -2.356259
91.200000 -2.517275
91.250000 -2.691996
91.300000 -2.849586
91.350000 -2.972919
91.400000 -3.085973
91.450000 -3.175047
91.500000 -3.205880
91.550000 -3.178472
91.600000 -3.120232
91.650000 -3.034585
91.700000 -2.938660
91.750000 -2.839309
91.800000 -2.688570
91.850000 -2.503572
91.900000 -2.342555
91.950000 -2.205519
92.000000 -2.071910
92.050000 -1.955429
92.100000 -1.880060
92.150000 -1.856078
92.200000 -1.883486
92.250000 -1.958856
92.300000 -2.054781
92.350000 -2.171260
92.400000 -2.311722
92.450000 -2.455609
92.500000 -2.568664
92.550000 -2.661163
92.600000 -2.733107
92.650000 -2.770791
92.700000 -2.757087
92.750000 -2.715977
92.800000 -2.654311
92.850000 -2.572090
92.900000 -2.517275
92.950000 -2.486442
93.000000 -2.438480
93.050000 -2.393943
93.100000 -2.407647
93.150000 -2.428202
93.200000 -2.380240
93.250000 -2.321999
93.300000 -2.328851
93.350000 -2.315148
93.400000 -2.208945
93.450000 -2.078762
93.500000 -1.979411
93.550000 -1.866356
93.600000 -1.708765
93.650000 -1.571730
93.700000 -1.499786
93.750000 -1.458676
93.800000 -1.424416
93.850000 -1.417565
93.900000 -1.465527
93.950000 -1.578581
94.000000 -1.736173
94.050000 -1.914319
94.100000 -2.085613
94.150000 -2.246631
94.200000 -2.407647
94.250000 -2.544683
94.300000 -2.613201
94.350000 -2.644034
94.400000 -2.657737
94.450000 -2.640607
94.500000 -2.578941
94.550000 -2.500146
94.600000 -2.417925
94.650000 -2.322000
94.700000 -2.219223
94.750000 -2.137002
94.800000 -2.078762
94.850000 -2.017096
94.900000 -1.972559
94.950000 -1.972559
95.000000 -1.996540
95.050000 -2.027373
95.100000 -2.075335
95.150000 -2.150705
95.200000 -2.239779
95.250000 -2.311722
95.300000 -2.376814
95.350000 -2.448758
95.400000 -2.506997
95.450000 -2.544682
95.500000 -2.568664
95.550000 -2.572089
95.600000 -2.530979
95.650000 -2.448758
95.700000 -2.339129
95.750000 -2.222649
95.800000 -2.085613
95.850000 -1.931449
95.900000 -1.763580
95.950000 -1.605989
96.000000 -1.503212
96.050000 -1.455250
96.100000 -1.441546
96.150000 -1.455250
96.200000 -1.537471
96.250000 -1.688210
96.300000 -1.866356
96.350000 -2.058206
96.400000 -2.256908
96.450000 -2.441906
96.500000 -2.589219
96.550000 -2.681718
96.600000 -2.726255
96.650000 -2.733106
96.700000 -2.726255
96.750000 -2.709125
96.800000 -2.671440
96.850000 -2.623478
96.900000 -2.589219
96.950000 -2.582367
97.000000 -2.602923
97.050000 -2.640608
97.100000 -2.702274
97.150000 -2.787921
97.200000 -2.883846
97.250000 -2.976345
97.300000 -3.072269
97.350000 -3.123658
97.400000 -3.092825
97.450000 -3.024307
97.500000 -2.945512
97.550000 -2.832457
97.600000 -2.691996
97.650000 -2.541256
97.700000 -2.390518
97.750000 -2.222649
97.800000 -2.075336
97.850000 -1.975985
97.900000 -1.904042
97.950000 -1.866356
98.000000 -1.852653
98.050000 -1.869782
98.100000 -1.917745
98.150000 -1.989688
98.200000 -2.058206
98.250000 -2.113020
98.300000 -2.184964
98.350000 -2.263760
98.400000 -2.322000
98.450000 -2.363111
98.500000 -2.421350
98.550000 -2.469313
98.600000 -2.493294
98.650000 -2.506998
98.700000 -2.524128
98.750000 -2.517276
98.800000 -2.469313
98.850000 -2.383665
98.900000 -2.274037
98.950000 -2.167835
99.000000 -2.065058
99.050000 -1.948578
99.100000 -1.842376
99.150000 -1.777283
99.200000 -1.763580
99.250000 -1.814968
99.300000 -1.934875
99.350000 -2.089039
99.400000 -2.236352
99.450000 -2.387091
99.500000 -2.558386
99.550000 -2.698848
99.600000 -2.763939
99.650000 -2.781069
99.700000 -2.784495
99.750000 -2.757088
99.800000 -2.681718
99.850000 -2.602923
99.900000 -2.568664
99.950000 -2.558386
100.000000 -2.544682
100.050000 -2.534405
100.100000 -2.527554
100.150000 -2.530979
100.200000 -2.500146
100.250000 -2.428202
100.300000 -2.339129
100.350000 -2.253482
100.400000 -2.130150
100.450000 -1.982837
100.500000 -1.856079
100.550000 -1.773857
100.600000 -1.705340
100.650000 -1.671081
100.700000 -1.725895
100.750000 -1.821820
100.800000 -1.917745
100.850000 -2.030799
100.900000 -2.160983
100.950000 -2.274038
101.000000 -2.376814
101.050000 -2.472739
101.100000 -2.530979
101.150000 -2.558386
101.200000 -2.589220
101.250000 -2.602923
101.300000 -2.599497
101.350000 -2.592645
101.400000 -2.558386
101.450000 -2.472739
101.500000 -2.383666
101.550000 -2.308297
101.600000 -2.205519
101.650000 -2.065058
101.700000 -1.928023
101.750000 -1.818394
101.800000 -1.732747
101.850000 -1.660803
101.900000 -1.595711
101.950000 -1.564878
102.000000 -1.595711
102.050000 -1.674507
102.100000 -1.780710
102.150000 -1.890337
102.200000 -2.010243
102.250000 -2.133576
102.300000 -2.239779
102.350000 -2.311722
102.400000 -2.345981
102.450000 -2.345981
102.500000 -2.308296
102.550000 -2.239778
102.600000 -2.147280
102.650000 -2.034225
102.700000 -1.900615
102.750000 -1.780709
102.800000 -1.691636
102.850000 -1.609414
102.900000 -1.544322
102.950000 -1.527193
103.000000 -1.571729
103.050000 -1.647100
103.100000 -1.743025
103.150000 -1.873208
103.200000 -2.023947
103.250000 -2.184964
103.300000 -2.356259
103.350000 -2.500146
103.400000 -2.578942
103.450000 -2.637182
103.500000 -2.691995
103.550000 -2.668015
103.600000 -2.554960
103.650000 -2.435054
103.700000 -2.311722
103.750000 -2.140427
103.800000 -1.975985
103.850000 -1.873208
103.900000 -1.801264
103.950000 -1.767006
104.000000 -1.801265
104.050000 -1.893763
104.100000 -2.020521
104.150000 -2.188390
104.200000 -2.339129
104.250000 -2.424776
104.300000 -2.472739
104.350000 -2.496721
104.400000 -2.455610
104.450000 -2.345981
104.500000 -2.212371
104.550000 -2.089039
104.600000 -1.975984
104.650000 -1.883486
104.700000 -1.811542
104.750000 -1.760154
104.800000 -1.763580
104.850000 -1.818394
104.900000 -1.890337
104.950000 -1.965707
105.000000 -2.027373
105.050000 -2.065058
105.100000 -2.068483
105.150000 -2.068484
105.200000 -2.068484
105.250000 -2.034225
105.300000 -1.975985
105.350000 -1.948578
105.400000 -1.958856
105.450000 -1.958855
105.500000 -1.975985
105.550000 -2.037651
105.600000 -2.123298
105.650000 -2.202094
105.700000 -2.287741
105.750000 -2.356259
105.800000 -2.359685
105.850000 -2.349407
105.900000 -2.328851
105.950000 -2.253482
106.000000 -2.154131
106.050000 -2.085613
106.100000 -2.030799
106.150000 -1.958855
106.200000 -1.897189
106.250000 -1.880060
106.300000 -1.900615
106.350000 -1.945152
106.400000 -1.972559
106.450000 -1.969133
106.500000 -1.975985
106.550000 -1.996540
106.600000 -2.003392
106.650000 -1.986262
106.700000 -1.972559
106.750000 -1.952004
106.800000 -1.948578
106.850000 -1.986262
106.900000 -2.071909
106.950000 -2.188390
107.000000 -2.345981
107.050000 -2.534404
107.100000 -2.726255
107.150000 -2.918105
107.200000 -3.068844
107.250000 -3.127084
107.300000 -3.092825
107.350000 -2.993474
107.400000 -2.822180
107.450000 -2.599497
107.500000 -2.359685
107.550000 -2.109595
107.600000 -1.880060
107.650000 -1.688210
107.700000 -1.554600
107.750000 -1.496360
107.800000 -1.547749
107.850000 -1.660803
107.900000 -1.770431
107.950000 -1.880060
108.000000 -1.989689
108.050000 -2.071910
108.100000 -2.137002
108.150000 -2.191815
108.200000 -2.188390
108.250000 -2.154131
108.300000 -2.157557
108.350000 -2.191815
108.400000 -2.205519
108.450000 -2.236352
108.500000 -2.325425
108.550000 -2.411073
108.600000 -2.438479
108.650000 -2.462461
108.700000 -2.496720
108.750000 -2.503572
108.800000 -2.479591
108.850000 -2.452184
108.900000 -2.431628
108.950000 -2.421351
109.000000 -2.428203
109.050000 -2.435054
109.100000 -2.448758
109.150000 -2.476165
109.200000 -2.483017
109.250000 -2.462462
109.300000 -2.424777
109.350000 -2.363110
109.400000 -2.287741
109.450000 -2.195242
109.500000 -2.065058
109.550000 -1.893763
109.600000 -1.749876
109.650000 -1.653951
109.700000 -1.571730
109.750000 -1.506638
109.800000 -1.496361
109.850000 -1.530619
109.900000 -1.612840
109.950000 -1.746450
110.000000 -1.917745
110.050000 -2.092465
110.100000 -2.298018
110.150000 -2.506998
110.200000 -2.654311
110.250000 -2.733107
110.300000 -2.760514
110.350000 -2.702273
110.400000 -2.527553
110.450000 -2.308296
110.500000 -2.065058
110.550000 -1.770432
110.600000 -1.455249
110.650000 -1.201734
110.700000 -1.016736
110.750000 -0.903681
110.800000 -0.869422
110.850000 -0.927663
110.900000 -1.071550
110.950000 -1.283955
111.000000 -1.510064
111.050000 -1.729321
111.100000 -1.945152
111.150000 -2.116446
111.200000 -2.212371
111.250000 -2.274038
111.300000 -2.311723
111.350000 -2.280889
111.400000 -2.202094
111.450000 -2.140428
111.500000 -2.065057
111.550000 -1.938300
111.600000 -1.808116
111.650000 -1.743024
111.700000 -1.701913
111.750000 -1.643673
111.800000 -1.585433
111.850000 -1.540896
111.900000 -1.513490
111.950000 -1.510064
112.000000 -1.551174
112.050000 -1.629970
112.100000 -1.729321
112.150000 -1.845801
112.200000 -1.972558
112.250000 -2.078762
112.300000 -2.164409
112.350000 -2.243204
112.400000 -2.315148
112.450000 -2.342555
112.500000 -2.352832
112.550000 -2.352833
112.600000 -2.315148
112.650000 -2.232926
112.700000 -2.160983
112.750000 -2.113021
112.800000 -2.027373
112.850000 -1.938300
112.900000 -1.883486
112.950000 -1.821820
113.000000 -1.736173
113.050000 -1.684784
113.100000 -1.671081
113.150000 -1.660802
113.200000 -1.698488
113.250000 -1.787561
113.300000 -1.869782
113.350000 -1.941726
113.400000 -2.003391
113.450000 -2.044503
113.500000 -2.068484
113.550000 -2.099317
113.600000 -2.126724
113.650000 -2.143854
113.700000 -2.167834
113.750000 -2.202094
113.800000 -2.250056
113.850000 -2.339129
113.900000 -2.469312
113.950000 -2.589219
114.000000 -2.678292
114.050000 -2.760514
114.100000 -2.805050
114.150000 -2.787921
114.200000 -2.736533
114.250000 -2.671441
114.300000 -2.554960
114.350000 -2.390517
114.400000 -2.226075
114.450000 -2.082188
114.500000 -1.941726
114.550000 -1.811542
114.600000 -1.712192
114.650000 -1.657377
114.700000 -1.653951
114.750000 -1.674507
114.800000 -1.674507
114.850000 -1.708765
114.900000 -1.814968
114.950000 -1.941726
115.000000 -2.044502
115.050000 -2.157557
115.100000 -2.274037
115.150000 -2.380240
115.200000 -2.476165
115.250000 -2.548108
115.300000 -2.568664
115.350000 -2.554960
115.400000 -2.510423
115.450000 -2.421351
115.500000 -2.304870
115.550000 -2.198668
115.600000 -2.089040
115.650000 -1.948578
115.700000 -1.842375
115.750000 -1.804690
115.800000 -1.801264
115.850000 -1.818394
115.900000 -1.862930
115.950000 -1.921170
116.000000 -1.972559
116.050000 -2.041076
116.100000 -2.113021
116.150000 -2.147280
116.200000 -2.160983
116.250000 -2.191815
116.300000 -2.222649
116.350000 -2.236353
116.400000 -2.246630
116.450000 -2.253482
116.500000 -2.232927
116.550000 -2.188390
116.600000 -2.137002
116.650000 -2.075335
116.700000 -2.010244
116.750000 -1.986263
116.800000 -1.996541
116.850000 -2.006818
116.900000 -2.044503
116.950000 -2.106168
117.000000 -2.178112
117.050000 -2.263759
117.100000 -2.387091
117.150000 -2.544683
117.200000 -2.678293
117.250000 -2.777643
117.300000 -2.853013
117.350000 -2.894124
117.400000 -2.894123
117.450000 -2.849587
117.500000 -2.787920
117.550000 -2.726254
117.600000 -2.668014
117.650000 -2.630330
117.700000 -2.613200
117.750000 -2.606348
117.800000 -2.616626
117.850000 -2.640607
117.900000 -2.644033
117.950000 -2.644034
118.000000 -2.671441
118.050000 -2.685144
118.100000 -2.647459
118.150000 -2.592645
118.200000 -2.530979
118.250000 -2.452184
118.300000 -2.373388
118.350000 -2.342555
118.400000 -2.349407
118.450000 -2.373388
118.500000 -2.428203
118.550000 -2.510424
118.600000 -2.589219
118.650000 -2.661163
118.700000 -2.726255
118.750000 -2.770791
118.800000 -2.784495
118.850000 -2.777643
118.900000 -2.757088
118.950000 -2.733107
119.000000 -2.668015
119.050000 -2.554960
119.100000 -2.424777
119.150000 -2.311722
119.200000 -2.215797
119.250000 -2.126724
119.300000 -2.082187
119.350000 -2.109595
119.400000 -2.181538
119.450000 -2.277463
119.500000 -2.397369
119.550000 -2.544683
119.600000 -2.709125
119.650000 -2.863290
119.700000 -2.990049
119.750000 -3.072270
119.800000 -3.106529
119.850000 -3.085973
119.900000 -3.034585
119.950000 -2.979771
120.000000 -2.907827
120.050000 -2.808476
120.100000 -2.726255
120.150000 -2.695422
120.200000 -2.688570
120.250000 -2.681719
120.300000 -2.688570
120.350000 -2.705700
120.400000 -2.722828
120.450000 -2.733106
120.500000 -2.743385
120.550000 -2.726255
120.600000 -2.691996
120.650000 -2.698847
120.700000 -2.760514
120.750000 -2.839309
120.800000 -2.921530
120.850000 -2.996900
120.900000 -3.061992
120.950000 -3.120232
121.000000 -3.140788
121.050000 -3.075696
121.100000 -2.938660
121.150000 -2.798199
121.200000 -2.640608
121.250000 -2.411073
121.300000 -2.150705
121.350000 -1.931448
121.400000 -1.753302
121.450000 -1.609415
121.500000 -1.537471
121.550000 -1.575155
121.600000 -1.698488
121.650000 -1.883486
121.700000 -2.109595
121.750000 -2.349407
121.800000 -2.572090
121.850000 -2.760514
121.900000 -2.876994
121.950000 -2.897550
122.000000 -2.829031
122.050000 -2.698848
122.100000 -2.513850
122.150000 -2.304870
122.200000 -2.102742
122.250000 -1.907467
122.300000 -1.743024
122.350000 -1.647100
122.400000 -1.599137
122.450000 -1.605989
122.500000 -1.677932
122.550000 -1.811542
122.600000 -1.945152
122.650000 -2.047929
122.700000 -2.130150
122.750000 -2.154131
122.800000 -2.106169
122.850000 -2.041076
122.900000 -1.982837
122.950000 -1.883486
123.000000 -1.743025
123.050000 -1.647100
123.100000 -1.629970
123.150000 -1.664229
123.200000 -1.722469
123.250000 -1.801265
123.300000 -1.893764
123.350000 -1.993114
123.400000 -2.113021
123.450000 -2.222649
123.500000 -2.301444
123.550000 -2.345981
123.600000 -2.356259
123.650000 -2.332277
123.700000 -2.280889
123.750000 -2.198667
123.800000 -2.092465
123.850000 -2.006818
123.900000 -1.945152
123.950000 -1.886911
124.000000 -1.828672
124.050000 -1.790986
124.100000 -1.801265
124.150000 -1.849227
124.200000 -1.897189
124.250000 -1.931448
124.300000 -1.999966
124.350000 -2.075336
124.400000 -2.119872
124.450000 -2.137001
124.500000 -2.160983
124.550000 -2.184964
124.600000 -2.202094
124.650000 -2.226075
124.700000 -2.253482
124.750000 -2.250056
124.800000 -2.236353
124.850000 -2.232927
124.900000 -2.226075
124.950000 -2.212371
125.000000 -2.191816
125.050000 -2.171261
125.100000 -2.164409
125.150000 -2.164409
125.200000 -2.157557
125.250000 -2.147280
125.300000 -2.154131
125.350000 -2.174687
125.400000 -2.178112
125.450000 -2.195242
125.500000 -2.229501
125.550000 -2.250057
125.600000 -2.236353
125.650000 -2.212371
125.700000 -2.181538
125.750000 -2.113020
125.800000 -2.020521
125.850000 -1.917745
125.900000 -1.811543
125.950000 -1.705340
126.000000 -1.609415
126.050000 -1.516916
126.100000 -1.479231
126.150000 -1.486082
126.200000 -1.530619
126.250000 -1.602563
126.300000 -1.719043
126.350000 -1.849227
126.400000 -1.972559
126.450000 -2.109594
126.500000 -2.250056
126.550000 -2.369962
126.600000 -2.452184
126.650000 -2.496720
126.700000 -2.503572
126.750000 -2.479590
126.800000 -2.428202
126.850000 -2.349407
126.900000 -2.253481
126.950000 -2.160983
127.000000 -2.078761
127.050000 -2.020522
127.100000 -2.003392
127.150000 -1.975985
127.200000 -1.938300
127.250000 -1.921170
127.300000 -1.958856
127.350000 -2.013670
127.400000 -2.047929
127.450000 -2.082187
127.500000 -2.140428
127.550000 -2.222649
127.600000 -2.277463
127.650000 -2.298019
127.700000 -2.335703
127.750000 -2.411072
127.800000 -2.459036
127.850000 -2.462462
127.900000 -2.465887
127.950000 -2.462461
128.000000 -2.435054
128.050000 -2.407647
128.100000 -2.404221
128.150000 -2.376814
128.200000 -2.335704
128.250000 -2.321999
128.300000 -2.318574
128.350000 -2.270611
128.400000 -2.195242
128.450000 -2.140428
128.500000 -2.102743
128.550000 -2.054781
128.600000 -2.010244
128.650000 -1.986263
128.700000 -1.993114
128.750000 -2.023948
128.800000 -2.082187
128.850000 -2.160983
128.900000 -2.294593
128.950000 -2.462461
129.000000 -2.589219
129.050000 -2.668015
129.100000 -2.770791
129.150000 -2.863291
129.200000 -2.883846
129.250000 -2.870142
129.300000 -2.859865
129.350000 -2.805050
129.400000 -2.729680
129.450000 -2.657737
129.500000 -2.561812
129.550000 -2.448758
129.600000 -2.376814
129.650000 -2.322000
129.700000 -2.229501
129.750000 -2.143853
129.800000 -2.082187
129.850000 -2.006817
129.900000 -1.924597
129.950000 -1.862930
130.000000 -1.794412
130.050000 -1.719043
130.100000 -1.688210
130.150000 -1.698488
130.200000 -1.705339
130.250000 -1.732747
130.300000 -1.787561
130.350000 -1.852653
130.400000 -1.945152
130.450000 -2.068483
130.500000 -2.164408
130.550000 -2.226075
130.600000 -2.291167
130.650000 -2.359685
130.700000 -2.400795
130.750000 -2.431628
130.800000 -2.448757
130.850000 -2.431628
130.900000 -2.390517
130.950000 -2.366536
131.000000 -2.322000
131.050000 -2.239778
131.100000 -2.164409
131.150000 -2.119872
131.200000 -2.102743
131.250000 -2.085613
131.300000 -2.075336
131.350000 -2.106169
131.400000 -2.181538
131.450000 -2.260334
131.500000 -2.311722
131.550000 -2.345981
131.600000 -2.380240
131.650000 -2.387092
131.700000 -2.352832
131.750000 -2.291167
131.800000 -2.212371
131.850000 -2.113020
131.900000 -2.003391
131.950000 -1.924597
132.000000 -1.900616
132.050000 -1.917745
132.100000 -1.975985
132.150000 -2.078762
132.200000 -2.226075
132.250000 -2.424776
132.300000 -2.654311
132.350000 -2.873568
132.400000 -3.044862
132.450000 -3.137362
132.500000 -3.175046
132.550000 -3.164769
132.600000 -3.079121
132.650000 -2.948937
132.700000 -2.829031
132.750000 -2.712551
132.800000 -2.565237
132.850000 -2.411073
132.900000 -2.308297
132.950000 -2.219223
133.000000 -2.113020
133.050000 -2.054781
133.100000 -2.051355
133.150000 -2.041077
133.200000 -2.034225
133.250000 -2.071910
133.300000 -2.109594
133.350000 -2.123298
133.400000 -2.157557
133.450000 -2.232926
133.500000 -2.321999
133.550000 -2.431628
133.600000 -2.558386
133.650000 -2.678292
133.700000 -2.777643
133.750000 -2.873568
133.800000 -2.945512
133.850000 -2.972919
133.900000 -2.959215
133.950000 -2.890697
134.000000 -2.770791
134.050000 -2.613200
134.100000 -2.417924
134.150000 -2.202094
134.200000 -1.986263
134.250000 -1.773858
134.300000 -1.592285
134.350000 -1.468954
134.400000 -1.407287
134.450000 -1.386731
134.500000 -1.424416
134.550000 -1.530619
134.600000 -1.664229
134.650000 -1.784135
134.700000 -1.914319
134.750000 -2.071910
134.800000 -2.236352
134.850000 -2.380240
134.900000 -2.483017
134.950000 -2.527554
135.000000 -2.548108
135.050000 -2.592645
135.100000 -2.637182
135.150000 -2.647460
135.200000 -2.640608
135.250000 -2.640608
135.300000 -2.613200
135.350000 -2.537831
135.400000 -2.438480
135.450000 -2.322000
135.500000 -2.208945
135.550000 -2.123298
135.600000 -2.051355
135.650000 -1.979411
135.700000 -1.972559
135.750000 -2.037651
135.800000 -2.123298
135.850000 -2.188390
135.900000 -2.260334
135.950000 -2.359684
136.000000 -2.452183
136.050000 -2.500146
136.100000 -2.469313
136.150000 -2.404221
136.200000 -2.318574
136.250000 -2.184964
136.300000 -2.017096
136.350000 -1.893763
136.400000 -1.828672
136.450000 -1.797838
136.500000 -1.828671
136.550000 -1.945152
136.600000 -2.119872
136.650000 -2.304870
136.700000 -2.476165
136.750000 -2.609775
136.800000 -2.691996
136.850000 -2.722829
136.900000 -2.698848
136.950000 -2.606349
137.000000 -2.448758
137.050000 -2.280889
137.100000 -2.113020
137.150000 -1.931448
137.200000 -1.770432
137.250000 -1.677933
137.300000 -1.657377
137.350000 -1.722469
137.400000 -1.859504
137.450000 -2.027373
137.500000 -2.219223
137.550000 -2.462461
137.600000 -2.722829
137.650000 -2.945512
137.700000 -3.106528
137.750000 -3.205879
137.800000 -3.246990
137.850000 -3.199028
137.900000 -3.048289
137.950000 -2.798199
138.000000 -2.496720
138.050000 -2.181538
138.100000 -1.849227
138.150000 -1.540897
138.200000 -1.338769
138.250000 -1.229141
138.300000 -1.181178
138.350000 -1.235992
138.400000 -1.410713
138.450000 -1.640247
138.500000 -1.900615
138.550000 -2.195242
138.600000 -2.452184
138.650000 -2.626904
138.700000 -2.709125
138.750000 -2.695422
138.800000 -2.609775
138.850000 -2.489868
138.900000 -2.359684
138.950000 -2.212371
139.000000 -2.078761
139.050000 -1.975984
139.100000 -1.914319
139.150000 -1.907467
139.200000 -1.962282
139.250000 -2.065058
139.300000 -2.198667
139.350000 -2.332277
139.400000 -2.428203
139.450000 -2.510424
139.500000 -2.589219
139.550000 -2.637182
139.600000 -2.661163
139.650000 -2.685144
139.700000 -2.702274
139.750000 -2.695422
139.800000 -2.685145
139.850000 -2.678292
139.900000 -2.664589
139.950000 -2.630330
140.000000 -2.596071
140.050000 -2.572089
140.100000 -2.534405
140.150000 -2.465887
140.200000 -2.390518
140.250000 -2.332277
140.300000 -2.287741
140.350000 -2.226075
140.400000 -2.160983
140.450000 -2.113021
140.500000 -2.078762
140.550000 -2.027373
140.600000 -1.965707
140.650000 -1.924597
140.700000 -1.897189
140.750000 -1.856079
140.800000 -1.797839
140.850000 -1.749876
140.900000 -1.725895
140.950000 -1.743024
141.000000 -1.794412
141.050000 -1.825246
141.100000 -1.835523
141.150000 -1.883486
141.200000 -1.955430
141.250000 -1.986262
141.300000 -2.010243
141.350000 -2.085614
141.400000 -2.171261
141.450000 -2.222649
141.500000 -2.263759
141.550000 -2.328852
141.600000 -2.393943
141.650000 -2.452183
141.700000 -2.500146
141.750000 -2.554960
141.800000 -2.599497
141.850000 -2.599496
141.900000 -2.565238
141.950000 -2.548109
142.000000 -2.496720
142.050000 -2.349407
142.100000 -2.178112
142.150000 -2.030799
142.200000 -1.845801
142.250000 -1.616266
142.300000 -1.455250
142.350000 -1.369602
142.400000 -1.304510
142.450000 -1.304511
142.500000 -1.393584
142.550000 -1.499786
142.600000 -1.616267
142.650000 -1.780709
142.700000 -1.958855
142.750000 -2.102743
142.800000 -2.208946
142.850000 -2.294593
142.900000 -2.339129
142.950000 -2.332278
143.000000 -2.277463
143.050000 -2.181538
143.100000 -2.068484
143.150000 -1.955430
143.200000 -1.862930
143.250000 -1.804691
143.300000 -1.777283
143.350000 -1.773857
143.400000 -1.811542
143.450000 -1.914319
143.500000 -2.061632
143.550000 -2.219223
143.600000 -2.383666
143.650000 -2.568664
143.700000 -2.781069
143.750000 -2.979770
143.800000 -3.137361
143.850000 -3.243564
143.900000 -3.318934
143.950000 -3.360044
144.000000 -3.336063
144.050000 -3.243564
144.100000 -3.120232
144.150000 -2.979771
144.200000 -2.811902
144.250000 -2.623478
144.300000 -2.455610
144.350000 -2.315148
144.400000 -2.167835
144.450000 -2.041076
144.500000 -1.969133
144.550000 -1.948578
144.600000 -1.952003
144.650000 -1.972559
144.700000 -2.010244
144.750000 -2.061632
144.800000 -2.123298
144.850000 -2.167835
144.900000 -2.191816
144.950000 -2.208945
145.000000 -2.202094
145.050000 -2.174687
145.100000 -2.150705
145.150000 -2.143853
145.200000 -2.130149
145.250000 -2.119872
145.300000 -2.123298
145.350000 -2.116446
145.400000 -2.109594
145.450000 -2.116446
145.500000 -2.113020
145.550000 -2.092465
145.600000 -2.075335
145.650000 -2.082188
145.700000 -2.092465
145.750000 -2.092466
145.800000 -2.102743
145.850000 -2.095891
145.900000 -2.085614
145.950000 -2.095891
146.000000 -2.126724
146.050000 -2.140428
146.100000 -2.133575
146.150000 -2.116446
146.200000 -2.065058
146.250000 -1.975985
146.300000 -1.873208
146.350000 -1.770432
146.400000 -1.657377
146.450000 -1.551175
146.500000 -1.482656
146.550000 -1.444972
146.600000 -1.444972
146.650000 -1.475805
146.700000 -1.510064
146.750000 -1.578582
146.800000 -1.684784
146.850000 -1.777283
146.900000 -1.849227
146.950000 -1.931448
147.000000 -1.999966
147.050000 -2.054780
147.100000 -2.143853
147.150000 -2.236353
147.200000 -2.263759
147.250000 -2.280889
147.300000 -2.328851
147.350000 -2.349407
147.400000 -2.315148
147.450000 -2.291167
147.500000 -2.287741
147.550000 -2.267185
147.600000 -2.239778
147.650000 -2.232927
147.700000 -2.246630
147.750000 -2.277463
147.800000 -2.322000
147.850000 -2.393944
147.900000 -2.479591
147.950000 -2.572089
148.000000 -2.657737
148.050000 -2.722829
148.100000 -2.774217
148.150000 -2.781069
148.200000 -2.729681
148.250000 -2.623478
148.300000 -2.493294
148.350000 -2.352832
148.400000 -2.219223
148.450000 -2.089039
148.500000 -1.941726
148.550000 -1.797839
148.600000 -1.674506
148.650000 -1.605989
148.700000 -1.599137
148.750000 -1.602563
148.800000 -1.605989
148.850000 -1.657377
148.900000 -1.736173
148.950000 -1.777283
149.000000 -1.804690
149.050000 -1.886912
149.100000 -1.965707
149.150000 -2.003392
149.200000 -2.044503
149.250000 -2.106169
149.300000 -2.147280
149.350000 -2.188390
149.400000 -2.236352
149.450000 -2.243204
149.500000 -2.226075
149.550000 -2.239778
149.600000 -2.239778
149.650000 -2.167835
149.700000 -2.082187
149.750000 -2.027373
149.800000 -1.948578
149.850000 -1.821820
149.900000 -1.715617
149.950000 -1.653951
150.000000 -1.623119
150.050000 -1.636821
150.100000 -1.681359
150.150000 -1.708765
150.200000 -1.736173
150.250000 -1.780710
150.300000 -1.808116
150.350000 -1.814968
150.400000 -1.828671
150.450000 -1.838949
150.500000 -1.828671
150.550000 -1.808116
150.600000 -1.797838
150.650000 -1.790987
150.700000 -1.780709
150.750000 -1.743025
150.800000 -1.701914
150.850000 -1.708765
150.900000 -1.753302
150.950000 -1.790986
151.000000 -1.808116
151.050000 -1.838949
151.100000 -1.893763
151.150000 -1.965707
151.200000 -2.047929
151.250000 -2.143854
151.300000 -2.253482
151.350000 -2.363110
151.400000 -2.459036
151.450000 -2.534405
151.500000 -2.578942
151.550000 -2.585793
151.600000 -2.551534
151.650000 -2.500146
151.700000 -2.455609
151.750000 -2.393943
151.800000 -2.311722
151.850000 -2.246630
151.900000 -2.229501
151.950000 -2.239778
152.000000 -2.270611
152.050000 -2.332277
152.100000 -2.421351
152.150000 -2.513850
152.200000 -2.596071
152.250000 -2.678293
152.300000 -2.757088
152.350000 -2.805050
152.400000 -2.808476
152.450000 -2.750236
152.500000 -2.647459
152.550000 -2.500146
152.600000 -2.318574
152.650000 -2.109595
152.700000 -1.907467
152.750000 -1.739599
152.800000 -1.609415
152.850000 -1.516916
152.900000 -1.455250
152.950000 -1.431268
153.000000 -1.434694
153.050000 -1.455250
153.100000 -1.489508
153.150000 -1.540897
153.200000 -1.616266
153.250000 -1.677932
153.300000 -1.732747
153.350000 -1.794413
153.400000 -1.856079
153.450000 -1.897189
153.500000 -1.948578
153.550000 -2.023948
153.600000 -2.078761
153.650000 -2.102743
153.700000 -2.160983
153.750000 -2.239778
153.800000 -2.291167
153.850000 -2.322000
153.900000 -2.332278
153.950000 -2.298018
154.000000 -2.253482
154.050000 -2.236353
154.100000 -2.212371
154.150000 -2.147280
154.200000 -2.092465
154.250000 -2.058206
154.300000 -2.020521
154.350000 -1.996540
154.400000 -2.013669
154.450000 -2.058206
154.500000 -2.126724
154.550000 -2.219223
154.600000 -2.311722
154.650000 -2.393943
154.700000 -2.479591
154.750000 -2.537831
154.800000 -2.544682
154.850000 -2.537831
154.900000 -2.503572
154.950000 -2.383666
155.000000 -2.246630
155.050000 -2.147279
155.100000 -2.041077
155.150000 -1.921170
155.200000 -1.828671
155.250000 -1.770431
155.300000 -1.715617
155.350000 -1.681358
155.400000 -1.691636
155.450000 -1.715617
155.500000 -1.736173
155.550000 -1.753302
155.600000 -1.777284
155.650000 -1.814968
155.700000 -1.856079
155.750000 -1.900615
155.800000 -1.969133
155.850000 -2.047928
155.900000 -2.085613
155.950000 -2.092466
156.000000 -2.116447
156.050000 -2.143853
156.100000 -2.147279
156.150000 -2.140427
156.200000 -2.143854
156.250000 -2.147279
156.300000 -2.154131
156.350000 -2.178113
156.400000 -2.232927
156.450000 -2.298018
156.500000 -2.363110
156.550000 -2.431628
156.600000 -2.513849
156.650000 -2.613200
156.700000 -2.695422
156.750000 -2.753662
156.800000 -2.811902
156.850000 -2.859864
156.900000 -2.880419
156.950000 -2.873568
157.000000 -2.866716
157.050000 -2.846161
157.100000 -2.818753
157.150000 -2.784495
157.200000 -2.733106
157.250000 -2.671441
157.300000 -2.623478
157.350000 -2.568664
157.400000 -2.483017
157.450000 -2.376814
157.500000 -2.318574
157.550000 -2.318574
157.600000 -2.335703
157.650000 -2.345981
157.700000 -2.400796
157.750000 -2.510424
157.800000 -2.613200
157.850000 -2.681718
157.900000 -2.757088
157.950000 -2.832457
158.000000 -2.866716
158.050000 -2.873568
158.100000 -2.873568
158.150000 -2.818753
158.200000 -2.698848
158.250000 -2.606348
158.300000 -2.530979
158.350000 -2.424777
158.400000 -2.325426
158.450000 -2.291167
158.500000 -2.301445
158.550000 -2.308297
158.600000 -2.349407
158.650000 -2.435054
158.700000 -2.524127
158.750000 -2.602923
158.800000 -2.688570
158.850000 -2.750235
158.900000 -2.798198
158.950000 -2.829032
159.000000 -2.839309
159.050000 -2.815328
159.100000 -2.781069
159.150000 -2.757087
159.200000 -2.712551
159.250000 -2.681719
159.300000 -2.678292
159.350000 -2.664588
159.400000 -2.633756
159.450000 -2.620052
159.500000 -2.606349
159.550000 -2.551535
159.600000 -2.489869
159.650000 -2.472739
159.700000 -2.438480
159.750000 -2.352832
159.800000 -2.270612
159.850000 -2.222648
159.900000 -2.167835
159.950000 -2.143854
160.000000 -2.178113
160.050000 -2.232927
160.100000 -2.304870
160.150000 -2.441905
160.200000 -2.596070
160.250000 -2.695421
160.300000 -2.767365
160.350000 -2.815328
160.400000 -2.781069
160.450000 -2.688570
160.500000 -2.548108
160.550000 -2.335703
160.600000 -2.058206
160.650000 -1.790987
160.700000 -1.530619
160.750000 -1.266826
160.800000 -1.061272
160.850000 -0.951644
160.900000 -0.917384
160.950000 -0.955070
161.000000 -1.064698
161.050000 -1.194882
161.100000 -1.338769
161.150000 -1.520341
161.200000 -1.695062
161.250000 -1.828672
161.300000 -1.955429
161.350000 -2.082187
161.400000 -2.154131
161.450000 -2.164409
161.500000 -2.188390
161.550000 -2.215797
161.600000 -2.232927
161.650000 -2.246630
161.700000 -2.291167
161.750000 -2.342555
161.800000 -2.397369
161.850000 -2.455609
161.900000 -2.517276
161.950000 -2.565238
162.000000 -2.589219
162.050000 -2.602922
162.100000 -2.620052
162.150000 -2.620052
162.200000 -2.585793
162.250000 -2.524127
162.300000 -2.452183
162.350000 -2.390517
162.400000 -2.328852
162.450000 -2.250056
162.500000 -2.154131
162.550000 -2.068484
162.600000 -2.003392
162.650000 -1.969133
162.700000 -1.965707
162.750000 -2.017096
162.800000 -2.102742
162.850000 -2.208946
162.900000 -2.315148
162.950000 -2.407647
163.000000 -2.493294
163.050000 -2.568664
163.100000 -2.616627
163.150000 -2.620052
163.200000 -2.613201
163.250000 -2.582367
163.300000 -2.496720
163.350000 -2.393943
163.400000 -2.315148
163.450000 -2.226075
163.500000 -2.123298
163.550000 -2.034225
163.600000 -1.975985
163.650000 -1.945152
163.700000 -1.955429
163.750000 -1.996541
163.800000 -2.037651
163.850000 -2.095891
163.900000 -2.181538
163.950000 -2.267185
164.000000 -2.335704
164.050000 -2.400795
164.100000 -2.435054
164.150000 -2.455609
164.200000 -2.486443
164.250000 -2.503572
164.300000 -2.486442
164.350000 -2.469313
164.400000 -2.469313
164.450000 -2.459035
164.500000 -2.445332
164.550000 -2.414499
164.600000 -2.356258
164.650000 -2.301444
164.700000 -2.256908
164.750000 -2.188390
164.800000 -2.102743
164.850000 -2.054781
164.900000 -2.030799
164.950000 -1.993114
165.000000 -1.986263
165.050000 -2.037651
165.100000 -2.116446
165.150000 -2.205520
165.200000 -2.318574
165.250000 -2.445331
165.300000 -2.551534
165.350000 -2.644033
165.400000 -2.719403
165.450000 -2.770791
165.500000 -2.781069
165.550000 -2.750236
165.600000 -2.668015
165.650000 -2.572090
165.700000 -2.489868
165.750000 -2.411072
165.800000 -2.339129
165.850000 -2.311722
165.900000 -2.298019
165.950000 -2.260333
166.000000 -2.226075
166.050000 -2.202094
166.100000 -2.160983
166.150000 -2.106169
166.200000 -2.041077
166.250000 -1.948578
166.300000 -1.849227
166.350000 -1.780709
166.400000 -1.739598
166.450000 -1.705340
166.500000 -1.695062
166.550000 -1.712191
166.600000 -1.753302
166.650000 -1.808116
166.700000 -1.859505
166.750000 -1.897189
166.800000 -1.917745
166.850000 -1.907467
166.900000 -1.842375
166.950000 -1.760154
167.000000 -1.725895
167.050000 -1.719043
167.100000 -1.712191
167.150000 -1.722469
167.200000 -1.773857
167.250000 -1.849227
167.300000 -1.955429
167.350000 -2.095891
167.400000 -2.229501
167.450000 -2.349406
167.500000 -2.500146
167.550000 -2.657737
167.600000 -2.774217
167.650000 -2.846160
167.700000 -2.897550
167.750000 -2.931808
167.800000 -2.921530
167.850000 -2.880419
167.900000 -2.811902
167.950000 -2.736532
168.000000 -2.647459
168.050000 -2.551534
168.100000 -2.459035
168.150000 -2.380240
168.200000 -2.304870
168.250000 -2.260334
168.300000 -2.260333
168.350000 -2.291166
168.400000 -2.321999
168.450000 -2.369963
168.500000 -2.441906
168.550000 -2.520702
168.600000 -2.568664
168.650000 -2.575516
168.700000 -2.558386
168.750000 -2.520701
168.800000 -2.445332
168.850000 -2.335703
168.900000 -2.226075
168.950000 -2.137002
169.000000 -2.065058
169.050000 -1.993114
169.100000 -1.941726
169.150000 -1.917745
169.200000 -1.914319
169.250000 -1.931448
169.300000 -1.982836
169.350000 -2.027373
169.400000 -2.037651
169.450000 -2.027373
169.500000 -2.020521
169.550000 -2.010244
169.600000 -1.979411
169.650000 -1.931448
169.700000 -1.886911
169.750000 -1.862930
169.800000 -1.835523
169.850000 -1.821820
169.900000 -1.818394
169.950000 -1.818393
170.000000 -1.811542
170.050000 -1.818394
170.100000 -1.838949
170.150000 -1.862931
170.200000 -1.893764
170.250000 -1.928023
170.300000 -1.945151
170.350000 -1.962281
170.400000 -2.010244
170.450000 -2.075336
170.500000 -2.133576
170.550000 -2.191816
170.600000 -2.256908
170.650000 -2.301445
170.700000 -2.332277
170.750000 -2.349407
170.800000 -2.356259
170.850000 -2.335703
170.900000 -2.298018
170.950000 -2.260334
171.000000 -2.205520
171.050000 -2.140428
171.100000 -2.119872
171.150000 -2.137002
171.200000 -2.150705
171.250000 -2.171261
171.300000 -2.229501
171.350000 -2.284315
171.400000 -2.304871
171.450000 -2.294593
171.500000 -2.267185
171.550000 -2.202094
171.600000 -2.089039
171.650000 -1.965708
171.700000 -1.849227
171.750000 -1.722469
171.800000 -1.588860
171.850000 -1.499786
171.900000 -1.496360
171.950000 -1.568304
172.000000 -1.684784
172.050000 -1.845801
172.100000 -2.058206
172.150000 -2.280889
172.200000 -2.465887
172.250000 -2.602922
172.300000 -2.688570
172.350000 -2.702274
172.400000 -2.640608
172.450000 -2.496720
172.500000 -2.280889
172.550000 -2.065058
172.600000 -1.859504
172.650000 -1.653951
172.700000 -1.486083
172.750000 -1.403861
172.800000 -1.403861
172.850000 -1.492935
172.900000 -1.660803
172.950000 -1.856078
173.000000 -2.061632
173.050000 -2.280889
173.100000 -2.479591
173.150000 -2.616626
173.200000 -2.715977
173.250000 -2.763940
173.300000 -2.722829
173.350000 -2.623478
173.400000 -2.510424
173.450000 -2.349406
173.500000 -2.178113
173.550000 -2.051354
173.600000 -1.952004
173.650000 -1.856079
173.700000 -1.808116
173.750000 -1.821820
173.800000 -1.842375
173.850000 -1.883486
173.900000 -1.945152
173.950000 -1.975985
174.000000 -1.975985
174.050000 -1.972559
174.100000 -1.948578
174.150000 -1.886912
174.200000 -1.852652
174.250000 -1.828671
174.300000 -1.787561
174.350000 -1.801265
174.400000 -1.897189
174.450000 -2.006818
174.500000 -2.099316
174.550000 -2.222648
174.600000 -2.373389
174.650000 -2.500146
174.700000 -2.592645
174.750000 -2.685144
174.800000 -2.743384
174.850000 -2.760514
174.900000 -2.729681
174.950000 -2.664588
175.000000 -2.596071
175.050000 -2.510424
175.100000 -2.387092
175.150000 -2.250056
175.200000 -2.133576
175.250000 -2.023947
175.300000 -1.900615
175.350000 -1.790987
175.400000 -1.684784
175.450000 -1.561452
175.500000 -1.431268
175.550000 -1.359324
175.600000 -1.342195
175.650000 -1.338769
175.700000 -1.355899
175.750000 -1.434694
175.800000 -1.558026
175.850000 -1.688210
175.900000 -1.838950
175.950000 -2.010244
176.000000 -2.188390
176.050000 -2.345981
176.100000 -2.469313
176.150000 -2.572090
176.200000 -2.647459
176.250000 -2.674867
176.300000 -2.654311
176.350000 -2.613201
176.400000 -2.554961
176.450000 -2.489868
176.500000 -2.428202
176.550000 -2.366537
176.600000 -2.294592
176.650000 -2.229501
176.700000 -2.178113
176.750000 -2.116446
176.800000 -2.071910
176.850000 -2.058207
176.900000 -2.027373
176.950000 -1.982836
177.000000 -1.952004
177.050000 -1.921171
177.100000 -1.873208
177.150000 -1.849227
177.200000 -1.873208
177.250000 -1.900615
177.300000 -1.921171
177.350000 -1.948578
177.400000 -1.986262
177.450000 -2.027373
177.500000 -2.051355
177.550000 -2.058206
177.600000 -2.047928
177.650000 -2.058206
177.700000 -2.068483
177.750000 -2.058206
177.800000 -2.054781
177.850000 -2.085614
177.900000 -2.140428
177.950000 -2.215797
178.000000 -2.304870
178.050000 -2.421350
178.100000 -2.561812
178.150000 -2.685144
178.200000 -2.760513
178.250000 -2.808476
178.300000 -2.832457
178.350000 -2.781069
178.400000 -2.650885
178.450000 -2.472739
178.500000 -2.267186
178.550000 -2.047928
178.600000 -1.835523
178.650000 -1.636821
178.700000 -1.465527
178.750000 -1.390157
178.800000 -1.434694
178.850000 -1.537470
178.900000 -1.691636
178.950000 -1.921171
179.000000 -2.188390
179.050000 -2.435054
179.100000 -2.654311
179.150000 -2.856439
179.200000 -3.007177
179.250000 -3.079122
179.300000 -3.072270
179.350000 -2.979771
179.400000 -2.815328
179.450000 -2.623478
179.500000 -2.417924
179.550000 -2.205520
179.600000 -2.020521
179.650000 -1.890337
179.700000 -1.770431
179.750000 -1.688210
179.800000 -1.698487
179.850000 -1.773858
179.900000 -1.838949
179.950000 -1.904041
180.000000 -2.017095
180.050000 -2.143853
180.100000 -2.243204
180.150000 -2.335703
180.200000 -2.411072
180.250000 -2.441906
180.300000 -2.448758
180.350000 -2.448758
180.400000 -2.404221
180.450000 -2.318574
180.500000 -2.236352
180.550000 -2.147279
180.600000 -2.030799
180.650000 -1.928022
180.700000 -1.873208
180.750000 -1.842375
180.800000 -1.866356
180.850000 -1.986263
180.900000 -2.160983
180.950000 -2.335703
181.000000 -2.527553
181.050000 -2.750236
181.100000 -2.948938
181.150000 -3.079121
181.200000 -3.130509
181.250000 -3.109954
181.300000 -3.017456
181.350000 -2.866716
181.400000 -2.661163
181.450000 -2.421350
181.500000 -2.195242
181.550000 -2.023947
181.600000 -1.897189
181.650000 -1.835524
181.700000 -1.838949
181.750000 -1.893763
181.800000 -1.989688
181.850000 -2.116447
181.900000 -2.267185
181.950000 -2.387092
182.000000 -2.469313
182.050000 -2.524127
182.100000 -2.520701
182.150000 -2.445332
182.200000 -2.342555
182.250000 -2.232926
182.300000 -2.099316
182.350000 -1.962281
182.400000 -1.866356
182.450000 -1.794413
182.500000 -1.739598
182.550000 -1.725895
182.600000 -1.746451
182.650000 -1.753302
182.700000 -1.749876
182.750000 -1.780710
182.800000 -1.828672
182.850000 -1.862930
182.900000 -1.890338
182.950000 -1.948578
183.000000 -2.010244
183.050000 -2.047929
183.100000 -2.082187
183.150000 -2.137002
183.200000 -2.188390
183.250000 -2.232927
183.300000 -2.270611
183.350000 -2.294593
183.400000 -2.311722
183.450000 -2.322000
183.500000 -2.332277
183.550000 -2.349406
183.600000 -2.345981
183.650000 -2.315148
183.700000 -2.318573
183.750000 -2.352833
183.800000 -2.366537
183.850000 -2.369962
183.900000 -2.414499
183.950000 -2.455609
184.000000 -2.455610
184.050000 -2.435054
184.100000 -2.407647
184.150000 -2.352833
184.200000 -2.239779
184.250000 -2.099317
184.300000 -1.952003
184.350000 -1.814968
184.400000 -1.701914
184.450000 -1.626544
184.500000 -1.599137
184.550000 -1.629970
184.600000 -1.701914
184.650000 -1.818394
184.700000 -1.982837
184.750000 -2.191816
184.800000 -2.397369
184.850000 -2.568664
184.900000 -2.705699
184.950000 -2.791347
185.000000 -2.784495
185.050000 -2.688570
185.100000 -2.551534
185.150000 -2.376814
185.200000 -2.164409
185.250000 -1.945152
185.300000 -1.777283
185.350000 -1.640247
185.400000 -1.516916
185.450000 -1.462101
185.500000 -1.503212
185.550000 -1.595711
185.600000 -1.722469
185.650000 -1.886912
185.700000 -2.058206
185.750000 -2.184964
185.800000 -2.267185
185.850000 -2.308296
185.900000 -2.304871
185.950000 -2.274037
186.000000 -2.191816
186.050000 -2.068484
186.100000 -1.958855
186.150000 -1.866357
186.200000 -1.760153
186.250000 -1.705339
186.300000 -1.743025
186.350000 -1.832098
186.400000 -1.952004
186.450000 -2.109594
186.500000 -2.287741
186.550000 -2.459035
186.600000 -2.623479
186.650000 -2.791346
186.700000 -2.918104
186.750000 -2.952364
186.800000 -2.938660
186.850000 -2.911252
186.900000 -2.829031
186.950000 -2.664589
187.000000 -2.479591
187.050000 -2.318574
187.100000 -2.171261
187.150000 -2.034225
187.200000 -1.910893
187.250000 -1.828672
187.300000 -1.808116
187.350000 -1.814968
187.400000 -1.832097
187.450000 -1.897189
187.500000 -1.993114
187.550000 -2.037651
187.600000 -2.044502
187.650000 -2.051355
187.700000 -2.034225
187.750000 -1.969133
187.800000 -1.880059
187.850000 -1.763580
187.900000 -1.633395
187.950000 -1.530619
188.000000 -1.465527
188.050000 -1.390158
188.100000 -1.314788
188.150000 -1.280529
188.200000 -1.259974
188.250000 -1.225714
188.300000 -1.191456
188.350000 -1.140068
188.400000 -1.068124
188.450000 -1.009884
188.500000 -0.968773
188.550000 -0.937940
188.600000 -0.924236
188.650000 -0.937940
188.700000 -0.972199
188.750000 -1.047569
188.800000 -1.174326
188.850000 -1.335343
188.900000 -1.503212
