time[ns] Raw_signal[mV]
-11.150000 -0.325666
-11.100000 -0.346221
-11.050000 -0.325666
-11.000000 -0.291406
-10.950000 -0.257147
-10.900000 -0.229740
-10.850000 -0.195481
-10.800000 -0.154371
-10.750000 -0.120112
-10.700000 -0.106409
-10.650000 -0.113260
-10.600000 -0.113260
-10.550000 -0.116686
-10.500000 -0.144094
-10.450000 -0.171500
-10.400000 -0.178352
-10.350000 -0.168074
-10.300000 -0.144093
-10.250000 -0.089279
-10.200000 -0.013909
-10.150000 0.058034
-10.100000 0.116274
-10.050000 0.157385
-10.000000 0.191644
-9.950000 0.212199
-9.900000 0.195070
-9.850000 0.119701
-9.800000 0.030628
-9.750000 -0.061872
-9.700000 -0.157797
-9.650000 -0.250296
-9.600000 -0.311962
-9.550000 -0.353073
-9.500000 -0.366776
-9.450000 -0.322239
-9.400000 -0.240018
-9.350000 -0.147520
-9.300000 -0.044742
-9.250000 0.078590
-9.200000 0.181366
-9.150000 0.260162
-9.100000 0.342383
-9.050000 0.421178
-9.000000 0.475992
-8.950000 0.499974
-8.900000 0.510252
-8.850000 0.517104
-8.800000 0.510252
-8.750000 0.493123
-8.700000 0.489697
-8.650000 0.510251
-8.600000 0.527382
-8.550000 0.537659
-8.500000 0.537659
-8.450000 0.558214
-8.400000 0.571918
-8.350000 0.558215
-8.300000 0.534233
-8.250000 0.520529
-8.200000 0.496548
-8.150000 0.438308
-8.100000 0.376642
-8.050000 0.342383
-8.000000 0.301272
-7.950000 0.232755
-7.900000 0.184792
-7.850000 0.167663
-7.800000 0.160811
-7.750000 0.153959
-7.700000 0.174514
-7.650000 0.212199
-7.600000 0.232755
-7.550000 0.236180
-7.500000 0.239606
-7.450000 0.222477
-7.400000 0.181366
-7.350000 0.133404
-7.300000 0.088867
-7.250000 0.037479
-7.200000 -0.037891
-7.150000 -0.106408
-7.100000 -0.137241
-7.050000 -0.133815
-7.000000 -0.116686
-6.950000 -0.092705
-6.900000 -0.044742
-6.850000 0.030627
-6.800000 0.116274
-6.750000 0.208773
-6.700000 0.290995
-6.650000 0.345810
-6.600000 0.417752
-6.550000 0.520530
-6.500000 0.595899
-6.450000 0.606177
-6.400000 0.595900
-6.350000 0.595899
-6.300000 0.561641
-6.250000 0.486270
-6.200000 0.410901
-6.150000 0.335532
-6.100000 0.212200
-6.050000 0.075164
-6.000000 -0.034464
-5.950000 -0.144093
-5.900000 -0.246870
-5.850000 -0.305110
-5.800000 -0.342795
-5.750000 -0.397609
-5.700000 -0.435294
-5.650000 -0.421591
-5.600000 -0.390758
-5.550000 -0.373628
-5.500000 -0.356499
-5.450000 -0.329091
-5.400000 -0.298258
-5.350000 -0.277703
-5.300000 -0.274278
-5.250000 -0.281129
-5.200000 -0.263999
-5.150000 -0.250296
-5.100000 -0.253722
-5.050000 -0.233166
-5.000000 -0.178352
-4.950000 -0.137241
-4.900000 -0.116686
-4.850000 -0.072149
-4.800000 -0.013909
-4.750000 0.044331
-4.700000 0.105996
-4.650000 0.191644
-4.600000 0.256735
-4.550000 0.314976
-4.500000 0.386919
-4.450000 0.438308
-4.400000 0.448586
-4.350000 0.434883
-4.300000 0.400623
-4.250000 0.342383
-4.200000 0.267013
-4.150000 0.160811
-4.100000 0.030627
-4.050000 -0.106408
-4.000000 -0.229741
-3.950000 -0.349647
-3.900000 -0.448998
-3.850000 -0.493534
-3.800000 -0.483256
-3.750000 -0.445571
-3.700000 -0.373628
-3.650000 -0.284555
-3.600000 -0.192056
-3.550000 -0.058446
-3.500000 0.116275
-3.450000 0.253310
-3.400000 0.352660
-3.350000 0.458864
-3.300000 0.496549
-3.250000 0.428031
-3.200000 0.434882
-3.150000 0.544511
-3.100000 0.530807
-3.050000 0.397198
-3.000000 0.407475
-2.950000 0.534233
-2.900000 0.530807
-2.850000 0.448586
-2.800000 0.424604
-2.750000 0.369791
-2.700000 0.325254
-2.650000 0.431457
-2.600000 0.469141
-2.550000 0.267014
-2.500000 0.123127
-2.450000 0.171088
-2.400000 0.085442
-2.350000 -0.092705
-2.300000 -0.065297
-2.250000 0.006646
-2.200000 -0.096131
-2.150000 -0.075575
-2.100000 0.201922
-2.050000 0.332106
-2.000000 0.222477
-1.950000 0.201922
-1.900000 0.335531
-1.850000 0.472567
-1.800000 0.589047
-1.750000 0.589047
-1.700000 0.414327
-1.650000 0.287569
-1.600000 0.280718
-1.550000 0.150534
-1.500000 -0.037890
-1.450000 -0.010483
-1.400000 0.102571
-1.350000 0.075163
-1.300000 0.068312
-1.250000 0.126552
-1.200000 0.116274
-1.150000 0.205347
-1.100000 0.475993
-1.050000 0.534233
-1.000000 0.335532
-0.950000 0.356086
-0.900000 0.571917
-0.850000 0.565066
-0.800000 0.441734
-0.750000 0.493123
-0.700000 0.503400
-0.650000 0.349235
-0.600000 0.287569
-0.550000 0.290995
-0.500000 0.160811
-0.450000 0.027201
-0.400000 0.013497
-0.350000 -0.031039
-0.300000 -0.157796
-0.250000 -0.240018
-0.200000 -0.274277
-0.150000 -0.308536
-0.100000 -0.315388
-0.050000 -0.287980
0.000000 -0.205760
0.050000 -0.044742
0.100000 0.064886
0.150000 0.092294
0.200000 0.195070
0.250000 0.345809
0.300000 0.301272
0.350000 0.116274
0.400000 0.071738
0.450000 0.102571
0.500000 -0.020761
0.550000 -0.222888
0.600000 -0.335943
0.650000 -0.425016
0.700000 -0.527793
0.750000 -0.531219
0.800000 -0.366777
0.850000 -0.068724
0.900000 0.362939
0.950000 0.986450
1.000000 1.822368
1.050000 2.874116
1.100000 4.172529
1.150000 5.775845
1.200000 7.690917
1.250000 9.890337
1.300000 12.346697
1.350000 15.025751
1.400000 17.804148
1.450000 20.582540
1.500000 23.415757
1.550000 26.307200
1.600000 29.102730
1.650000 31.730388
1.700000 34.268977
1.750000 36.697926
1.800000 38.863083
1.850000 40.785013
1.900000 42.566483
1.950000 44.180073
2.000000 45.516173
2.050000 46.554213
2.100000 47.318183
2.150000 47.801243
2.200000 47.975953
2.250000 47.766983
2.300000 47.133193
2.350000 46.156813
2.400000 44.906363
2.450000 43.344163
2.500000 41.487323
2.550000 39.452353
2.600000 37.249493
2.650000 34.858233
2.700000 32.415573
2.750000 30.038003
2.800000 27.639873
2.850000 25.224623
2.900000 22.994363
2.950000 21.027903
3.000000 19.239596
3.050000 17.670537
3.100000 16.420086
3.150000 15.453980
3.200000 14.724271
3.250000 14.306308
3.300000 14.179555
3.350000 14.213809
3.400000 14.405660
3.450000 14.840748
3.500000 15.430001
3.550000 16.032962
3.600000 16.653046
3.650000 17.324516
3.700000 17.958312
3.750000 18.527009
3.800000 19.054597
3.850000 19.506810
3.900000 19.825421
3.950000 20.024120
4.000000 20.126897
4.050000 20.061806
4.100000 19.780888
4.150000 19.308112
4.200000 18.674326
4.250000 17.879513
4.300000 16.903140
4.350000 15.762318
4.400000 14.532420
4.450000 13.309377
4.500000 12.093186
4.550000 10.870143
4.600000 9.736174
4.650000 8.783776
4.700000 7.954711
4.750000 7.238701
4.800000 6.711113
4.850000 6.365098
4.900000 6.118434
4.950000 5.964268
5.000000 5.923158
5.050000 5.926584
5.100000 5.957417
5.150000 6.070472
5.200000 6.276025
5.250000 6.502134
5.300000 6.769353
5.350000 7.084535
5.400000 7.416846
5.450000 7.752583
5.500000 8.108876
5.550000 8.465169
5.600000 8.776924
5.650000 9.027015
5.700000 9.188031
5.750000 9.222291
5.800000 9.153773
5.850000 9.009886
5.900000 8.770073
5.950000 8.430910
6.000000 8.050636
6.050000 7.656659
6.100000 7.214719
6.150000 6.721391
6.200000 6.241766
6.250000 5.803252
6.300000 5.371590
6.350000 4.967335
6.400000 4.604191
6.450000 4.241046
6.500000 3.867624
6.550000 3.525036
6.600000 3.213279
6.650000 2.887820
6.700000 2.572638
6.750000 2.329400
6.800000 2.134124
6.850000 1.973107
6.900000 1.849775
6.950000 1.794960
7.000000 1.798386
7.050000 1.842923
7.100000 1.931996
7.150000 2.072458
7.200000 2.233475
7.250000 2.415047
7.300000 2.641155
7.350000 2.887819
7.400000 3.086522
7.450000 3.257815
7.500000 3.446240
7.550000 3.603830
7.600000 3.686052
7.650000 3.730588
7.700000 3.754569
7.750000 3.699756
7.800000 3.579849
7.850000 3.432536
7.900000 3.250964
7.950000 3.028281
8.000000 2.781617
8.050000 2.548657
8.100000 2.346529
8.150000 2.168382
8.200000 1.993662
8.250000 1.846349
8.300000 1.733294
8.350000 1.627092
8.400000 1.510612
8.450000 1.418112
8.500000 1.322188
8.550000 1.198856
8.600000 1.065246
8.650000 0.952192
8.700000 0.828860
8.750000 0.684973
8.800000 0.544511
8.850000 0.438308
8.900000 0.366365
8.950000 0.301273
9.000000 0.249884
9.050000 0.246458
9.100000 0.270440
9.150000 0.318401
9.200000 0.383494
9.250000 0.462289
9.300000 0.541085
9.350000 0.616454
9.400000 0.691824
9.450000 0.750064
9.500000 0.804878
9.550000 0.869970
9.600000 0.945340
9.650000 1.013858
9.700000 1.068672
9.750000 1.133764
9.800000 1.195430
9.850000 1.233114
9.900000 1.243392
9.950000 1.270800
10.000000 1.318761
10.050000 1.332466
10.100000 1.308484
10.150000 1.270799
10.200000 1.226263
10.250000 1.140615
10.300000 1.020709
10.350000 0.883674
10.400000 0.726083
10.450000 0.558215
10.500000 0.414327
10.550000 0.270440
10.600000 0.126552
10.650000 0.010072
10.700000 -0.072150
10.750000 -0.137241
10.800000 -0.181778
10.850000 -0.198907
10.900000 -0.192055
10.950000 -0.168074
11.000000 -0.133816
11.050000 -0.079001
11.100000 0.006646
11.150000 0.119701
11.200000 0.222477
11.250000 0.321828
11.300000 0.445160
11.350000 0.568491
11.400000 0.657565
11.450000 0.732934
11.500000 0.808305
11.550000 0.839137
11.600000 0.808304
11.650000 0.743212
11.700000 0.657566
11.750000 0.534233
11.800000 0.414327
11.850000 0.328680
11.900000 0.256736
11.950000 0.212199
12.000000 0.225903
12.050000 0.270440
12.100000 0.294421
12.150000 0.318402
12.200000 0.359513
12.250000 0.390345
12.300000 0.376642
12.350000 0.332105
12.400000 0.256736
12.450000 0.133404
12.500000 -0.037891
12.550000 -0.198908
12.600000 -0.311961
12.650000 -0.401035
12.700000 -0.500386
12.750000 -0.541497
12.800000 -0.496960
12.850000 -0.476404
12.900000 -0.500386
12.950000 -0.469552
13.000000 -0.404461
13.050000 -0.411312
13.100000 -0.466127
13.150000 -0.503812
13.200000 -0.562052
13.250000 -0.671681
13.300000 -0.771032
13.350000 -0.815568
13.400000 -0.846401
13.450000 -0.836123
13.500000 -0.760753
13.550000 -0.668254
13.600000 -0.582607
13.650000 -0.466127
13.700000 -0.308536
13.750000 -0.161223
13.800000 -0.031039
13.850000 0.085441
13.900000 0.177940
13.950000 0.229328
14.000000 0.249884
14.050000 0.222477
14.100000 0.136830
14.150000 0.044331
14.200000 -0.024187
14.250000 -0.085853
14.300000 -0.157797
14.350000 -0.243444
14.400000 -0.329091
14.450000 -0.404461
14.500000 -0.466127
14.550000 -0.517515
14.600000 -0.562052
14.650000 -0.606588
14.700000 -0.633995
14.750000 -0.633995
14.800000 -0.640847
14.850000 -0.668254
14.900000 -0.685384
14.950000 -0.681957
15.000000 -0.688809
15.050000 -0.716217
15.100000 -0.729920
15.150000 -0.705939
15.200000 -0.671680
15.250000 -0.661403
15.300000 -0.647699
15.350000 -0.613441
15.400000 -0.558626
15.450000 -0.520941
15.500000 -0.496960
15.550000 -0.445571
15.600000 -0.370202
15.650000 -0.291406
15.700000 -0.243444
15.750000 -0.229741
15.800000 -0.233166
15.850000 -0.236592
15.900000 -0.246870
15.950000 -0.253722
16.000000 -0.243444
16.050000 -0.209185
16.100000 -0.178352
16.150000 -0.154371
16.200000 -0.126964
16.250000 -0.113260
16.300000 -0.116686
16.350000 -0.133815
16.400000 -0.161223
16.450000 -0.195481
16.500000 -0.229741
16.550000 -0.284554
16.600000 -0.359925
16.650000 -0.414739
16.700000 -0.435294
16.750000 -0.438720
16.800000 -0.418165
16.850000 -0.363350
16.900000 -0.308536
16.950000 -0.281129
17.000000 -0.229740
17.050000 -0.157796
17.100000 -0.123538
17.150000 -0.144093
17.200000 -0.174926
17.250000 -0.233167
17.300000 -0.329091
17.350000 -0.425016
17.400000 -0.493534
17.450000 -0.582607
17.500000 -0.681958
17.550000 -0.747050
17.600000 -0.784735
17.650000 -0.849827
17.700000 -0.908067
17.750000 -0.942325
17.800000 -0.986862
17.850000 -1.058806
17.900000 -1.127324
17.950000 -1.185563
18.000000 -1.254081
18.050000 -1.319174
18.100000 -1.370562
18.150000 -1.404820
18.200000 -1.425376
18.250000 -1.415098
18.300000 -1.360284
18.350000 -1.267785
18.400000 -1.137601
18.450000 -0.966307
18.500000 -0.774457
18.550000 -0.606588
18.600000 -0.476405
18.650000 -0.332518
18.700000 -0.198908
18.750000 -0.113260
18.800000 -0.061872
18.850000 -0.055020
18.900000 -0.099557
18.950000 -0.147519
19.000000 -0.188630
19.050000 -0.284554
19.100000 -0.401035
19.150000 -0.462701
19.200000 -0.493534
19.250000 -0.534644
19.300000 -0.565478
19.350000 -0.555200
19.400000 -0.548348
19.450000 -0.534644
19.500000 -0.520942
19.550000 -0.538070
19.600000 -0.579181
19.650000 -0.616866
19.700000 -0.661402
19.750000 -0.712791
19.800000 -0.740198
19.850000 -0.777883
19.900000 -0.832697
19.950000 -0.853252
20.000000 -0.818994
20.050000 -0.781309
20.100000 -0.753901
20.150000 -0.726494
20.200000 -0.723069
20.250000 -0.736772
20.300000 -0.740198
20.350000 -0.736772
20.400000 -0.740199
20.450000 -0.743624
20.500000 -0.753902
20.550000 -0.774457
20.600000 -0.767605
20.650000 -0.729921
20.700000 -0.688809
20.750000 -0.623718
20.800000 -0.534644
20.850000 -0.448997
20.900000 -0.383905
20.950000 -0.315388
21.000000 -0.277703
21.050000 -0.294832
21.100000 -0.325666
21.150000 -0.359925
21.200000 -0.442146
21.250000 -0.575756
21.300000 -0.719643
21.350000 -0.870382
21.400000 -1.038251
21.450000 -1.206119
21.500000 -1.370562
21.550000 -1.490468
21.600000 -1.562412
21.650000 -1.610374
21.700000 -1.630929
21.750000 -1.582967
21.800000 -1.490468
21.850000 -1.380839
21.900000 -1.223249
21.950000 -1.017695
22.000000 -0.798439
22.050000 -0.603163
22.100000 -0.425016
22.150000 -0.260573
22.200000 -0.096130
22.250000 0.013498
22.300000 0.044331
22.350000 0.034053
22.400000 0.030627
22.450000 -0.007058
22.500000 -0.120112
22.550000 -0.270851
22.600000 -0.428442
22.650000 -0.599736
22.700000 -0.771032
22.750000 -0.952603
22.800000 -1.141027
22.850000 -1.302044
22.900000 -1.401395
22.950000 -1.480190
23.000000 -1.558986
23.050000 -1.596671
23.100000 -1.596671
23.150000 -1.572689
23.200000 -1.528153
23.250000 -1.476764
23.300000 -1.435654
23.350000 -1.384265
23.400000 -1.315748
23.450000 -1.284915
23.500000 -1.298619
23.550000 -1.312322
23.600000 -1.305470
23.650000 -1.312322
23.700000 -1.322600
23.750000 -1.319174
23.800000 -1.302044
23.850000 -1.250655
23.900000 -1.161583
23.950000 -1.069083
24.000000 -0.980010
24.050000 -0.866956
24.100000 -0.716217
24.150000 -0.548348
24.200000 -0.394183
24.250000 -0.267425
24.300000 -0.168075
24.350000 -0.102983
24.400000 -0.075575
24.450000 -0.072149
24.500000 -0.096131
24.550000 -0.198908
24.600000 -0.339369
24.650000 -0.483256
24.700000 -0.640848
24.750000 -0.822420
24.800000 -0.986862
24.850000 -1.130749
24.900000 -1.274637
24.950000 -1.387692
25.000000 -1.432228
25.050000 -1.452783
25.100000 -1.490468
25.150000 -1.490468
25.200000 -1.435654
25.250000 -1.397969
25.300000 -1.387691
25.350000 -1.356858
25.400000 -1.305470
25.450000 -1.247230
25.500000 -1.192415
25.550000 -1.154731
25.600000 -1.134176
25.650000 -1.089639
25.700000 -1.045103
25.750000 -1.027972
25.800000 -1.010844
25.850000 -0.949177
25.900000 -0.866956
25.950000 -0.777882
26.000000 -0.681958
26.050000 -0.586033
26.100000 -0.503811
26.150000 -0.435294
26.200000 -0.383906
26.250000 -0.366776
26.300000 -0.394183
26.350000 -0.469552
26.400000 -0.575755
26.450000 -0.716216
26.500000 -0.904641
26.550000 -1.113620
26.600000 -1.281489
26.650000 -1.401395
26.700000 -1.487042
26.750000 -1.511024
26.800000 -1.490468
26.850000 -1.435654
26.900000 -1.346581
26.950000 -1.226674
27.000000 -1.117046
27.050000 -1.021121
27.100000 -0.928622
27.150000 -0.884085
27.200000 -0.908067
27.250000 -0.942326
27.300000 -0.983436
27.350000 -1.048529
27.400000 -1.113620
27.450000 -1.151305
27.500000 -1.175286
27.550000 -1.165009
27.600000 -1.113620
27.650000 -1.034825
27.700000 -0.925197
27.750000 -0.808716
27.800000 -0.709366
27.850000 -0.610015
27.900000 -0.500386
27.950000 -0.411313
28.000000 -0.366777
28.050000 -0.332517
28.100000 -0.329091
28.150000 -0.373628
28.200000 -0.452424
28.250000 -0.538071
28.300000 -0.633996
28.350000 -0.760754
28.400000 -0.911493
28.450000 -1.065658
28.500000 -1.188989
28.550000 -1.284915
28.600000 -1.356858
28.650000 -1.411673
28.700000 -1.425376
28.750000 -1.387692
28.800000 -1.312321
28.850000 -1.223249
28.900000 -1.123897
28.950000 -1.007417
29.000000 -0.897789
29.050000 -0.795013
29.100000 -0.709365
29.150000 -0.661403
29.200000 -0.654551
29.250000 -0.657977
29.300000 -0.668255
29.350000 -0.702513
29.400000 -0.753902
29.450000 -0.784735
29.500000 -0.771031
29.550000 -0.740198
29.600000 -0.719643
29.650000 -0.699087
29.700000 -0.651124
29.750000 -0.596311
29.800000 -0.575755
29.850000 -0.599736
29.900000 -0.640847
29.950000 -0.702513
30.000000 -0.784734
30.050000 -0.884085
30.100000 -0.997140
30.150000 -1.082787
30.200000 -1.127324
30.250000 -1.161582
30.300000 -1.178712
30.350000 -1.154731
30.400000 -1.099916
30.450000 -1.038250
30.500000 -0.952603
30.550000 -0.870382
30.600000 -0.836123
30.650000 -0.846401
30.700000 -0.880660
30.750000 -0.952603
30.800000 -1.072509
30.850000 -1.219823
30.900000 -1.370562
30.950000 -1.490468
31.000000 -1.548708
31.050000 -1.582967
31.100000 -1.603522
31.150000 -1.562411
31.200000 -1.442505
31.250000 -1.288340
31.300000 -1.147879
31.350000 -1.017695
31.400000 -0.897789
31.450000 -0.805290
31.500000 -0.781309
31.550000 -0.798438
31.600000 -0.832697
31.650000 -0.911493
31.700000 -1.024547
31.750000 -1.082787
31.800000 -1.082787
31.850000 -1.089639
31.900000 -1.093065
31.950000 -1.034825
32.000000 -0.966306
32.050000 -0.935474
32.100000 -0.901215
32.150000 -0.863530
32.200000 -0.884085
32.250000 -0.959455
32.300000 -1.048528
32.350000 -1.141027
32.400000 -1.243804
32.450000 -1.350007
32.500000 -1.442506
32.550000 -1.487042
32.600000 -1.466487
32.650000 -1.404821
32.700000 -1.319174
32.750000 -1.185564
32.800000 -1.010843
32.850000 -0.853253
32.900000 -0.733346
32.950000 -0.627144
33.000000 -0.531219
33.050000 -0.496960
33.100000 -0.551774
33.150000 -0.644274
33.200000 -0.753902
33.250000 -0.918344
33.300000 -1.103342
33.350000 -1.240378
33.400000 -1.339729
33.450000 -1.445932
33.500000 -1.524727
33.550000 -1.545282
33.600000 -1.528153
33.650000 -1.507598
33.700000 -1.490468
33.750000 -1.469913
33.800000 -1.439080
33.850000 -1.397969
33.900000 -1.350007
33.950000 -1.329452
34.000000 -1.308896
34.050000 -1.267785
34.100000 -1.206119
34.150000 -1.144453
34.200000 -1.079361
34.250000 -1.024547
34.300000 -0.993714
34.350000 -0.962881
34.400000 -0.938899
34.450000 -0.949177
34.500000 -0.997139
34.550000 -1.058805
34.600000 -1.123898
34.650000 -1.199268
34.700000 -1.278063
34.750000 -1.336303
34.800000 -1.367136
34.850000 -1.387692
34.900000 -1.404821
34.950000 -1.397969
35.000000 -1.377413
35.050000 -1.370562
35.100000 -1.377414
35.150000 -1.377413
35.200000 -1.377414
35.250000 -1.401395
35.300000 -1.439079
35.350000 -1.469912
35.400000 -1.490468
35.450000 -1.504172
35.500000 -1.521301
35.550000 -1.528153
35.600000 -1.514450
35.650000 -1.493894
35.700000 -1.476765
35.750000 -1.439079
35.800000 -1.397969
35.850000 -1.373988
35.900000 -1.332877
35.950000 -1.295192
36.000000 -1.315748
36.050000 -1.373988
36.100000 -1.408246
36.150000 -1.428802
36.200000 -1.469912
36.250000 -1.500745
36.300000 -1.490468
36.350000 -1.459635
36.400000 -1.439080
36.450000 -1.401395
36.500000 -1.326025
36.550000 -1.243804
36.600000 -1.144453
36.650000 -1.048528
36.700000 -0.973159
36.750000 -0.918345
36.800000 -0.887511
36.850000 -0.901215
36.900000 -0.949178
36.950000 -1.000566
37.000000 -1.045102
37.050000 -1.086213
37.100000 -1.113620
37.150000 -1.113621
37.200000 -1.093064
37.250000 -1.048528
37.300000 -0.986862
37.350000 -0.918344
37.400000 -0.860105
37.450000 -0.805290
37.500000 -0.764179
37.550000 -0.743624
37.600000 -0.723069
37.650000 -0.712791
37.700000 -0.719643
37.750000 -0.712790
37.800000 -0.695661
37.850000 -0.702513
37.900000 -0.726494
37.950000 -0.736773
38.000000 -0.757327
38.050000 -0.812142
38.100000 -0.880660
38.150000 -0.973159
38.200000 -1.089638
38.250000 -1.216397
38.300000 -1.339729
38.350000 -1.469912
38.400000 -1.562412
38.450000 -1.593245
38.500000 -1.586393
38.550000 -1.541856
38.600000 -1.445931
38.650000 -1.319174
38.700000 -1.178712
38.750000 -1.021122
38.800000 -0.884086
38.850000 -0.805290
38.900000 -0.740198
38.950000 -0.675106
39.000000 -0.678532
39.050000 -0.760753
39.100000 -0.866956
39.150000 -0.983436
39.200000 -1.120471
39.250000 -1.254082
39.300000 -1.380839
39.350000 -1.500745
39.400000 -1.576115
39.450000 -1.606949
39.500000 -1.606949
39.550000 -1.569264
39.600000 -1.469912
39.650000 -1.332877
39.700000 -1.209545
39.750000 -1.127323
39.800000 -1.069084
39.850000 -1.003992
39.900000 -0.969733
39.950000 -1.010844
40.000000 -1.086213
40.050000 -1.154731
40.100000 -1.240378
40.150000 -1.336303
40.200000 -1.384266
40.250000 -1.377414
40.300000 -1.363710
40.350000 -1.350007
40.400000 -1.305470
40.450000 -1.230100
40.500000 -1.165008
40.550000 -1.144453
40.600000 -1.165008
40.650000 -1.202694
40.700000 -1.240378
40.750000 -1.305470
40.800000 -1.380839
40.850000 -1.445931
40.900000 -1.487042
40.950000 -1.483616
41.000000 -1.425376
41.050000 -1.319173
41.100000 -1.206119
41.150000 -1.075935
41.200000 -0.921770
41.250000 -0.798438
41.300000 -0.747050
41.350000 -0.726495
41.400000 -0.702513
41.450000 -0.719643
41.500000 -0.795012
41.550000 -0.880659
41.600000 -0.935473
41.650000 -1.000566
41.700000 -1.082787
41.750000 -1.130749
41.800000 -1.154731
41.850000 -1.192416
41.900000 -1.226675
41.950000 -1.240378
42.000000 -1.243804
42.050000 -1.230100
42.100000 -1.219823
42.150000 -1.223249
42.200000 -1.199268
42.250000 -1.141027
42.300000 -1.113621
42.350000 -1.113620
42.400000 -1.069083
42.450000 -0.980010
42.500000 -0.921770
42.550000 -0.877234
42.600000 -0.829271
42.650000 -0.818994
42.700000 -0.839549
42.750000 -0.836123
42.800000 -0.846400
42.850000 -0.921770
42.900000 -1.010843
42.950000 -1.089638
43.000000 -1.182138
43.050000 -1.298618
43.100000 -1.421951
43.150000 -1.538430
43.200000 -1.620652
43.250000 -1.672040
43.300000 -1.713151
43.350000 -1.716576
43.400000 -1.641207
43.450000 -1.541857
43.500000 -1.480190
43.550000 -1.394543
43.600000 -1.254081
43.650000 -1.147879
43.700000 -1.113620
43.750000 -1.099917
43.800000 -1.093065
43.850000 -1.141027
43.900000 -1.230100
43.950000 -1.332877
44.000000 -1.449358
44.050000 -1.572689
44.100000 -1.685744
44.150000 -1.761114
44.200000 -1.781668
44.250000 -1.778243
44.300000 -1.785094
44.350000 -1.767965
44.400000 -1.692596
44.450000 -1.606948
44.500000 -1.535004
44.550000 -1.439080
44.600000 -1.329451
44.650000 -1.233527
44.700000 -1.147879
44.750000 -1.075935
44.800000 -1.031399
44.850000 -0.997139
44.900000 -0.980011
44.950000 -0.993714
45.000000 -1.021121
45.050000 -1.045102
45.100000 -1.093065
45.150000 -1.161582
45.200000 -1.223248
45.250000 -1.281488
45.300000 -1.350006
45.350000 -1.384266
45.400000 -1.401395
45.450000 -1.435653
45.500000 -1.476765
45.550000 -1.507598
45.600000 -1.538430
45.650000 -1.569263
45.700000 -1.572690
45.750000 -1.562412
45.800000 -1.541856
45.850000 -1.490468
45.900000 -1.415099
45.950000 -1.322600
46.000000 -1.175286
46.050000 -1.017695
46.100000 -0.897789
46.150000 -0.801864
46.200000 -0.692236
46.250000 -0.603163
46.300000 -0.565478
46.350000 -0.565478
46.400000 -0.603162
46.450000 -0.661403
46.500000 -0.719643
46.550000 -0.798438
46.600000 -0.897789
46.650000 -0.949178
46.700000 -0.959455
46.750000 -0.980010
46.800000 -0.976585
46.850000 -0.925196
46.900000 -0.897789
46.950000 -0.890937
47.000000 -0.846401
47.050000 -0.808716
47.100000 -0.822419
47.150000 -0.829271
47.200000 -0.805290
47.250000 -0.822420
47.300000 -0.860104
47.350000 -0.860104
47.400000 -0.849827
47.450000 -0.870382
47.500000 -0.890937
47.550000 -0.911493
47.600000 -0.952603
47.650000 -1.000566
47.700000 -1.058806
47.750000 -1.141027
47.800000 -1.230100
47.850000 -1.322600
47.900000 -1.428802
47.950000 -1.517875
48.000000 -1.572689
48.050000 -1.620652
48.100000 -1.661762
48.150000 -1.675467
48.200000 -1.665189
48.250000 -1.654910
48.300000 -1.624077
48.350000 -1.582967
48.400000 -1.569263
48.450000 -1.569263
48.500000 -1.552134
48.550000 -1.565837
48.600000 -1.596671
48.650000 -1.603522
48.700000 -1.596670
48.750000 -1.600096
48.800000 -1.569263
48.850000 -1.497320
48.900000 -1.435654
48.950000 -1.356858
49.000000 -1.240378
49.050000 -1.141027
49.100000 -1.079362
49.150000 -1.010843
49.200000 -0.966307
49.250000 -0.983436
49.300000 -1.014269
49.350000 -1.048528
49.400000 -1.096491
49.450000 -1.137602
49.500000 -1.158157
49.550000 -1.202694
49.600000 -1.230100
49.650000 -1.185564
49.700000 -1.134176
49.750000 -1.113620
49.800000 -1.058805
49.850000 -0.956029
49.900000 -0.853253
49.950000 -0.771031
50.000000 -0.712791
50.050000 -0.688810
50.100000 -0.671681
50.150000 -0.657977
50.200000 -0.692235
50.250000 -0.771031
50.300000 -0.832697
50.350000 -0.880660
50.400000 -0.949178
50.450000 -1.017695
50.500000 -1.058806
50.550000 -1.106768
50.600000 -1.161583
50.650000 -1.192415
50.700000 -1.219823
50.750000 -1.271211
50.800000 -1.308896
50.850000 -1.315748
50.900000 -1.332877
50.950000 -1.377414
51.000000 -1.418524
51.050000 -1.442506
51.100000 -1.445932
51.150000 -1.428802
51.200000 -1.397969
51.250000 -1.387692
51.300000 -1.387691
51.350000 -1.397969
51.400000 -1.428802
51.450000 -1.442506
51.500000 -1.435654
51.550000 -1.432228
51.600000 -1.411673
51.650000 -1.350007
51.700000 -1.291767
51.750000 -1.247230
51.800000 -1.185564
51.850000 -1.103342
51.900000 -1.038251
51.950000 -0.956029
52.000000 -0.836123
52.050000 -0.764179
52.100000 -0.736772
52.150000 -0.692235
52.200000 -0.644273
52.250000 -0.681958
52.300000 -0.784735
52.350000 -0.877234
52.400000 -0.949177
52.450000 -1.048529
52.500000 -1.151305
52.550000 -1.219823
52.600000 -1.271211
52.650000 -1.322599
52.700000 -1.350007
52.750000 -1.339729
52.800000 -1.322600
52.850000 -1.298618
52.900000 -1.236952
52.950000 -1.144453
53.000000 -1.075936
53.050000 -1.031399
53.100000 -1.000566
53.150000 -0.986862
53.200000 -0.986862
53.250000 -1.000566
53.300000 -1.038251
53.350000 -1.082787
53.400000 -1.106769
53.450000 -1.123898
53.500000 -1.165008
53.550000 -1.199268
53.600000 -1.212971
53.650000 -1.212971
53.700000 -1.226674
53.750000 -1.247230
53.800000 -1.271212
53.850000 -1.295193
53.900000 -1.322600
53.950000 -1.356859
54.000000 -1.404821
54.050000 -1.445932
54.100000 -1.466487
54.150000 -1.493893
54.200000 -1.535005
54.250000 -1.555560
54.300000 -1.569263
54.350000 -1.593245
54.400000 -1.606948
54.450000 -1.596671
54.500000 -1.610375
54.550000 -1.648059
54.600000 -1.651485
54.650000 -1.637781
54.700000 -1.654911
54.750000 -1.665188
54.800000 -1.627504
54.850000 -1.579542
54.900000 -1.565837
54.950000 -1.552134
55.000000 -1.497320
55.050000 -1.432228
55.100000 -1.377414
55.150000 -1.298618
55.200000 -1.206119
55.250000 -1.144453
55.300000 -1.117046
55.350000 -1.075936
55.400000 -1.010843
55.450000 -0.983437
55.500000 -1.000565
55.550000 -1.010843
55.600000 -1.031399
55.650000 -1.086213
55.700000 -1.158157
55.750000 -1.202694
55.800000 -1.254082
55.850000 -1.315748
55.900000 -1.336303
55.950000 -1.308895
56.000000 -1.267786
56.050000 -1.223249
56.100000 -1.175286
56.150000 -1.147879
56.200000 -1.120472
56.250000 -1.079361
56.300000 -1.069084
56.350000 -1.086213
56.400000 -1.082787
56.450000 -1.079361
56.500000 -1.134175
56.550000 -1.209545
56.600000 -1.247230
56.650000 -1.295192
56.700000 -1.370562
56.750000 -1.411673
56.800000 -1.432228
56.850000 -1.480191
56.900000 -1.517876
56.950000 -1.507598
57.000000 -1.497320
57.050000 -1.521301
57.100000 -1.528153
57.150000 -1.524727
57.200000 -1.552134
57.250000 -1.582967
57.300000 -1.593245
57.350000 -1.603522
57.400000 -1.603522
57.450000 -1.572690
57.500000 -1.545282
57.550000 -1.538430
57.600000 -1.517875
57.650000 -1.456209
57.700000 -1.394543
57.750000 -1.329451
57.800000 -1.240378
57.850000 -1.144453
57.900000 -1.069084
57.950000 -1.017695
58.000000 -0.962881
58.050000 -0.901215
58.100000 -0.863531
58.150000 -0.842975
58.200000 -0.788160
58.250000 -0.729920
58.300000 -0.729921
58.350000 -0.750475
58.400000 -0.740198
58.450000 -0.747050
58.500000 -0.808716
58.550000 -0.849827
58.600000 -0.894363
58.650000 -0.980011
58.700000 -1.051954
58.750000 -1.075935
58.800000 -1.096491
58.850000 -1.110195
58.900000 -1.058806
58.950000 -0.980011
59.000000 -0.904641
59.050000 -0.808716
59.100000 -0.719643
59.150000 -0.678532
59.200000 -0.640848
59.250000 -0.606588
59.300000 -0.640847
59.350000 -0.726495
59.400000 -0.822419
59.450000 -0.938899
59.500000 -1.089639
59.550000 -1.233526
59.600000 -1.350007
59.650000 -1.456209
59.700000 -1.535004
59.750000 -1.572689
59.800000 -1.596670
59.850000 -1.617226
59.900000 -1.613800
59.950000 -1.589819
60.000000 -1.569263
60.050000 -1.548708
60.100000 -1.524727
60.150000 -1.483617
60.200000 -1.425376
60.250000 -1.367136
60.300000 -1.326025
60.350000 -1.274637
60.400000 -1.216397
60.450000 -1.182138
60.500000 -1.158157
60.550000 -1.123898
60.600000 -1.099916
60.650000 -1.120472
60.700000 -1.151305
60.750000 -1.178712
60.800000 -1.233526
60.850000 -1.312322
60.900000 -1.380840
60.950000 -1.445931
61.000000 -1.517875
61.050000 -1.558986
61.100000 -1.589819
61.150000 -1.634356
61.200000 -1.651484
61.250000 -1.627503
61.300000 -1.606949
61.350000 -1.600096
61.400000 -1.562412
61.450000 -1.500746
61.500000 -1.449358
61.550000 -1.391117
61.600000 -1.332877
61.650000 -1.308896
61.700000 -1.288341
61.750000 -1.257507
61.800000 -1.226674
61.850000 -1.192416
61.900000 -1.127324
61.950000 -1.041676
62.000000 -0.949178
62.050000 -0.839549
62.100000 -0.747050
62.150000 -0.685384
62.200000 -0.627144
62.250000 -0.596310
62.300000 -0.633995
62.350000 -0.723069
62.400000 -0.808716
62.450000 -0.908066
62.500000 -1.038250
62.550000 -1.168435
62.600000 -1.260934
62.650000 -1.353433
62.700000 -1.428802
62.750000 -1.442506
62.800000 -1.411673
62.850000 -1.346581
62.900000 -1.254081
62.950000 -1.165008
63.000000 -1.096491
63.050000 -1.031398
63.100000 -0.980011
63.150000 -0.969733
63.200000 -0.997140
63.250000 -1.062232
63.300000 -1.168434
63.350000 -1.274637
63.400000 -1.370562
63.450000 -1.480190
63.500000 -1.586393
63.550000 -1.651485
63.600000 -1.672041
63.650000 -1.654911
63.700000 -1.593245
63.750000 -1.504172
63.800000 -1.411673
63.850000 -1.305470
63.900000 -1.168434
63.950000 -1.034825
64.000000 -0.925196
64.050000 -0.829272
64.100000 -0.757327
64.150000 -0.723068
64.200000 -0.740198
64.250000 -0.798439
64.300000 -0.897789
64.350000 -1.034824
64.400000 -1.161582
64.450000 -1.288340
64.500000 -1.435654
64.550000 -1.586393
64.600000 -1.678892
64.650000 -1.730280
64.700000 -1.785094
64.750000 -1.819353
64.800000 -1.771391
64.850000 -1.665189
64.900000 -1.528153
64.950000 -1.353433
65.000000 -1.158157
65.050000 -0.969732
65.100000 -0.805290
65.150000 -0.681958
65.200000 -0.616866
65.250000 -0.603163
65.300000 -0.630569
65.350000 -0.692236
65.400000 -0.764180
65.450000 -0.849827
65.500000 -0.980010
65.550000 -1.127324
65.600000 -1.230100
65.650000 -1.298618
65.700000 -1.373988
65.750000 -1.418524
65.800000 -1.415098
65.850000 -1.387692
65.900000 -1.356858
65.950000 -1.326025
66.000000 -1.291766
66.050000 -1.240378
66.100000 -1.192416
66.150000 -1.185564
66.200000 -1.206119
66.250000 -1.202694
66.300000 -1.209545
66.350000 -1.236952
66.400000 -1.223249
66.450000 -1.195842
66.500000 -1.202693
66.550000 -1.206119
66.600000 -1.171860
66.650000 -1.123897
66.700000 -1.072509
66.750000 -1.010843
66.800000 -0.945751
66.850000 -0.897789
66.900000 -0.853253
66.950000 -0.829271
67.000000 -0.860104
67.050000 -0.908067
67.100000 -0.969733
67.150000 -1.058806
67.200000 -1.168434
67.250000 -1.274637
67.300000 -1.380839
67.350000 -1.500746
67.400000 -1.606948
67.450000 -1.709725
67.500000 -1.805650
67.550000 -1.850186
67.600000 -1.843334
67.650000 -1.843335
67.700000 -1.802224
67.750000 -1.675466
67.800000 -1.531579
67.850000 -1.411673
67.900000 -1.264359
67.950000 -1.103343
68.000000 -0.976585
68.050000 -0.856678
68.100000 -0.743624
68.150000 -0.692236
68.200000 -0.702514
68.250000 -0.729921
68.300000 -0.774457
68.350000 -0.870382
68.400000 -0.956029
68.450000 -1.014270
68.500000 -1.089639
68.550000 -1.144453
68.600000 -1.154731
68.650000 -1.161583
68.700000 -1.199267
68.750000 -1.226674
68.800000 -1.243804
68.850000 -1.288341
68.900000 -1.336303
68.950000 -1.373987
69.000000 -1.415098
69.050000 -1.469912
69.100000 -1.487042
69.150000 -1.449357
69.200000 -1.394543
69.250000 -1.336303
69.300000 -1.243804
69.350000 -1.106768
69.400000 -0.976584
69.450000 -0.870382
69.500000 -0.753901
69.550000 -0.627143
69.600000 -0.544923
69.650000 -0.531218
69.700000 -0.531219
69.750000 -0.534645
69.800000 -0.558626
69.850000 -0.589459
69.900000 -0.599737
69.950000 -0.592885
70.000000 -0.582607
70.050000 -0.565477
70.100000 -0.544922
70.150000 -0.517515
70.200000 -0.486682
70.250000 -0.448997
70.300000 -0.448998
70.350000 -0.479830
70.400000 -0.500386
70.450000 -0.527793
70.500000 -0.616866
70.550000 -0.723069
70.600000 -0.791586
70.650000 -0.870382
70.700000 -0.986863
70.750000 -1.082787
70.800000 -1.123898
70.850000 -1.147879
70.900000 -1.158156
70.950000 -1.123898
71.000000 -1.075935
71.050000 -1.041677
71.100000 -0.993714
71.150000 -0.925196
71.200000 -0.853253
71.250000 -0.781309
71.300000 -0.726494
71.350000 -0.699087
71.400000 -0.681958
71.450000 -0.681958
71.500000 -0.740198
71.550000 -0.808716
71.600000 -0.866956
71.650000 -0.945752
71.700000 -1.024547
71.750000 -1.041676
71.800000 -1.007418
71.850000 -0.983437
71.900000 -0.938900
71.950000 -0.842974
72.000000 -0.736772
72.050000 -0.657977
72.100000 -0.568904
72.150000 -0.496960
72.200000 -0.476405
72.250000 -0.486682
72.300000 -0.507237
72.350000 -0.579181
72.400000 -0.675107
72.450000 -0.747050
72.500000 -0.836123
72.550000 -0.966307
72.600000 -1.099916
72.650000 -1.216397
72.700000 -1.329451
72.750000 -1.418524
72.800000 -1.473338
72.850000 -1.528152
72.900000 -1.572689
72.950000 -1.596671
73.000000 -1.600097
73.050000 -1.569264
73.100000 -1.480191
73.150000 -1.367136
73.200000 -1.267785
73.250000 -1.175286
73.300000 -1.113621
73.350000 -1.082787
73.400000 -1.062232
73.450000 -1.075936
73.500000 -1.147879
73.550000 -1.230100
73.600000 -1.288341
73.650000 -1.356858
73.700000 -1.425376
73.750000 -1.439080
73.800000 -1.425376
73.850000 -1.404820
73.900000 -1.343155
73.950000 -1.243804
74.000000 -1.137601
74.050000 -1.027972
74.100000 -0.928622
74.150000 -0.863530
74.200000 -0.825846
74.250000 -0.795013
74.300000 -0.798438
74.350000 -0.822420
74.400000 -0.818994
74.450000 -0.798438
74.500000 -0.781309
74.550000 -0.777883
74.600000 -0.777883
74.650000 -0.764179
74.700000 -0.740198
74.750000 -0.747050
74.800000 -0.798439
74.850000 -0.839549
74.900000 -0.860104
74.950000 -0.897789
75.000000 -0.962881
75.050000 -1.021121
75.100000 -1.065658
75.150000 -1.096490
75.200000 -1.099917
75.250000 -1.079361
75.300000 -1.062232
75.350000 -1.058805
75.400000 -1.065658
75.450000 -1.082787
75.500000 -1.096491
75.550000 -1.110194
75.600000 -1.141027
75.650000 -1.178712
75.700000 -1.202693
75.750000 -1.212971
75.800000 -1.199267
75.850000 -1.151305
75.900000 -1.093065
75.950000 -1.041676
76.000000 -0.966307
76.050000 -0.890937
76.100000 -0.856679
76.150000 -0.839548
76.200000 -0.798438
76.250000 -0.753902
76.300000 -0.753901
76.350000 -0.791586
76.400000 -0.839549
76.450000 -0.894364
76.500000 -0.962881
76.550000 -1.027973
76.600000 -1.089639
76.650000 -1.141028
76.700000 -1.178712
76.750000 -1.202693
76.800000 -1.206119
76.850000 -1.192416
76.900000 -1.147879
76.950000 -1.072509
77.000000 -0.990288
77.050000 -0.908067
77.100000 -0.825845
77.150000 -0.747050
77.200000 -0.688810
77.250000 -0.657977
77.300000 -0.661402
77.350000 -0.695661
77.400000 -0.747050
77.450000 -0.808716
77.500000 -0.873807
77.550000 -0.921770
77.600000 -0.935474
77.650000 -0.921770
77.700000 -0.908067
77.750000 -0.860104
77.800000 -0.760753
77.850000 -0.640847
77.900000 -0.534645
77.950000 -0.442145
78.000000 -0.349647
78.050000 -0.277703
78.100000 -0.260573
78.150000 -0.301684
78.200000 -0.370202
78.250000 -0.438720
78.300000 -0.531219
78.350000 -0.654551
78.400000 -0.757327
78.450000 -0.829271
78.500000 -0.890937
78.550000 -0.942326
78.600000 -0.952604
78.650000 -0.949177
78.700000 -0.949178
78.750000 -0.938900
78.800000 -0.928623
78.850000 -0.945751
78.900000 -0.980011
78.950000 -1.024547
79.000000 -1.089639
79.050000 -1.171861
79.100000 -1.257508
79.150000 -1.350007
79.200000 -1.428802
79.250000 -1.452783
79.300000 -1.432228
79.350000 -1.391118
79.400000 -1.315747
79.450000 -1.226674
79.500000 -1.137601
79.550000 -1.031399
79.600000 -0.921770
79.650000 -0.815567
79.700000 -0.685384
79.750000 -0.548349
79.800000 -0.442145
79.850000 -0.346221
79.900000 -0.243444
79.950000 -0.178352
80.000000 -0.161223
80.050000 -0.154371
80.100000 -0.171500
80.150000 -0.270851
80.200000 -0.407886
80.250000 -0.544923
80.300000 -0.688810
80.350000 -0.829272
80.400000 -0.949177
80.450000 -1.089639
80.500000 -1.212971
80.550000 -1.274637
80.600000 -1.298618
80.650000 -1.332877
80.700000 -1.346580
80.750000 -1.332877
80.800000 -1.315748
80.850000 -1.298619
80.900000 -1.274637
80.950000 -1.254082
81.000000 -1.223248
81.050000 -1.175286
81.100000 -1.130750
81.150000 -1.089639
81.200000 -1.038251
81.250000 -0.993713
81.300000 -0.986863
81.350000 -0.976584
81.400000 -0.952604
81.450000 -0.952603
81.500000 -0.980010
81.550000 -0.983436
81.600000 -0.973159
81.650000 -0.969732
81.700000 -0.956029
81.750000 -0.897789
81.800000 -0.839549
81.850000 -0.812142
81.900000 -0.781309
81.950000 -0.750475
82.000000 -0.743624
82.050000 -0.757327
82.100000 -0.753901
82.150000 -0.764179
82.200000 -0.815568
82.250000 -0.877234
82.300000 -0.908067
82.350000 -0.908067
82.400000 -0.894363
82.450000 -0.887511
82.500000 -0.897789
82.550000 -0.890938
82.600000 -0.853252
82.650000 -0.832697
82.700000 -0.836123
82.750000 -0.846401
82.800000 -0.853253
82.850000 -0.887511
82.900000 -0.966307
82.950000 -1.048528
83.000000 -1.120472
83.050000 -1.202693
83.100000 -1.302044
83.150000 -1.387691
83.200000 -1.442506
83.250000 -1.469913
83.300000 -1.497320
83.350000 -1.504172
83.400000 -1.463061
83.450000 -1.404821
83.500000 -1.343154
83.550000 -1.254082
83.600000 -1.123897
83.650000 -1.010843
83.700000 -0.921771
83.750000 -0.836123
83.800000 -0.788160
83.850000 -0.801864
83.900000 -0.832697
83.950000 -0.873808
84.000000 -0.959455
84.050000 -1.086213
84.100000 -1.188989
84.150000 -1.250656
84.200000 -1.281488
84.250000 -1.278063
84.300000 -1.254082
84.350000 -1.188990
84.400000 -1.055380
84.450000 -0.884086
84.500000 -0.743624
84.550000 -0.623717
84.600000 -0.493534
84.650000 -0.407887
84.700000 -0.401035
84.750000 -0.418165
84.800000 -0.462701
84.850000 -0.565478
84.900000 -0.675106
84.950000 -0.750476
85.000000 -0.805290
85.050000 -0.846400
85.100000 -0.839549
85.150000 -0.784735
85.200000 -0.695662
85.250000 -0.586034
85.300000 -0.472978
85.350000 -0.363350
85.400000 -0.257147
85.450000 -0.178352
85.500000 -0.161223
85.550000 -0.185204
85.600000 -0.233166
85.650000 -0.301684
85.700000 -0.363351
85.750000 -0.421590
85.800000 -0.503812
85.850000 -0.582607
85.900000 -0.610014
85.950000 -0.640847
86.000000 -0.705939
86.050000 -0.784734
86.100000 -0.860105
86.150000 -0.956029
86.200000 -1.051954
86.250000 -1.144453
86.300000 -1.254081
86.350000 -1.360284
86.400000 -1.421950
86.450000 -1.449357
86.500000 -1.480190
86.550000 -1.473339
86.600000 -1.394543
86.650000 -1.281489
86.700000 -1.154731
86.750000 -1.007418
86.800000 -0.829271
86.850000 -0.685384
86.900000 -0.603163
86.950000 -0.551774
87.000000 -0.510664
87.050000 -0.534645
87.100000 -0.630569
87.150000 -0.709365
87.200000 -0.760754
87.250000 -0.825845
87.300000 -0.904641
87.350000 -0.949178
87.400000 -0.925196
87.450000 -0.860104
87.500000 -0.808716
87.550000 -0.747050
87.600000 -0.637422
87.650000 -0.507237
87.700000 -0.414738
87.750000 -0.359924
87.800000 -0.311962
87.850000 -0.294832
87.900000 -0.346221
87.950000 -0.428442
88.000000 -0.531219
88.050000 -0.647699
88.100000 -0.753902
88.150000 -0.849826
88.200000 -0.938900
88.250000 -1.010843
88.300000 -1.048528
88.350000 -1.086213
88.400000 -1.154731
88.450000 -1.202693
88.500000 -1.216397
88.550000 -1.226674
88.600000 -1.230101
88.650000 -1.212971
88.700000 -1.171860
88.750000 -1.099917
88.800000 -1.003991
88.850000 -0.890938
88.900000 -0.760753
88.950000 -0.610014
89.000000 -0.462701
89.050000 -0.339369
89.100000 -0.253722
89.150000 -0.209185
89.200000 -0.202333
89.250000 -0.233166
89.300000 -0.315388
89.350000 -0.425016
89.400000 -0.544922
89.450000 -0.647700
89.500000 -0.726494
89.550000 -0.767606
89.600000 -0.764179
89.650000 -0.743624
89.700000 -0.688810
89.750000 -0.582607
89.800000 -0.455849
89.850000 -0.335943
89.900000 -0.216037
89.950000 -0.096131
90.000000 0.006646
90.050000 0.064886
90.100000 0.054608
90.150000 0.006646
90.200000 -0.037890
90.250000 -0.079002
90.300000 -0.137242
90.350000 -0.236592
90.400000 -0.335943
90.450000 -0.428442
90.500000 -0.514090
90.550000 -0.592885
90.600000 -0.654551
90.650000 -0.709365
90.700000 -0.764179
90.750000 -0.818993
90.800000 -0.849827
90.850000 -0.849827
90.900000 -0.829271
90.950000 -0.788161
91.000000 -0.712791
91.050000 -0.596310
91.100000 -0.479831
91.150000 -0.380480
91.200000 -0.298258
91.250000 -0.240018
91.300000 -0.240018
91.350000 -0.294832
91.400000 -0.383906
91.450000 -0.507238
91.500000 -0.647699
91.550000 -0.777883
91.600000 -0.880660
91.650000 -0.969733
91.700000 -1.045102
91.750000 -1.099916
91.800000 -1.103343
91.850000 -1.048529
91.900000 -0.983436
91.950000 -0.932047
92.000000 -0.863530
92.050000 -0.788160
92.100000 -0.716216
92.150000 -0.644273
92.200000 -0.568903
92.250000 -0.520941
92.300000 -0.476404
92.350000 -0.418165
92.400000 -0.390757
92.450000 -0.401035
92.500000 -0.397610
92.550000 -0.404461
92.600000 -0.455850
92.650000 -0.503812
92.700000 -0.531219
92.750000 -0.572329
92.800000 -0.620292
92.850000 -0.654551
92.900000 -0.716217
92.950000 -0.808716
93.000000 -0.873808
93.050000 -0.928622
93.100000 -1.017695
93.150000 -1.093064
93.200000 -1.134175
93.250000 -1.199267
93.300000 -1.281489
93.350000 -1.336303
93.400000 -1.387691
93.450000 -1.442506
93.500000 -1.459635
93.550000 -1.445931
93.600000 -1.445931
93.650000 -1.442505
93.700000 -1.425376
93.750000 -1.418525
93.800000 -1.432228
93.850000 -1.421950
93.900000 -1.387691
93.950000 -1.343155
94.000000 -1.302044
94.050000 -1.254081
94.100000 -1.192415
94.150000 -1.103342
94.200000 -1.021121
94.250000 -0.949177
94.300000 -0.890938
94.350000 -0.832697
94.400000 -0.801864
94.450000 -0.818994
94.500000 -0.860104
94.550000 -0.904641
94.600000 -0.945752
94.650000 -0.962881
94.700000 -0.956029
94.750000 -0.921770
94.800000 -0.877234
94.850000 -0.825846
94.900000 -0.747050
94.950000 -0.637422
95.000000 -0.520942
95.050000 -0.459275
95.100000 -0.462701
95.150000 -0.496960
95.200000 -0.551774
95.250000 -0.640847
95.300000 -0.740198
95.350000 -0.846401
95.400000 -0.973158
95.450000 -1.075936
95.500000 -1.127323
95.550000 -1.147879
95.600000 -1.175286
95.650000 -1.178712
95.700000 -1.147879
95.750000 -1.110194
95.800000 -1.069083
95.850000 -1.038251
95.900000 -1.048528
95.950000 -1.062231
96.000000 -1.038251
96.050000 -1.014270
96.100000 -1.003992
96.150000 -0.956029
96.200000 -0.863530
96.250000 -0.781309
96.300000 -0.695661
96.350000 -0.586033
96.400000 -0.472979
96.450000 -0.383905
96.500000 -0.325665
96.550000 -0.281129
96.600000 -0.233166
96.650000 -0.216037
96.700000 -0.240018
96.750000 -0.274277
96.800000 -0.301684
96.850000 -0.356499
96.900000 -0.445572
96.950000 -0.500386
97.000000 -0.541496
97.050000 -0.586033
97.100000 -0.606588
97.150000 -0.623718
97.200000 -0.675106
97.250000 -0.705939
97.300000 -0.681958
97.350000 -0.675107
97.400000 -0.699087
97.450000 -0.678532
97.500000 -0.613440
97.550000 -0.599736
97.600000 -0.623718
97.650000 -0.627144
97.700000 -0.637422
97.750000 -0.681958
97.800000 -0.743624
97.850000 -0.812142
97.900000 -0.884086
97.950000 -0.942325
98.000000 -0.966307
98.050000 -0.983437
98.100000 -0.986863
98.150000 -0.966307
98.200000 -0.925196
98.250000 -0.884085
98.300000 -0.836123
98.350000 -0.788161
98.400000 -0.747050
98.450000 -0.712791
98.500000 -0.681958
98.550000 -0.661403
98.600000 -0.640848
98.650000 -0.637422
98.700000 -0.654551
98.750000 -0.661403
98.800000 -0.654551
98.850000 -0.657977
98.900000 -0.681958
98.950000 -0.688810
99.000000 -0.695661
99.050000 -0.712791
99.100000 -0.726495
99.150000 -0.747050
99.200000 -0.795013
99.250000 -0.829271
99.300000 -0.839549
99.350000 -0.832697
99.400000 -0.818994
99.450000 -0.774457
99.500000 -0.723069
99.550000 -0.668254
99.600000 -0.620292
99.650000 -0.613440
99.700000 -0.623718
99.750000 -0.603163
99.800000 -0.582607
99.850000 -0.603162
99.900000 -0.640847
99.950000 -0.681958
100.000000 -0.729920
100.050000 -0.777883
100.100000 -0.818993
100.150000 -0.860104
100.200000 -0.863530
100.250000 -0.829271
100.300000 -0.812142
100.350000 -0.812142
100.400000 -0.781309
100.450000 -0.757328
100.500000 -0.747050
100.550000 -0.712791
100.600000 -0.661402
100.650000 -0.651125
100.700000 -0.675107
100.750000 -0.678532
100.800000 -0.664828
100.850000 -0.671680
100.900000 -0.712790
100.950000 -0.753901
101.000000 -0.808716
101.050000 -0.887511
101.100000 -0.980011
101.150000 -1.051954
101.200000 -1.106768
101.250000 -1.168434
101.300000 -1.216397
101.350000 -1.216397
101.400000 -1.209545
101.450000 -1.219823
101.500000 -1.206119
101.550000 -1.141027
101.600000 -1.089638
101.650000 -1.065657
101.700000 -1.031399
101.750000 -0.986862
101.800000 -0.983436
101.850000 -0.993714
101.900000 -1.000565
101.950000 -1.024547
102.000000 -1.075936
102.050000 -1.134175
102.100000 -1.192416
102.150000 -1.243804
102.200000 -1.278063
102.250000 -1.308896
102.300000 -1.339729
102.350000 -1.329451
102.400000 -1.267785
102.450000 -1.199267
102.500000 -1.123898
102.550000 -1.021121
102.600000 -0.904641
102.650000 -0.812142
102.700000 -0.719642
102.750000 -0.657977
102.800000 -0.647699
102.850000 -0.651125
102.900000 -0.664828
102.950000 -0.719643
103.000000 -0.801864
103.050000 -0.870382
103.100000 -0.918344
103.150000 -0.935474
103.200000 -0.914918
103.250000 -0.897789
103.300000 -0.880660
103.350000 -0.829271
103.400000 -0.750476
103.450000 -0.699087
103.500000 -0.654551
103.550000 -0.627143
103.600000 -0.647699
103.650000 -0.709365
103.700000 -0.760753
103.750000 -0.839549
103.800000 -0.959456
103.850000 -1.045103
103.900000 -1.075935
103.950000 -1.103343
104.000000 -1.110194
104.050000 -1.075935
104.100000 -1.024547
104.150000 -0.966307
104.200000 -0.880659
104.250000 -0.795013
104.300000 -0.753901
104.350000 -0.723068
104.400000 -0.692236
104.450000 -0.681958
104.500000 -0.705939
104.550000 -0.736772
104.600000 -0.753901
104.650000 -0.757328
104.700000 -0.764179
104.750000 -0.774457
104.800000 -0.777883
104.850000 -0.767605
104.900000 -0.764180
104.950000 -0.774457
105.000000 -0.774457
105.050000 -0.767605
105.100000 -0.805290
105.150000 -0.887511
105.200000 -0.956029
105.250000 -0.997140
105.300000 -1.048528
105.350000 -1.110194
105.400000 -1.120472
105.450000 -1.075935
105.500000 -1.034825
105.550000 -0.986862
105.600000 -0.914919
105.650000 -0.832698
105.700000 -0.767605
105.750000 -0.719643
105.800000 -0.685384
105.850000 -0.668255
105.900000 -0.688810
105.950000 -0.767605
106.000000 -0.863530
106.050000 -0.949177
106.100000 -1.069084
106.150000 -1.195841
106.200000 -1.281488
106.250000 -1.326025
106.300000 -1.339729
106.350000 -1.302044
106.400000 -1.223248
106.450000 -1.099916
106.500000 -0.935474
106.550000 -0.757327
106.600000 -0.606588
106.650000 -0.466127
106.700000 -0.356498
106.750000 -0.305110
106.800000 -0.291407
106.850000 -0.274277
106.900000 -0.294832
106.950000 -0.356498
107.000000 -0.394183
107.050000 -0.421590
107.100000 -0.466126
107.150000 -0.503811
107.200000 -0.517516
107.250000 -0.541496
107.300000 -0.579182
107.350000 -0.630569
107.400000 -0.705939
107.450000 -0.798438
107.500000 -0.877234
107.550000 -0.949178
107.600000 -1.014269
107.650000 -1.062232
107.700000 -1.093065
107.750000 -1.103343
107.800000 -1.079361
107.850000 -1.034825
107.900000 -0.997140
107.950000 -0.942325
108.000000 -0.866956
108.050000 -0.822420
108.100000 -0.801864
108.150000 -0.767605
108.200000 -0.729921
108.250000 -0.716217
108.300000 -0.695662
108.350000 -0.678532
108.400000 -0.688809
108.450000 -0.695662
108.500000 -0.671680
108.550000 -0.644273
108.600000 -0.630570
108.650000 -0.599737
108.700000 -0.582607
108.750000 -0.579181
108.800000 -0.562052
108.850000 -0.531219
108.900000 -0.524367
108.950000 -0.534645
109.000000 -0.534645
109.050000 -0.531218
109.100000 -0.544923
109.150000 -0.582607
109.200000 -0.637421
109.250000 -0.702513
109.300000 -0.795012
109.350000 -0.887511
109.400000 -0.945752
109.450000 -0.983437
109.500000 -1.048528
109.550000 -1.123897
109.600000 -1.134175
109.650000 -1.113620
109.700000 -1.113620
109.750000 -1.113620
109.800000 -1.096491
109.850000 -1.103343
109.900000 -1.130749
109.950000 -1.141028
110.000000 -1.158156
110.050000 -1.202693
110.100000 -1.219823
110.150000 -1.202694
110.200000 -1.185564
110.250000 -1.165009
110.300000 -1.137602
110.350000 -1.099916
110.400000 -1.041677
110.450000 -0.959455
110.500000 -0.904640
110.550000 -0.884086
110.600000 -0.887511
110.650000 -0.894363
110.700000 -0.935473
110.750000 -0.980010
110.800000 -1.007417
110.850000 -1.038251
110.900000 -1.082787
110.950000 -1.123898
111.000000 -1.134176
111.050000 -1.130750
111.100000 -1.134176
111.150000 -1.147879
111.200000 -1.175287
111.250000 -1.206119
111.300000 -1.226674
111.350000 -1.240378
111.400000 -1.260934
111.450000 -1.291766
111.500000 -1.315747
111.550000 -1.295192
111.600000 -1.254082
111.650000 -1.226674
111.700000 -1.202693
111.750000 -1.130750
111.800000 -1.062231
111.850000 -1.041676
111.900000 -1.041676
111.950000 -1.010843
112.000000 -0.990288
112.050000 -1.007418
112.100000 -1.024547
112.150000 -1.014269
112.200000 -0.990288
112.250000 -0.959455
112.300000 -0.897789
112.350000 -0.815568
112.400000 -0.750476
112.450000 -0.678532
112.500000 -0.589459
112.550000 -0.510664
112.600000 -0.476405
112.650000 -0.462701
112.700000 -0.435294
112.750000 -0.418165
112.800000 -0.452424
112.850000 -0.524367
112.900000 -0.579181
112.950000 -0.637421
113.000000 -0.729920
113.050000 -0.853252
113.100000 -0.952604
113.150000 -1.051954
113.200000 -1.202693
113.250000 -1.356859
113.300000 -1.469913
113.350000 -1.576115
113.400000 -1.665189
113.450000 -1.682317
113.500000 -1.648059
113.550000 -1.593245
113.600000 -1.493894
113.650000 -1.343155
113.700000 -1.216397
113.750000 -1.099917
113.800000 -0.952604
113.850000 -0.825845
113.900000 -0.760754
113.950000 -0.709365
114.000000 -0.692236
114.050000 -0.740198
114.100000 -0.801864
114.150000 -0.836123
114.200000 -0.897789
114.250000 -0.973158
114.300000 -0.986863
114.350000 -0.945751
114.400000 -0.918344
114.450000 -0.894363
114.500000 -0.825845
114.550000 -0.740198
114.600000 -0.678532
114.650000 -0.616866
114.700000 -0.548349
114.750000 -0.496960
114.800000 -0.483257
114.850000 -0.496960
114.900000 -0.527793
114.950000 -0.592885
115.000000 -0.685384
115.050000 -0.774457
115.100000 -0.839549
115.150000 -0.890937
115.200000 -0.932048
115.250000 -0.966307
115.300000 -1.021121
115.350000 -1.065657
115.400000 -1.082787
115.450000 -1.089639
115.500000 -1.127324
115.550000 -1.178712
115.600000 -1.212971
115.650000 -1.230101
115.700000 -1.247230
115.750000 -1.267785
115.800000 -1.264359
115.850000 -1.240378
115.900000 -1.209545
115.950000 -1.168434
116.000000 -1.117046
116.050000 -1.075935
116.100000 -1.055380
116.150000 -1.021121
116.200000 -0.973159
116.250000 -0.959455
116.300000 -0.976584
116.350000 -0.986862
116.400000 -1.007417
116.450000 -1.045102
116.500000 -1.062232
116.550000 -1.055380
116.600000 -1.045102
116.650000 -1.014269
116.700000 -0.942325
116.750000 -0.856678
116.800000 -0.771031
116.850000 -0.668254
116.900000 -0.582607
116.950000 -0.538070
117.000000 -0.517515
117.050000 -0.520941
117.100000 -0.565478
117.150000 -0.630570
117.200000 -0.699087
117.250000 -0.812142
117.300000 -0.966307
117.350000 -1.113620
117.400000 -1.223248
117.450000 -1.315748
117.500000 -1.408247
117.550000 -1.487042
117.600000 -1.524727
117.650000 -1.521301
117.700000 -1.476764
117.750000 -1.380839
117.800000 -1.250656
117.850000 -1.127324
117.900000 -1.007417
117.950000 -0.849827
118.000000 -0.695661
118.050000 -0.596311
118.100000 -0.531219
118.150000 -0.462701
118.200000 -0.438720
118.250000 -0.462701
118.300000 -0.493534
118.350000 -0.538070
118.400000 -0.610014
118.450000 -0.661403
118.500000 -0.671680
118.550000 -0.692235
118.600000 -0.702513
118.650000 -0.685383
118.700000 -0.688810
118.750000 -0.702514
118.800000 -0.668254
118.850000 -0.623718
118.900000 -0.637422
118.950000 -0.664828
119.000000 -0.664829
119.050000 -0.695661
119.100000 -0.760753
119.150000 -0.798438
119.200000 -0.829271
119.250000 -0.880660
119.300000 -0.908067
119.350000 -0.918345
119.400000 -0.928622
119.450000 -0.945752
119.500000 -0.949177
119.550000 -0.956030
119.600000 -0.966307
119.650000 -0.966306
119.700000 -0.983436
119.750000 -1.027973
119.800000 -1.069083
119.850000 -1.113620
119.900000 -1.188990
119.950000 -1.250656
120.000000 -1.271211
120.050000 -1.298618
120.100000 -1.336303
120.150000 -1.322599
120.200000 -1.243804
120.250000 -1.158157
120.300000 -1.055380
120.350000 -0.942325
120.400000 -0.860105
120.450000 -0.791586
120.500000 -0.719643
120.550000 -0.681958
120.600000 -0.695662
120.650000 -0.757327
120.700000 -0.873808
120.750000 -1.031399
120.800000 -1.178712
120.850000 -1.291766
120.900000 -1.421950
120.950000 -1.552134
121.000000 -1.613800
121.050000 -1.606948
121.100000 -1.576115
121.150000 -1.507598
121.200000 -1.391117
121.250000 -1.278063
121.300000 -1.175286
121.350000 -1.051955
121.400000 -0.935474
121.450000 -0.860104
121.500000 -0.846401
121.550000 -0.849827
121.600000 -0.825845
121.650000 -0.818994
121.700000 -0.863530
121.750000 -0.911493
121.800000 -0.921771
121.850000 -0.918345
121.900000 -0.928622
121.950000 -0.932048
122.000000 -0.897790
122.050000 -0.863530
122.100000 -0.846401
122.150000 -0.825845
122.200000 -0.798438
122.250000 -0.801864
122.300000 -0.822419
122.350000 -0.839549
122.400000 -0.866956
122.450000 -0.925196
122.500000 -1.000566
122.550000 -1.048528
122.600000 -1.062232
122.650000 -1.058806
122.700000 -1.041677
122.750000 -1.003991
122.800000 -0.938900
122.850000 -0.870382
122.900000 -0.808716
122.950000 -0.736772
123.000000 -0.640848
123.050000 -0.565478
123.100000 -0.531219
123.150000 -0.517515
123.200000 -0.507238
123.250000 -0.534645
123.300000 -0.610014
123.350000 -0.705939
123.400000 -0.798438
123.450000 -0.880660
123.500000 -0.973158
123.550000 -1.069084
123.600000 -1.158157
123.650000 -1.243804
123.700000 -1.326026
123.750000 -1.373988
123.800000 -1.373987
123.850000 -1.356858
123.900000 -1.336303
123.950000 -1.298618
124.000000 -1.250656
124.050000 -1.195841
124.100000 -1.141027
124.150000 -1.065657
124.200000 -0.986862
124.250000 -0.925196
124.300000 -0.884086
124.350000 -0.839549
124.400000 -0.788160
124.450000 -0.767605
124.500000 -0.764180
124.550000 -0.747050
124.600000 -0.733346
124.650000 -0.757327
124.700000 -0.795012
124.750000 -0.849827
124.800000 -0.942326
124.850000 -1.045103
124.900000 -1.120472
124.950000 -1.182138
125.000000 -1.254082
125.050000 -1.312322
125.100000 -1.319173
125.150000 -1.288340
125.200000 -1.240378
125.250000 -1.161583
125.300000 -1.055380
125.350000 -0.952604
125.400000 -0.849827
125.450000 -0.736772
125.500000 -0.647699
125.550000 -0.586033
125.600000 -0.534645
125.650000 -0.507237
125.700000 -0.514089
125.750000 -0.514089
125.800000 -0.500386
125.850000 -0.538071
125.900000 -0.596311
125.950000 -0.596310
126.000000 -0.572330
126.050000 -0.586033
126.100000 -0.613440
126.150000 -0.610015
126.200000 -0.606589
126.250000 -0.633996
126.300000 -0.668255
126.350000 -0.695661
126.400000 -0.726495
126.450000 -0.764179
126.500000 -0.815568
126.550000 -0.856678
126.600000 -0.894363
126.650000 -0.928623
126.700000 -0.959455
126.750000 -0.969733
126.800000 -0.962881
126.850000 -0.932048
126.900000 -0.897789
126.950000 -0.873808
127.000000 -0.880659
127.050000 -0.890937
127.100000 -0.911493
127.150000 -0.969733
127.200000 -1.041676
127.250000 -1.120472
127.300000 -1.206120
127.350000 -1.291766
127.400000 -1.346581
127.450000 -1.367136
127.500000 -1.353432
127.550000 -1.302044
127.600000 -1.209545
127.650000 -1.106768
127.700000 -0.990288
127.750000 -0.842975
127.800000 -0.692235
127.850000 -0.592885
127.900000 -0.544923
127.950000 -0.507238
128.000000 -0.510663
128.050000 -0.555200
128.100000 -0.616866
128.150000 -0.671681
128.200000 -0.740198
128.250000 -0.812142
128.300000 -0.856679
128.350000 -0.860104
128.400000 -0.853252
128.450000 -0.846400
128.500000 -0.829271
128.550000 -0.791587
128.600000 -0.733347
128.650000 -0.692236
128.700000 -0.688810
128.750000 -0.678532
128.800000 -0.651125
128.850000 -0.623718
128.900000 -0.627144
128.950000 -0.644274
129.000000 -0.644273
129.050000 -0.616866
129.100000 -0.613440
129.150000 -0.651125
129.200000 -0.664829
129.250000 -0.647699
129.300000 -0.661403
129.350000 -0.688810
129.400000 -0.699087
129.450000 -0.740198
129.500000 -0.822419
129.550000 -0.897789
129.600000 -0.962881
129.650000 -1.031399
129.700000 -1.089639
129.750000 -1.137601
129.800000 -1.178712
129.850000 -1.175287
129.900000 -1.130750
129.950000 -1.099917
130.000000 -1.051954
130.050000 -0.956029
130.100000 -0.846401
130.150000 -0.743624
130.200000 -0.603163
130.250000 -0.476404
130.300000 -0.431868
130.350000 -0.407886
130.400000 -0.366776
130.450000 -0.370202
130.500000 -0.445572
130.550000 -0.527792
130.600000 -0.603162
130.650000 -0.692236
130.700000 -0.795012
130.750000 -0.887511
130.800000 -0.959455
130.850000 -1.000566
130.900000 -1.031399
130.950000 -1.062232
131.000000 -1.069083
131.050000 -1.045103
131.100000 -1.010843
131.150000 -0.993714
131.200000 -0.993714
131.250000 -1.010843
131.300000 -1.010843
131.350000 -1.003992
131.400000 -1.014270
131.450000 -1.027973
131.500000 -1.007418
131.550000 -0.956029
131.600000 -0.901215
131.650000 -0.860104
131.700000 -0.808716
131.750000 -0.750476
131.800000 -0.692236
131.850000 -0.661403
131.900000 -0.657977
131.950000 -0.671681
132.000000 -0.685384
132.050000 -0.695662
132.100000 -0.723068
132.150000 -0.767605
132.200000 -0.818994
132.250000 -0.877234
132.300000 -0.952604
132.350000 -1.027973
132.400000 -1.089639
132.450000 -1.158156
132.500000 -1.250656
132.550000 -1.336303
132.600000 -1.411672
132.650000 -1.480190
132.700000 -1.521302
132.750000 -1.493894
132.800000 -1.445932
132.850000 -1.421951
132.900000 -1.384265
132.950000 -1.281489
133.000000 -1.158157
133.050000 -1.038250
133.100000 -0.914918
133.150000 -0.788161
133.200000 -0.681958
133.250000 -0.592885
133.300000 -0.514089
133.350000 -0.455849
133.400000 -0.401035
133.450000 -0.325666
133.500000 -0.253722
133.550000 -0.205759
133.600000 -0.171500
133.650000 -0.150945
133.700000 -0.181778
133.750000 -0.260574
133.800000 -0.349647
133.850000 -0.428442
133.900000 -0.534645
133.950000 -0.644273
134.000000 -0.729921
134.050000 -0.798439
134.100000 -0.866957
134.150000 -0.911493
134.200000 -0.897790
134.250000 -0.842975
134.300000 -0.767605
134.350000 -0.664828
134.400000 -0.544922
134.450000 -0.438720
134.500000 -0.359925
134.550000 -0.315388
134.600000 -0.318814
134.650000 -0.359925
134.700000 -0.418165
134.750000 -0.486683
134.800000 -0.582607
134.850000 -0.716217
134.900000 -0.860104
134.950000 -0.990288
135.000000 -1.113620
135.050000 -1.240378
135.100000 -1.360285
135.150000 -1.442505
135.200000 -1.493894
135.250000 -1.538430
135.300000 -1.572689
135.350000 -1.572689
135.400000 -1.548708
135.450000 -1.507598
135.500000 -1.459635
135.550000 -1.415099
135.600000 -1.387691
135.650000 -1.350007
135.700000 -1.308895
135.750000 -1.281489
135.800000 -1.260933
135.850000 -1.260934
135.900000 -1.291766
135.950000 -1.356858
136.000000 -1.384265
136.050000 -1.367136
136.100000 -1.356859
136.150000 -1.350007
136.200000 -1.312322
136.250000 -1.254082
136.300000 -1.192416
136.350000 -1.130749
136.400000 -1.069083
136.450000 -1.017695
136.500000 -0.959455
136.550000 -0.901215
136.600000 -0.863530
136.650000 -0.839549
136.700000 -0.829271
136.750000 -0.815567
136.800000 -0.798438
136.850000 -0.784735
136.900000 -0.798438
136.950000 -0.815567
137.000000 -0.808716
137.050000 -0.801864
137.100000 -0.798439
137.150000 -0.753901
137.200000 -0.699088
137.250000 -0.702513
137.300000 -0.716216
137.350000 -0.705939
137.400000 -0.699087
137.450000 -0.726494
137.500000 -0.753902
137.550000 -0.781309
137.600000 -0.832698
137.650000 -0.887511
137.700000 -0.966306
137.750000 -1.051955
137.800000 -1.106768
137.850000 -1.127324
137.900000 -1.165008
137.950000 -1.192415
138.000000 -1.188990
138.050000 -1.161583
138.100000 -1.127324
138.150000 -1.065658
138.200000 -1.010843
138.250000 -0.962881
138.300000 -0.914918
138.350000 -0.863530
138.400000 -0.818994
138.450000 -0.781309
138.500000 -0.777883
138.550000 -0.812142
138.600000 -0.822420
138.650000 -0.798439
138.700000 -0.808716
138.750000 -0.846401
138.800000 -0.877234
138.850000 -0.897789
138.900000 -0.911493
138.950000 -0.914918
139.000000 -0.904641
139.050000 -0.890937
139.100000 -0.853252
139.150000 -0.788160
139.200000 -0.729920
139.250000 -0.702514
139.300000 -0.688809
139.350000 -0.671680
139.400000 -0.678532
139.450000 -0.729920
139.500000 -0.808716
139.550000 -0.887512
139.600000 -0.980010
139.650000 -1.110195
139.700000 -1.236952
139.750000 -1.329452
139.800000 -1.415098
139.850000 -1.497319
139.900000 -1.535005
139.950000 -1.517875
140.000000 -1.480191
140.050000 -1.425376
140.100000 -1.339729
140.150000 -1.260933
140.200000 -1.206120
140.250000 -1.144453
140.300000 -1.079361
140.350000 -1.055380
140.400000 -1.055380
140.450000 -1.051954
140.500000 -1.048529
140.550000 -1.041676
140.600000 -1.027973
140.650000 -1.034824
140.700000 -1.045102
140.750000 -1.031399
140.800000 -1.003991
140.850000 -0.993714
140.900000 -0.980010
140.950000 -0.945751
141.000000 -0.945752
141.050000 -0.973159
141.100000 -0.969733
141.150000 -0.959455
141.200000 -0.993714
141.250000 -1.031399
141.300000 -1.034825
141.350000 -1.027972
141.400000 -1.003992
141.450000 -0.962881
141.500000 -0.932047
141.550000 -0.911492
141.600000 -0.863531
141.650000 -0.801864
141.700000 -0.767606
141.750000 -0.750476
141.800000 -0.747050
141.850000 -0.774457
141.900000 -0.846400
141.950000 -0.921770
142.000000 -0.969732
142.050000 -1.003991
142.100000 -1.038250
142.150000 -1.058805
142.200000 -1.010843
142.250000 -0.921770
142.300000 -0.836123
142.350000 -0.753901
142.400000 -0.651125
142.450000 -0.575756
142.500000 -0.548348
142.550000 -0.524367
142.600000 -0.527793
142.650000 -0.596311
142.700000 -0.692235
142.750000 -0.760754
142.800000 -0.832697
142.850000 -0.914918
142.900000 -0.962881
142.950000 -0.973159
143.000000 -0.983437
143.050000 -0.983436
143.100000 -0.956030
143.150000 -0.894363
143.200000 -0.825846
143.250000 -0.784735
143.300000 -0.760754
143.350000 -0.747050
143.400000 -0.760753
143.450000 -0.815568
143.500000 -0.877233
143.550000 -0.932048
143.600000 -0.997140
143.650000 -1.038251
143.700000 -1.069083
143.750000 -1.110194
143.800000 -1.141027
143.850000 -1.120472
143.900000 -1.058806
143.950000 -0.993714
144.000000 -0.928622
144.050000 -0.866956
144.100000 -0.822420
144.150000 -0.798438
144.200000 -0.788161
144.250000 -0.815568
144.300000 -0.877233
144.350000 -0.962881
144.400000 -1.075935
144.450000 -1.199268
144.500000 -1.339728
144.550000 -1.469913
144.600000 -1.555560
144.650000 -1.589818
144.700000 -1.600096
144.750000 -1.586393
144.800000 -1.528152
144.850000 -1.418524
144.900000 -1.281488
144.950000 -1.141028
145.000000 -1.010843
145.050000 -0.897789
145.100000 -0.818994
145.150000 -0.757328
145.200000 -0.712791
145.250000 -0.709365
145.300000 -0.753902
145.350000 -0.777883
145.400000 -0.764180
145.450000 -0.777883
145.500000 -0.808715
145.550000 -0.798438
145.600000 -0.784734
145.650000 -0.805290
145.700000 -0.822420
145.750000 -0.818994
145.800000 -0.825845
145.850000 -0.856678
145.900000 -0.880659
145.950000 -0.911492
146.000000 -0.932048
146.050000 -0.925197
146.100000 -0.928622
146.150000 -0.942326
146.200000 -0.925196
146.250000 -0.901215
146.300000 -0.914918
146.350000 -0.911492
146.400000 -0.863530
146.450000 -0.825845
146.500000 -0.805290
146.550000 -0.784734
146.600000 -0.781308
146.650000 -0.795013
146.700000 -0.788160
146.750000 -0.791586
146.800000 -0.815568
146.850000 -0.842975
146.900000 -0.866956
146.950000 -0.897789
147.000000 -0.908067
147.050000 -0.911493
147.100000 -0.945752
147.150000 -0.956029
147.200000 -0.894363
147.250000 -0.825845
147.300000 -0.791586
147.350000 -0.757328
147.400000 -0.712790
147.450000 -0.695661
147.500000 -0.699088
147.550000 -0.719643
147.600000 -0.774457
147.650000 -0.853252
147.700000 -0.935474
147.750000 -1.024547
147.800000 -1.096491
147.850000 -1.127323
147.900000 -1.117046
147.950000 -1.058806
148.000000 -0.932048
148.050000 -0.777883
148.100000 -0.630570
148.150000 -0.476405
148.200000 -0.322239
148.250000 -0.219463
148.300000 -0.178352
148.350000 -0.181778
148.400000 -0.260573
148.450000 -0.397609
148.500000 -0.555200
148.550000 -0.736772
148.600000 -0.952603
148.650000 -1.151304
148.700000 -1.271211
148.750000 -1.360284
148.800000 -1.428802
148.850000 -1.418524
148.900000 -1.356858
148.950000 -1.271211
149.000000 -1.161583
149.050000 -1.010844
149.100000 -0.856678
149.150000 -0.723068
149.200000 -0.623718
149.250000 -0.551774
149.300000 -0.507237
149.350000 -0.503811
149.400000 -0.558626
149.450000 -0.633995
149.500000 -0.743624
149.550000 -0.884086
149.600000 -0.993714
149.650000 -1.065658
149.700000 -1.144453
149.750000 -1.226674
149.800000 -1.236952
149.850000 -1.223249
149.900000 -1.230100
149.950000 -1.192416
150.000000 -1.093065
150.050000 -1.007417
150.100000 -0.928622
150.150000 -0.798438
150.200000 -0.688809
150.250000 -0.654550
150.300000 -0.613440
150.350000 -0.544922
150.400000 -0.520941
150.450000 -0.517516
150.500000 -0.466127
150.550000 -0.428443
150.600000 -0.448998
150.650000 -0.448998
150.700000 -0.421591
150.750000 -0.421590
150.800000 -0.442145
150.850000 -0.442145
150.900000 -0.459275
150.950000 -0.503812
151.000000 -0.555200
151.050000 -0.603163
151.100000 -0.664828
151.150000 -0.740198
151.200000 -0.829271
151.250000 -0.921770
151.300000 -0.986863
151.350000 -1.027972
151.400000 -1.082787
151.450000 -1.134175
151.500000 -1.168434
151.550000 -1.185563
151.600000 -1.199267
151.650000 -1.202693
151.700000 -1.206119
151.750000 -1.219823
151.800000 -1.202693
151.850000 -1.171860
151.900000 -1.182138
151.950000 -1.212971
152.000000 -1.216397
152.050000 -1.199267
152.100000 -1.175286
152.150000 -1.134175
152.200000 -1.089638
152.250000 -1.055380
152.300000 -1.034825
152.350000 -1.021121
152.400000 -0.997139
152.450000 -0.969733
152.500000 -0.942325
152.550000 -0.925197
152.600000 -0.928622
152.650000 -0.952603
152.700000 -0.966307
152.750000 -0.962881
152.800000 -0.983436
152.850000 -1.027973
152.900000 -1.058806
152.950000 -1.051954
153.000000 -1.034824
153.050000 -1.034824
153.100000 -1.031399
153.150000 -1.017696
153.200000 -0.993714
153.250000 -0.962881
153.300000 -0.914919
153.350000 -0.863530
153.400000 -0.808716
153.450000 -0.747050
153.500000 -0.702514
153.550000 -0.671680
153.600000 -0.651125
153.650000 -0.640847
153.700000 -0.637422
153.750000 -0.651125
153.800000 -0.702513
153.850000 -0.788160
153.900000 -0.853252
153.950000 -0.880659
154.000000 -0.897789
154.050000 -0.928622
154.100000 -0.949177
154.150000 -0.932048
154.200000 -0.890937
154.250000 -0.842975
154.300000 -0.795012
154.350000 -0.726494
154.400000 -0.637422
154.450000 -0.565478
154.500000 -0.514089
154.550000 -0.462701
154.600000 -0.404461
154.650000 -0.363350
154.700000 -0.363350
154.750000 -0.387331
154.800000 -0.428442
154.850000 -0.493534
154.900000 -0.586033
154.950000 -0.678532
155.000000 -0.757327
155.050000 -0.829271
155.100000 -0.894363
155.150000 -0.952603
155.200000 -0.976584
155.250000 -0.956030
155.300000 -0.918345
155.350000 -0.887511
155.400000 -0.842975
155.450000 -0.767605
155.500000 -0.702513
155.550000 -0.678532
155.600000 -0.668255
155.650000 -0.651125
155.700000 -0.668254
155.750000 -0.733347
155.800000 -0.801864
155.850000 -0.849826
155.900000 -0.904641
155.950000 -0.962881
156.000000 -1.007418
156.050000 -1.041676
156.100000 -1.065657
156.150000 -1.065657
156.200000 -1.062232
156.250000 -1.062232
156.300000 -1.055380
156.350000 -1.051954
156.400000 -1.079361
156.450000 -1.130749
156.500000 -1.151305
156.550000 -1.130749
156.600000 -1.106769
156.650000 -1.093065
156.700000 -1.055380
156.750000 -0.983436
156.800000 -0.925196
156.850000 -0.911493
156.900000 -0.897789
156.950000 -0.853252
157.000000 -0.832697
157.050000 -0.849827
157.100000 -0.860105
157.150000 -0.842975
157.200000 -0.853252
157.250000 -0.877234
157.300000 -0.853252
157.350000 -0.795012
157.400000 -0.743624
157.450000 -0.664828
157.500000 -0.544923
157.550000 -0.445571
157.600000 -0.394184
157.650000 -0.335943
157.700000 -0.298258
157.750000 -0.315388
157.800000 -0.349647
157.850000 -0.383905
157.900000 -0.445572
157.950000 -0.500386
158.000000 -0.527793
158.050000 -0.534644
158.100000 -0.520941
158.150000 -0.459275
158.200000 -0.373628
158.250000 -0.270852
158.300000 -0.154371
158.350000 -0.048168
158.400000 0.027201
158.450000 0.075164
158.500000 0.071738
158.550000 -0.000206
158.600000 -0.120112
158.650000 -0.267426
158.700000 -0.455850
158.750000 -0.644274
158.800000 -0.818994
158.850000 -0.983436
158.900000 -1.099916
158.950000 -1.137601
159.000000 -1.120472
159.050000 -1.065657
159.100000 -0.993714
159.150000 -0.921770
159.200000 -0.832697
159.250000 -0.726494
159.300000 -0.654550
159.350000 -0.647699
159.400000 -0.657976
159.450000 -0.681958
159.500000 -0.771031
159.550000 -0.890937
159.600000 -0.997140
159.650000 -1.110194
159.700000 -1.212971
159.750000 -1.250656
159.800000 -1.233526
159.850000 -1.212971
159.900000 -1.161582
159.950000 -1.045103
160.000000 -0.873808
160.050000 -0.688810
160.100000 -0.507238
160.150000 -0.346221
160.200000 -0.202334
160.250000 -0.089279
160.300000 -0.024187
160.350000 -0.031039
160.400000 -0.082427
160.450000 -0.157797
160.500000 -0.274277
160.550000 -0.425016
160.600000 -0.562051
160.650000 -0.678532
160.700000 -0.795013
160.750000 -0.901215
160.800000 -0.969732
160.850000 -1.003992
160.900000 -1.000565
160.950000 -0.966306
161.000000 -0.904641
161.050000 -0.822420
161.100000 -0.705939
161.150000 -0.579181
161.200000 -0.462701
161.250000 -0.359924
161.300000 -0.291406
161.350000 -0.243444
161.400000 -0.174926
161.450000 -0.130390
161.500000 -0.174926
161.550000 -0.250296
161.600000 -0.291407
161.650000 -0.370202
161.700000 -0.507238
161.750000 -0.630569
161.800000 -0.747049
161.850000 -0.877234
161.900000 -0.973158
161.950000 -1.017695
162.000000 -1.024547
162.050000 -0.993714
162.100000 -0.932048
162.150000 -0.870382
162.200000 -0.795012
162.250000 -0.712791
162.300000 -0.654551
162.350000 -0.606589
162.400000 -0.544923
162.450000 -0.503811
162.500000 -0.493534
162.550000 -0.486682
162.600000 -0.479830
162.650000 -0.493534
162.700000 -0.500385
162.750000 -0.514090
162.800000 -0.558626
162.850000 -0.613440
162.900000 -0.644273
162.950000 -0.685384
163.000000 -0.736772
163.050000 -0.798438
163.100000 -0.884086
163.150000 -0.969733
163.200000 -1.027973
163.250000 -1.096491
163.300000 -1.171860
163.350000 -1.171860
163.400000 -1.127323
163.450000 -1.117046
163.500000 -1.096490
163.550000 -1.024547
163.600000 -0.966307
163.650000 -0.966307
163.700000 -0.952603
163.750000 -0.959455
163.800000 -1.017695
163.850000 -1.075936
163.900000 -1.134176
163.950000 -1.236952
164.000000 -1.332877
164.050000 -1.353433
164.100000 -1.370562
164.150000 -1.377414
164.200000 -1.274637
164.250000 -1.134176
164.300000 -1.034825
164.350000 -0.908066
164.400000 -0.753901
164.450000 -0.664829
164.500000 -0.613440
164.550000 -0.555200
164.600000 -0.565478
164.650000 -0.630570
164.700000 -0.678532
164.750000 -0.757328
164.800000 -0.890937
164.850000 -1.007418
164.900000 -1.075936
164.950000 -1.144453
165.000000 -1.165009
165.050000 -1.106769
165.100000 -1.038250
165.150000 -0.990288
165.200000 -0.918344
165.250000 -0.825845
165.300000 -0.740198
165.350000 -0.640847
165.400000 -0.589459
165.450000 -0.596311
165.500000 -0.589459
165.550000 -0.582607
165.600000 -0.640847
165.650000 -0.743624
165.700000 -0.822419
165.750000 -0.904641
165.800000 -0.993714
165.850000 -1.038251
165.900000 -1.075935
165.950000 -1.113620
166.000000 -1.086213
166.050000 -1.017695
166.100000 -0.976585
166.150000 -0.894363
166.200000 -0.729921
166.250000 -0.555200
166.300000 -0.421590
166.350000 -0.301684
166.400000 -0.178352
166.450000 -0.085853
166.500000 -0.027613
166.550000 -0.010484
166.600000 -0.048168
166.650000 -0.116686
166.700000 -0.216037
166.750000 -0.356498
166.800000 -0.493534
166.850000 -0.599737
166.900000 -0.709365
166.950000 -0.777883
167.000000 -0.767606
167.050000 -0.723069
167.100000 -0.675106
167.150000 -0.582607
167.200000 -0.476404
167.250000 -0.428442
167.300000 -0.397609
167.350000 -0.353073
167.400000 -0.349647
167.450000 -0.425016
167.500000 -0.527793
167.550000 -0.657977
167.600000 -0.829271
167.650000 -0.986862
167.700000 -1.120472
167.750000 -1.230101
167.800000 -1.278063
167.850000 -1.247230
167.900000 -1.188990
167.950000 -1.123898
168.000000 -1.031399
168.050000 -0.921770
168.100000 -0.822419
168.150000 -0.740198
168.200000 -0.692236
168.250000 -0.664828
168.300000 -0.627143
168.350000 -0.596311
168.400000 -0.586033
168.450000 -0.575756
168.500000 -0.558626
168.550000 -0.548348
168.600000 -0.520941
168.650000 -0.472978
168.700000 -0.421591
168.750000 -0.359924
168.800000 -0.287981
168.850000 -0.257148
168.900000 -0.250295
168.950000 -0.233167
169.000000 -0.253722
169.050000 -0.353072
169.100000 -0.469553
169.150000 -0.548349
169.200000 -0.644274
169.250000 -0.774457
169.300000 -0.884086
169.350000 -0.952603
169.400000 -1.010843
169.450000 -1.055380
169.500000 -1.065658
169.550000 -1.041677
169.600000 -1.007418
169.650000 -0.966307
169.700000 -0.932048
169.750000 -0.911493
169.800000 -0.860104
169.850000 -0.795012
169.900000 -0.757327
169.950000 -0.764179
170.000000 -0.774457
170.050000 -0.791586
170.100000 -0.836123
170.150000 -0.897789
170.200000 -0.973158
170.250000 -1.058806
170.300000 -1.113620
170.350000 -1.158156
170.400000 -1.223248
170.450000 -1.315748
170.500000 -1.387691
170.550000 -1.425376
170.600000 -1.456209
170.650000 -1.483616
170.700000 -1.466487
170.750000 -1.397969
170.800000 -1.319173
170.850000 -1.257507
170.900000 -1.161583
170.950000 -1.027973
171.000000 -0.918344
171.050000 -0.836123
171.100000 -0.729920
171.150000 -0.637421
171.200000 -0.633996
171.250000 -0.664828
171.300000 -0.675106
171.350000 -0.723069
171.400000 -0.812141
171.450000 -0.884086
171.500000 -0.952604
171.550000 -1.038250
171.600000 -1.089639
171.650000 -1.099916
171.700000 -1.120472
171.750000 -1.144453
171.800000 -1.151305
171.850000 -1.168434
171.900000 -1.185564
171.950000 -1.188990
172.000000 -1.195841
172.050000 -1.212971
172.100000 -1.199267
172.150000 -1.154730
172.200000 -1.096491
172.250000 -1.038250
172.300000 -0.983436
172.350000 -0.904641
172.400000 -0.795012
172.450000 -0.692236
172.500000 -0.613441
172.550000 -0.538070
172.600000 -0.472979
172.650000 -0.442145
172.700000 -0.435294
172.750000 -0.431868
172.800000 -0.445572
172.850000 -0.483256
172.900000 -0.514089
172.950000 -0.534645
173.000000 -0.541496
173.050000 -0.544923
173.100000 -0.589459
173.150000 -0.657977
173.200000 -0.681958
173.250000 -0.681958
173.300000 -0.712791
173.350000 -0.750476
173.400000 -0.781309
173.450000 -0.839549
173.500000 -0.914919
173.550000 -0.938900
173.600000 -0.945752
173.650000 -0.962881
173.700000 -0.949178
173.750000 -0.880659
173.800000 -0.812142
173.850000 -0.736772
173.900000 -0.651125
173.950000 -0.568903
174.000000 -0.510664
174.050000 -0.462701
174.100000 -0.448997
174.150000 -0.472979
174.200000 -0.496960
174.250000 -0.538070
174.300000 -0.620292
174.350000 -0.716217
174.400000 -0.767605
174.450000 -0.795012
174.500000 -0.822420
174.550000 -0.832697
174.600000 -0.812141
174.650000 -0.771031
174.700000 -0.740198
174.750000 -0.723069
174.800000 -0.723069
174.850000 -0.729920
174.900000 -0.726495
174.950000 -0.709365
175.000000 -0.712791
175.050000 -0.740198
175.100000 -0.764179
175.150000 -0.760753
175.200000 -0.743624
175.250000 -0.736772
175.300000 -0.747050
175.350000 -0.760753
175.400000 -0.777883
175.450000 -0.812142
175.500000 -0.839549
175.550000 -0.860104
175.600000 -0.894363
175.650000 -0.942325
175.700000 -1.000566
175.750000 -1.082787
175.800000 -1.175286
175.850000 -1.236952
175.900000 -1.267785
175.950000 -1.281489
176.000000 -1.264359
176.050000 -1.209545
176.100000 -1.144453
176.150000 -1.062232
176.200000 -0.956029
176.250000 -0.836123
176.300000 -0.716217
176.350000 -0.599736
176.400000 -0.517515
176.450000 -0.500385
176.500000 -0.503812
176.550000 -0.500386
176.600000 -0.538071
176.650000 -0.606588
176.700000 -0.675106
176.750000 -0.733346
176.800000 -0.781309
176.850000 -0.808716
176.900000 -0.825845
176.950000 -0.825845
177.000000 -0.757328
177.050000 -0.661402
177.100000 -0.582607
177.150000 -0.503811
177.200000 -0.421590
177.250000 -0.380479
177.300000 -0.359924
177.350000 -0.335943
177.400000 -0.332517
177.450000 -0.356498
177.500000 -0.380480
177.550000 -0.414739
177.600000 -0.466127
177.650000 -0.507238
177.700000 -0.541497
177.750000 -0.579181
177.800000 -0.606588
177.850000 -0.627144
177.900000 -0.671680
177.950000 -0.716217
178.000000 -0.757327
178.050000 -0.815568
178.100000 -0.908067
178.150000 -0.993714
178.200000 -1.082787
178.250000 -1.171861
178.300000 -1.223249
178.350000 -1.226674
178.400000 -1.223249
178.450000 -1.199267
178.500000 -1.120472
178.550000 -1.014269
178.600000 -0.942326
178.650000 -0.894363
178.700000 -0.839548
178.750000 -0.795012
178.800000 -0.784735
178.850000 -0.798439
178.900000 -0.832697
178.950000 -0.873808
179.000000 -0.921770
179.050000 -0.983436
179.100000 -1.041677
179.150000 -1.072509
179.200000 -1.072509
179.250000 -1.065658
179.300000 -1.038250
179.350000 -1.000566
179.400000 -0.962881
179.450000 -0.928622
179.500000 -0.897789
179.550000 -0.897789
179.600000 -0.904641
179.650000 -0.911493
179.700000 -0.932048
179.750000 -0.952603
179.800000 -0.942325
179.850000 -0.928622
179.900000 -0.935474
179.950000 -0.962881
180.000000 -0.983437
180.050000 -1.014269
180.100000 -1.045103
180.150000 -1.075936
180.200000 -1.103342
180.250000 -1.130750
180.300000 -1.147879
180.350000 -1.134176
180.400000 -1.093064
180.450000 -1.038251
180.500000 -0.973159
180.550000 -0.890938
180.600000 -0.795013
180.650000 -0.716217
180.700000 -0.654551
180.750000 -0.589458
180.800000 -0.558626
180.850000 -0.568904
180.900000 -0.610014
180.950000 -0.668255
181.000000 -0.750475
181.050000 -0.846401
181.100000 -0.952603
181.150000 -1.055380
181.200000 -1.134176
181.250000 -1.202693
181.300000 -1.281488
181.350000 -1.350006
181.400000 -1.380840
181.450000 -1.397969
181.500000 -1.459635
181.550000 -1.541856
181.600000 -1.589819
181.650000 -1.620652
181.700000 -1.668614
181.750000 -1.713151
181.800000 -1.720003
181.850000 -1.685744
181.900000 -1.617226
181.950000 -1.541856
182.000000 -1.459635
182.050000 -1.353432
182.100000 -1.206119
182.150000 -1.062232
182.200000 -0.921770
182.250000 -0.795013
182.300000 -0.709365
182.350000 -0.675106
182.400000 -0.627143
182.450000 -0.575755
182.500000 -0.579181
182.550000 -0.610015
182.600000 -0.630569
182.650000 -0.664829
182.700000 -0.723069
182.750000 -0.750475
182.800000 -0.747050
182.850000 -0.764179
182.900000 -0.777883
182.950000 -0.764180
183.000000 -0.740198
183.050000 -0.719642
183.100000 -0.695661
183.150000 -0.675106
183.200000 -0.664828
183.250000 -0.654551
183.300000 -0.657977
183.350000 -0.685384
183.400000 -0.729920
183.450000 -0.771031
183.500000 -0.832697
183.550000 -0.928622
183.600000 -1.051954
183.650000 -1.165009
183.700000 -1.247230
183.750000 -1.308896
183.800000 -1.356858
183.850000 -1.367136
183.900000 -1.319174
183.950000 -1.230101
184.000000 -1.134176
184.050000 -1.041676
184.100000 -0.945752
184.150000 -0.836123
184.200000 -0.726494
184.250000 -0.637421
184.300000 -0.572329
184.350000 -0.548348
184.400000 -0.582607
184.450000 -0.647699
184.500000 -0.712791
184.550000 -0.788160
184.600000 -0.870382
184.650000 -0.935474
184.700000 -0.990288
184.750000 -1.045102
184.800000 -1.082787
184.850000 -1.099916
184.900000 -1.120472
184.950000 -1.137601
185.000000 -1.123898
185.050000 -1.117046
185.100000 -1.137601
185.150000 -1.134176
185.200000 -1.099916
185.250000 -1.086213
185.300000 -1.106768
185.350000 -1.123898
185.400000 -1.113620
185.450000 -1.096491
185.500000 -1.079361
185.550000 -1.045103
185.600000 -0.997139
185.650000 -0.959455
185.700000 -0.938900
185.750000 -0.918344
185.800000 -0.897789
185.850000 -0.873808
185.900000 -0.842975
185.950000 -0.808716
186.000000 -0.767605
186.050000 -0.726495
186.100000 -0.702514
186.150000 -0.712791
186.200000 -0.736772
186.250000 -0.733346
186.300000 -0.736773
186.350000 -0.781309
186.400000 -0.842975
186.450000 -0.911493
186.500000 -1.010843
186.550000 -1.075936
186.600000 -1.089639
186.650000 -1.117046
186.700000 -1.171860
186.750000 -1.171860
186.800000 -1.127324
186.850000 -1.079361
186.900000 -1.010844
186.950000 -0.911493
187.000000 -0.832697
187.050000 -0.771031
187.100000 -0.685384
187.150000 -0.603163
187.200000 -0.575755
187.250000 -0.565478
187.300000 -0.534645
187.350000 -0.527792
187.400000 -0.586033
187.450000 -0.675106
187.500000 -0.743624
187.550000 -0.812142
187.600000 -0.890938
187.650000 -0.969732
187.700000 -1.038250
187.750000 -1.106768
187.800000 -1.147879
187.850000 -1.141027
187.900000 -1.113620
187.950000 -1.117046
188.000000 -1.093065
188.050000 -1.027973
188.100000 -0.973159
188.150000 -0.959455
188.200000 -0.945752
188.250000 -0.949178
188.300000 -0.993714
188.350000 -1.038251
188.400000 -1.062232
188.450000 -1.106769
188.500000 -1.178712
188.550000 -1.219822
188.600000 -1.240378
188.650000 -1.260933
188.700000 -1.247230
188.750000 -1.199267
188.800000 -1.151305
188.850000 -1.093065
