time[ns] Raw_signal[mV]
-11.100000 -0.284006
-11.050000 -0.393635
-11.000000 -0.479283
-10.950000 -0.530671
-10.900000 -0.547800
-10.850000 -0.523819
-10.800000 -0.465579
-10.750000 -0.407339
-10.700000 -0.342247
-10.650000 -0.239470
-10.600000 -0.126415
-10.550000 -0.013362
-10.500000 0.113396
-10.450000 0.212747
-10.400000 0.274414
-10.350000 0.339505
-10.300000 0.408023
-10.250000 0.435430
-10.200000 0.435431
-10.150000 0.449134
-10.100000 0.452560
-10.050000 0.411449
-10.000000 0.366913
-9.950000 0.339505
-9.900000 0.315524
-9.850000 0.288117
-9.800000 0.267562
-9.750000 0.250432
-9.700000 0.229877
-9.650000 0.219599
-9.600000 0.195618
-9.550000 0.147655
-9.500000 0.089415
-9.450000 0.014046
-9.400000 -0.092157
-9.350000 -0.218915
-9.300000 -0.349099
-9.250000 -0.465579
-9.200000 -0.523819
-9.150000 -0.503264
-9.100000 -0.434746
-9.050000 -0.342247
-9.000000 -0.215489
-8.950000 -0.071602
-8.900000 0.065434
-8.850000 0.195618
-8.800000 0.284691
-8.750000 0.298394
-8.700000 0.264136
-8.650000 0.205896
-8.600000 0.079138
-8.550000 -0.081879
-8.500000 -0.188082
-8.450000 -0.249748
-8.400000 -0.321691
-8.350000 -0.355950
-8.300000 -0.297710
-8.250000 -0.194934
-8.200000 -0.075027
-8.150000 0.062008
-8.100000 0.192192
-8.050000 0.291543
-8.000000 0.346357
-7.950000 0.336079
-7.900000 0.274413
-7.850000 0.202469
-7.800000 0.116822
-7.750000 0.024323
-7.700000 -0.033916
-7.650000 -0.037343
-7.600000 -0.009935
-7.550000 0.051731
-7.500000 0.171636
-7.450000 0.325802
-7.400000 0.473115
-7.350000 0.623854
-7.300000 0.757464
-7.250000 0.870518
-7.200000 0.959592
-7.150000 1.031535
-7.100000 1.052091
-7.050000 1.010979
-7.000000 0.935610
-6.950000 0.870518
-6.900000 0.829407
-6.850000 0.764316
-6.800000 0.675243
-6.750000 0.610150
-6.700000 0.589596
-6.650000 0.572465
-6.600000 0.517652
-6.550000 0.455986
-6.500000 0.401172
-6.450000 0.336079
-6.400000 0.240155
-6.350000 0.127100
-6.300000 0.014046
-6.250000 -0.088731
-6.200000 -0.188082
-6.150000 -0.287433
-6.100000 -0.335395
-6.050000 -0.318265
-6.000000 -0.287433
-5.950000 -0.249748
-5.900000 -0.157249
-5.850000 -0.016787
-5.800000 0.096267
-5.750000 0.181914
-5.700000 0.270987
-5.650000 0.329227
-5.600000 0.332653
-5.550000 0.288117
-5.500000 0.185340
-5.450000 0.020897
-5.400000 -0.143545
-5.350000 -0.260025
-5.300000 -0.349099
-5.250000 -0.421042
-5.200000 -0.451876
-5.150000 -0.414190
-5.100000 -0.321691
-5.050000 -0.188082
-5.000000 -0.016788
-4.950000 0.185340
-4.900000 0.401171
-4.850000 0.572466
-4.800000 0.695798
-4.750000 0.781445
-4.700000 0.819130
-4.650000 0.774594
-4.600000 0.688946
-4.550000 0.579317
-4.500000 0.425153
-4.450000 0.253858
-4.400000 0.099693
-4.350000 -0.027065
-4.300000 -0.109286
-4.250000 -0.112713
-4.200000 -0.064750
-4.150000 -0.023639
-4.100000 0.055157
-4.050000 0.181915
-4.000000 0.298394
-3.950000 0.377190
-3.900000 0.445707
-3.850000 0.486818
-3.800000 0.473115
-3.750000 0.435431
-3.700000 0.377190
-3.650000 0.288117
-3.600000 0.188766
-3.550000 0.092841
-3.500000 0.007194
-3.450000 -0.054472
-3.400000 -0.068175
-3.350000 -0.009936
-3.300000 0.123674
-3.250000 0.243580
-3.200000 0.264135
-3.150000 0.342932
-3.100000 0.603299
-3.050000 0.791723
-3.000000 0.764316
-2.950000 0.764316
-2.900000 0.870519
-2.850000 0.819130
-2.800000 0.634131
-2.750000 0.524503
-2.700000 0.387467
-2.650000 0.223025
-2.600000 0.250432
-2.550000 0.294969
-2.500000 0.092841
-2.450000 -0.033917
-2.400000 0.089415
-2.350000 0.072286
-2.300000 -0.081879
-2.250000 0.020898
-2.200000 0.195618
-2.150000 0.127100
-2.100000 0.133952
-2.050000 0.394320
-2.000000 0.517652
-1.950000 0.404598
-1.900000 0.414875
-1.850000 0.579317
-1.800000 0.716353
-1.750000 0.815704
-1.700000 0.802000
-1.650000 0.586170
-1.600000 0.390894
-1.550000 0.288117
-1.500000 0.034601
-1.450000 -0.280580
-1.400000 -0.335395
-1.350000 -0.290858
-1.300000 -0.393635
-1.250000 -0.441598
-1.200000 -0.335395
-1.150000 -0.287433
-1.100000 -0.146971
-1.050000 0.209321
-1.000000 0.366913
-0.950000 0.219600
-0.900000 0.267561
-0.850000 0.493670
-0.800000 0.432005
-0.750000 0.253858
-0.700000 0.305247
-0.650000 0.294968
-0.600000 0.055157
-0.550000 -0.047620
-0.500000 0.014046
-0.450000 -0.064750
-0.400000 -0.157248
-0.350000 -0.033917
-0.300000 0.120248
-0.250000 0.164785
-0.200000 0.216173
-0.150000 0.294969
-0.100000 0.336079
-0.050000 0.356635
0.000000 0.377191
0.050000 0.394320
0.100000 0.442282
0.150000 0.455986
0.200000 0.397745
0.250000 0.421727
0.300000 0.524504
0.350000 0.449134
0.400000 0.236729
0.450000 0.188766
0.500000 0.270988
0.550000 0.226451
0.600000 0.109971
0.650000 0.096267
0.700000 0.106545
0.750000 0.109971
0.800000 0.257284
0.850000 0.620428
0.900000 1.189126
0.950000 2.076432
1.000000 3.412528
1.050000 5.252232
1.100000 7.732576
1.150000 11.000880
1.200000 15.087959
1.250000 19.980134
1.300000 25.656829
1.350000 32.028989
1.400000 38.973271
1.450000 46.308103
1.500000 53.831353
1.550000 61.409420
1.600000 68.994342
1.650000 76.428522
1.700000 83.530392
1.750000 90.258852
1.800000 96.552212
1.850000 102.222052
1.900000 107.186172
1.950000 111.499352
2.000000 115.113672
2.050000 117.898932
2.100000 119.800292
2.150000 120.882882
2.200000 121.132962
2.250000 120.530012
2.300000 119.036322
2.350000 116.696442
2.400000 113.609712
2.450000 109.851512
2.500000 105.483502
2.550000 100.635872
2.600000 95.438792
2.650000 89.974492
2.700000 84.369742
2.750000 78.795812
2.800000 73.280132
2.850000 67.808982
2.900000 62.519412
2.950000 57.575852
3.000000 53.026262
3.050000 48.901492
3.100000 45.324872
3.150000 42.423132
3.200000 40.155202
3.250000 38.500492
3.300000 37.524112
3.350000 37.184952
3.400000 37.352822
3.450000 37.962632
3.500000 39.000672
3.550000 40.350472
3.600000 41.868142
3.650000 43.492012
3.700000 45.143302
3.750000 46.671242
3.800000 47.993632
3.850000 49.107052
3.900000 49.949812
3.950000 50.426022
4.000000 50.542502
4.050000 50.312962
4.100000 49.720282
4.150000 48.747332
4.200000 47.397532
4.250000 45.722272
4.300000 43.769512
4.350000 41.563242
4.400000 39.113732
4.450000 36.510052
4.500000 33.878962
4.550000 31.223912
4.600000 28.544862
4.650000 25.989142
4.700000 23.676662
4.750000 21.552622
4.800000 19.610136
4.850000 17.989693
4.900000 16.756375
4.950000 15.848512
5.000000 15.272962
5.050000 15.033144
5.100000 15.050273
5.150000 15.303792
5.200000 15.797122
5.250000 16.478877
5.300000 17.270257
5.350000 18.147279
5.400000 19.055141
5.450000 19.949297
5.500000 20.850307
5.550000 21.717062
5.600000 22.450200
5.650000 23.025753
5.700000 23.471111
5.750000 23.745189
5.800000 23.779441
5.850000 23.591022
5.900000 23.214175
5.950000 22.628345
6.000000 21.826684
6.050000 20.843459
6.100000 19.699208
6.150000 18.424781
6.200000 17.074978
6.250000 15.701196
6.300000 14.323989
6.350000 12.977614
6.400000 11.723739
6.450000 10.582917
6.500000 9.558575
6.550000 8.660992
6.600000 7.934704
6.650000 7.369433
6.700000 6.910363
6.750000 6.574626
6.800000 6.403331
6.850000 6.389627
6.900000 6.451294
6.950000 6.557496
7.000000 6.739068
7.050000 6.992584
7.100000 7.290636
7.150000 7.622947
7.200000 7.982667
7.250000 8.342385
7.300000 8.712381
7.350000 9.120062
7.400000 9.510614
7.450000 9.798388
7.500000 10.021071
7.550000 10.233476
7.600000 10.363659
7.650000 10.360234
7.700000 10.267735
7.750000 10.120422
7.800000 9.880610
7.850000 9.524316
7.900000 9.102932
7.950000 8.650715
8.000000 8.191645
8.050000 7.736002
8.100000 7.300914
8.150000 6.872678
8.200000 6.441016
8.250000 6.012780
8.300000 5.615377
8.350000 5.241955
8.400000 4.844551
8.450000 4.423166
8.500000 4.012060
8.550000 3.600952
8.600000 3.165864
8.650000 2.717073
8.700000 2.309392
8.750000 1.963378
8.800000 1.699584
8.850000 1.518012
8.900000 1.435791
8.950000 1.452919
9.000000 1.576252
9.050000 1.819489
9.100000 2.179209
9.150000 2.590315
9.200000 3.004848
9.250000 3.419380
9.300000 3.813358
9.350000 4.135391
9.400000 4.385481
9.450000 4.580757
9.500000 4.690386
9.550000 4.734923
9.600000 4.738348
9.650000 4.690386
9.700000 4.580757
9.750000 4.460851
9.800000 4.306686
9.850000 4.097707
9.900000 3.854469
9.950000 3.597526
10.000000 3.282345
10.050000 2.943182
10.100000 2.624574
10.150000 2.292262
10.200000 1.942822
10.250000 1.631066
10.300000 1.353569
10.350000 1.082923
10.400000 0.846537
10.450000 0.658113
10.500000 0.479966
10.550000 0.294969
10.600000 0.137378
10.650000 0.003768
10.700000 -0.102435
10.750000 -0.188082
10.800000 -0.218915
10.850000 -0.201785
10.900000 -0.146971
10.950000 -0.027065
11.000000 0.154507
11.050000 0.394320
11.100000 0.647835
11.150000 0.908203
11.200000 1.171996
11.250000 1.432365
11.300000 1.661899
11.350000 1.846896
11.400000 2.007914
11.450000 2.148376
11.500000 2.254578
11.550000 2.336799
11.600000 2.381335
11.650000 2.398465
11.700000 2.401892
11.750000 2.381336
11.800000 2.299114
11.850000 2.182634
11.900000 2.076431
11.950000 1.932544
12.000000 1.699584
12.050000 1.439216
12.100000 1.192552
12.150000 0.901351
12.200000 0.572466
12.250000 0.277839
12.300000 -0.003083
12.350000 -0.301136
12.400000 -0.578634
12.450000 -0.794465
12.500000 -0.976036
12.550000 -1.137053
12.600000 -1.239830
12.650000 -1.280941
12.700000 -1.287792
12.750000 -1.236404
12.800000 -1.092517
12.850000 -0.876686
12.900000 -0.647151
12.950000 -0.410765
13.000000 -0.133267
13.050000 0.164785
13.100000 0.435430
13.150000 0.664965
13.200000 0.860241
13.250000 0.997276
13.300000 1.065794
13.350000 1.058943
13.400000 0.986999
13.450000 0.870518
13.500000 0.726631
13.550000 0.555337
13.600000 0.380616
13.650000 0.229877
13.700000 0.096267
13.750000 -0.027065
13.800000 -0.112712
13.850000 -0.160675
13.900000 -0.184656
13.950000 -0.201785
14.000000 -0.236044
14.050000 -0.280581
14.100000 -0.325117
14.150000 -0.397061
14.200000 -0.499837
14.250000 -0.599189
14.300000 -0.715669
14.350000 -0.856130
14.400000 -0.958908
14.450000 -1.010296
14.500000 -1.075387
14.550000 -1.109647
14.600000 -1.058258
14.650000 -0.965759
14.700000 -0.862982
14.750000 -0.715669
14.800000 -0.537522
14.850000 -0.373080
14.900000 -0.205211
14.950000 -0.033917
15.000000 0.072286
15.050000 0.127100
15.100000 0.154507
15.150000 0.140804
15.200000 0.075712
15.250000 -0.006510
15.300000 -0.102434
15.350000 -0.208637
15.400000 -0.287433
15.450000 -0.345673
15.500000 -0.410765
15.550000 -0.486134
15.600000 -0.558078
15.650000 -0.623170
15.700000 -0.698540
15.750000 -0.808168
15.800000 -0.945204
15.850000 -1.092517
15.900000 -1.250108
15.950000 -1.407699
16.000000 -1.568716
16.050000 -1.709177
16.100000 -1.808528
16.150000 -1.866768
16.200000 -1.883898
16.250000 -1.856490
16.300000 -1.784547
16.350000 -1.695474
16.400000 -1.585845
16.450000 -1.469365
16.500000 -1.352884
16.550000 -1.253534
16.600000 -1.161035
16.650000 -1.075387
16.700000 -1.003444
16.750000 -0.924649
16.800000 -0.815020
16.850000 -0.701965
16.900000 -0.630021
16.950000 -0.575208
17.000000 -0.516967
17.050000 -0.455301
17.100000 -0.427894
17.150000 -0.448449
17.200000 -0.482708
17.250000 -0.547800
17.300000 -0.671132
17.350000 -0.835575
17.400000 -1.027425
17.450000 -1.260385
17.500000 -1.503623
17.550000 -1.678344
17.600000 -1.818805
17.650000 -1.945564
17.700000 -2.003803
17.750000 -1.979822
17.800000 -1.914730
17.850000 -1.815380
17.900000 -1.654362
17.950000 -1.462513
18.000000 -1.304922
18.050000 -1.174738
18.100000 -1.071961
18.150000 -1.000018
18.200000 -0.982889
18.250000 -0.996591
18.300000 -1.003444
18.350000 -1.034277
18.400000 -1.089090
18.450000 -1.116498
18.500000 -1.075388
18.550000 -1.003443
18.600000 -0.890389
18.650000 -0.736224
18.700000 -0.568356
18.750000 -0.397061
18.800000 -0.215489
18.850000 -0.044195
18.900000 0.082564
18.950000 0.185340
19.000000 0.233303
19.050000 0.185340
19.100000 0.079138
19.150000 -0.009935
19.200000 -0.112713
19.250000 -0.260025
19.300000 -0.424468
19.350000 -0.568355
19.400000 -0.705391
19.450000 -0.856131
19.500000 -1.020574
19.550000 -1.157609
19.600000 -1.280941
19.650000 -1.417976
19.700000 -1.520753
19.750000 -1.589271
19.800000 -1.657789
19.850000 -1.743436
19.900000 -1.801676
19.950000 -1.825658
20.000000 -1.846213
20.050000 -1.842787
20.100000 -1.801676
20.150000 -1.743435
20.200000 -1.654363
20.250000 -1.527605
20.300000 -1.376866
20.350000 -1.202145
20.400000 -1.006870
20.450000 -0.818446
20.500000 -0.643725
20.550000 -0.462153
20.600000 -0.287432
20.650000 -0.146971
20.700000 -0.023640
20.750000 0.075712
20.800000 0.137378
20.850000 0.130526
20.900000 0.058582
20.950000 -0.068176
21.000000 -0.253173
21.050000 -0.486134
21.100000 -0.729372
21.150000 -0.969185
21.200000 -1.222700
21.250000 -1.483068
21.300000 -1.709177
21.350000 -1.859916
21.400000 -1.952415
21.450000 -2.020933
21.500000 -2.041488
21.550000 -2.010656
21.600000 -1.990100
21.650000 -1.983248
21.700000 -1.955841
21.750000 -1.914730
21.800000 -1.907879
21.850000 -1.894175
21.900000 -1.856490
21.950000 -1.839361
22.000000 -1.829084
22.050000 -1.736584
22.100000 -1.589271
22.150000 -1.469365
22.200000 -1.363162
22.250000 -1.215849
22.300000 -1.061683
22.350000 -0.958907
22.400000 -0.917797
22.450000 -0.917797
22.500000 -0.945204
22.550000 -1.017148
22.600000 -1.133627
22.650000 -1.253534
22.700000 -1.349459
22.750000 -1.417977
22.800000 -1.445384
22.850000 -1.411124
22.900000 -1.359736
22.950000 -1.304922
23.000000 -1.226126
23.050000 -1.167886
23.100000 -1.191867
23.150000 -1.263812
23.200000 -1.383718
23.250000 -1.568715
23.300000 -1.805101
23.350000 -2.034637
23.400000 -2.247041
23.450000 -2.452595
23.500000 -2.579353
23.550000 -2.586205
23.600000 -2.462873
23.650000 -2.223060
23.700000 -1.904453
23.750000 -1.534457
23.800000 -1.130202
23.850000 -0.739650
23.900000 -0.438172
23.950000 -0.256599
24.000000 -0.218914
24.050000 -0.331969
24.100000 -0.558078
24.150000 -0.849279
24.200000 -1.181590
24.250000 -1.534456
24.300000 -1.822231
24.350000 -1.990100
24.400000 -2.048340
24.450000 -2.010656
24.500000 -1.842787
24.550000 -1.551586
24.600000 -1.219275
24.650000 -0.907519
24.700000 -0.623170
24.750000 -0.386784
24.800000 -0.236045
24.850000 -0.177804
24.900000 -0.215489
24.950000 -0.352524
25.000000 -0.571781
25.050000 -0.835575
25.100000 -1.119924
25.150000 -1.387144
25.200000 -1.602974
25.250000 -1.746862
25.300000 -1.818805
25.350000 -1.815380
25.400000 -1.740010
25.450000 -1.606400
25.500000 -1.452236
25.550000 -1.280941
25.600000 -1.085665
25.650000 -0.904093
25.700000 -0.777335
25.750000 -0.671133
25.800000 -0.606041
25.850000 -0.626596
25.900000 -0.695114
25.950000 -0.753354
26.000000 -0.845852
26.050000 -0.982888
26.100000 -1.092516
26.150000 -1.167886
26.200000 -1.239830
26.250000 -1.277515
26.300000 -1.256960
26.350000 -1.222701
26.400000 -1.174738
26.450000 -1.082239
26.500000 -0.989740
26.550000 -0.962333
26.600000 -0.976036
26.650000 -1.010295
26.700000 -1.089091
26.750000 -1.215848
26.800000 -1.370014
26.850000 -1.534457
26.900000 -1.695473
26.950000 -1.842787
27.000000 -1.972970
27.050000 -2.055192
27.100000 -2.096303
27.150000 -2.127136
27.200000 -2.127135
27.250000 -2.055192
27.300000 -1.931860
27.350000 -1.822231
27.400000 -1.709176
27.450000 -1.568715
27.500000 -1.445383
27.550000 -1.352884
27.600000 -1.253534
27.650000 -1.161035
27.700000 -1.092517
27.750000 -1.030851
27.800000 -0.969185
27.850000 -0.938352
27.900000 -0.924649
27.950000 -0.924649
28.000000 -0.941778
28.050000 -0.976037
28.100000 -0.993166
28.150000 -0.986314
28.200000 -0.986314
28.250000 -1.017147
28.300000 -1.044555
28.350000 -1.058258
28.400000 -1.075387
28.450000 -1.113072
28.500000 -1.167886
28.550000 -1.219275
28.600000 -1.260386
28.650000 -1.315200
28.700000 -1.400847
28.750000 -1.500198
28.800000 -1.589271
28.850000 -1.664640
28.900000 -1.733158
28.950000 -1.767417
29.000000 -1.774269
29.050000 -1.753714
29.100000 -1.702325
29.150000 -1.637234
29.200000 -1.578993
29.250000 -1.517327
29.300000 -1.421402
29.350000 -1.332329
29.400000 -1.298070
29.450000 -1.294644
29.500000 -1.260385
29.550000 -1.226126
29.600000 -1.243256
29.650000 -1.284366
29.700000 -1.311774
29.750000 -1.318626
29.800000 -1.322052
29.850000 -1.311774
29.900000 -1.260385
29.950000 -1.174738
30.000000 -1.078814
30.050000 -1.020573
30.100000 -0.986314
30.150000 -0.962333
30.200000 -0.989740
30.250000 -1.078813
30.300000 -1.191867
30.350000 -1.325478
30.400000 -1.531031
30.450000 -1.757140
30.500000 -1.959267
30.550000 -2.175098
30.600000 -2.384078
30.650000 -2.534816
30.700000 -2.634168
30.750000 -2.695833
30.800000 -2.685556
30.850000 -2.610186
30.900000 -2.527965
30.950000 -2.432040
31.000000 -2.315559
31.050000 -2.236764
31.100000 -2.178524
31.150000 -2.086024
31.200000 -1.979822
31.250000 -1.897601
31.300000 -1.787972
31.350000 -1.644085
31.400000 -1.503623
31.450000 -1.366588
31.500000 -1.208997
31.550000 -1.058258
31.600000 -0.921222
31.650000 -0.777335
31.700000 -0.695113
31.750000 -0.736224
31.800000 -0.856130
31.850000 -1.027425
31.900000 -1.274089
31.950000 -1.585845
32.000000 -1.911304
32.050000 -2.216209
32.100000 -2.469725
32.150000 -2.627316
32.200000 -2.726667
32.250000 -2.795184
32.300000 -2.771202
32.350000 -2.637593
32.400000 -2.476576
32.450000 -2.308708
32.500000 -2.127136
32.550000 -1.972970
32.600000 -1.873619
32.650000 -1.808528
32.700000 -1.750288
32.750000 -1.729732
32.800000 -1.729733
32.850000 -1.740010
32.900000 -1.736584
32.950000 -1.709177
33.000000 -1.705751
33.050000 -1.729733
33.100000 -1.729732
33.150000 -1.709177
33.200000 -1.712603
33.250000 -1.740010
33.300000 -1.750288
33.350000 -1.763991
33.400000 -1.805102
33.450000 -1.805102
33.500000 -1.760565
33.550000 -1.726307
33.600000 -1.705751
33.650000 -1.678344
33.700000 -1.633807
33.750000 -1.599548
33.800000 -1.596122
33.850000 -1.637233
33.900000 -1.712603
33.950000 -1.815380
34.000000 -1.935286
34.050000 -2.051766
34.100000 -2.147691
34.150000 -2.216209
34.200000 -2.247042
34.250000 -2.247042
34.300000 -2.223060
34.350000 -2.175098
34.400000 -2.116858
34.450000 -2.055192
34.500000 -1.990100
34.550000 -1.914730
34.600000 -1.859916
34.650000 -1.873620
34.700000 -1.948990
34.750000 -2.051766
34.800000 -2.175098
34.850000 -2.336115
34.900000 -2.524539
34.950000 -2.712962
35.000000 -2.891109
35.050000 -3.048700
35.100000 -3.189161
35.150000 -3.281661
35.200000 -3.315919
35.250000 -3.291938
35.300000 -3.209717
35.350000 -3.082958
35.400000 -2.932219
35.450000 -2.750647
35.500000 -2.534816
35.550000 -2.305282
35.600000 -2.099728
35.650000 -1.918157
35.700000 -1.760565
35.750000 -1.650937
35.800000 -1.616678
35.850000 -1.626956
35.900000 -1.661214
35.950000 -1.733158
36.000000 -1.832510
36.050000 -1.931860
36.100000 -2.038062
36.150000 -2.151116
36.200000 -2.226487
36.250000 -2.260745
36.300000 -2.288153
36.350000 -2.315559
36.400000 -2.312134
36.450000 -2.277875
36.500000 -2.229912
36.550000 -2.188802
36.600000 -2.168246
36.650000 -2.157968
36.700000 -2.137413
36.750000 -2.127135
36.800000 -2.154543
36.850000 -2.168247
36.900000 -2.144265
36.950000 -2.147691
37.000000 -2.171672
37.050000 -2.161394
37.100000 -2.096303
37.150000 -2.027785
37.200000 -1.979823
37.250000 -1.921582
37.300000 -1.863342
37.350000 -1.808528
37.400000 -1.781120
37.450000 -1.787972
37.500000 -1.846213
37.550000 -1.935285
37.600000 -2.055192
37.650000 -2.188802
37.700000 -2.332688
37.750000 -2.486854
37.800000 -2.647870
37.850000 -2.805462
37.900000 -2.959627
37.950000 -3.093237
38.000000 -3.168606
38.050000 -3.199440
38.100000 -3.219995
38.150000 -3.213142
38.200000 -3.165181
38.250000 -3.089810
38.300000 -3.028144
38.350000 -2.952774
38.400000 -2.853424
38.450000 -2.767777
38.500000 -2.678703
38.550000 -2.593057
38.600000 -2.527964
38.650000 -2.486854
38.700000 -2.445743
38.750000 -2.387503
38.800000 -2.349818
38.850000 -2.312134
38.900000 -2.264172
38.950000 -2.209357
39.000000 -2.140839
39.050000 -2.055192
39.100000 -1.962693
39.150000 -1.890749
39.200000 -1.829083
39.250000 -1.760565
39.300000 -1.681770
39.350000 -1.602974
39.400000 -1.537882
39.450000 -1.496772
39.500000 -1.465939
39.550000 -1.435106
39.600000 -1.417976
39.650000 -1.428254
39.700000 -1.469365
39.750000 -1.548160
39.800000 -1.647511
39.850000 -1.743436
39.900000 -1.839361
39.950000 -1.969545
40.000000 -2.116858
40.050000 -2.250467
40.100000 -2.360096
40.150000 -2.466299
40.200000 -2.555372
40.250000 -2.613612
40.300000 -2.634167
40.350000 -2.613612
40.400000 -2.562224
40.450000 -2.514262
40.500000 -2.469725
40.550000 -2.394355
40.600000 -2.308708
40.650000 -2.247042
40.700000 -2.175098
40.750000 -2.089451
40.800000 -2.034637
40.850000 -1.990100
40.900000 -1.938712
40.950000 -1.911304
41.000000 -1.914730
41.050000 -1.935286
41.100000 -2.003803
41.150000 -2.106580
41.200000 -2.202505
41.250000 -2.322411
41.300000 -2.459446
41.350000 -2.548519
41.400000 -2.596482
41.450000 -2.644445
41.500000 -2.641018
41.550000 -2.545094
41.600000 -2.428614
41.650000 -2.315559
41.700000 -2.164820
41.750000 -2.010655
41.800000 -1.904453
41.850000 -1.801676
41.900000 -1.688622
41.950000 -1.630381
42.000000 -1.657789
42.050000 -1.722881
42.100000 -1.798250
42.150000 -1.904453
42.200000 -2.034636
42.250000 -2.157968
42.300000 -2.247042
42.350000 -2.291578
42.400000 -2.281301
42.450000 -2.240190
42.500000 -2.168246
42.550000 -2.075747
42.600000 -1.983248
42.650000 -1.873620
42.700000 -1.743436
42.750000 -1.630381
42.800000 -1.578993
42.850000 -1.572141
42.900000 -1.616678
42.950000 -1.722881
43.000000 -1.849638
43.050000 -1.986674
43.100000 -2.151117
43.150000 -2.315560
43.200000 -2.411485
43.250000 -2.469725
43.300000 -2.500557
43.350000 -2.473150
43.400000 -2.387503
43.450000 -2.284726
43.500000 -2.161395
43.550000 -2.003803
43.600000 -1.873620
43.650000 -1.787972
43.700000 -1.702325
43.750000 -1.623530
43.800000 -1.592696
43.850000 -1.585845
43.900000 -1.585844
43.950000 -1.616678
44.000000 -1.674918
44.050000 -1.746862
44.100000 -1.818806
44.150000 -1.883897
44.200000 -1.972971
44.250000 -2.096303
44.300000 -2.209357
44.350000 -2.298430
44.400000 -2.387503
44.450000 -2.469725
44.500000 -2.503984
44.550000 -2.517687
44.600000 -2.524539
44.650000 -2.503984
44.700000 -2.459447
44.750000 -2.421762
44.800000 -2.390929
44.850000 -2.366948
44.900000 -2.384078
44.950000 -2.425188
45.000000 -2.473151
45.050000 -2.531390
45.100000 -2.617038
45.150000 -2.699260
45.200000 -2.743796
45.250000 -2.747222
45.300000 -2.709537
45.350000 -2.658148
45.400000 -2.610186
45.450000 -2.551946
45.500000 -2.476577
45.550000 -2.414910
45.600000 -2.373799
45.650000 -2.346392
45.700000 -2.315559
45.750000 -2.305281
45.800000 -2.260744
45.850000 -2.178523
45.900000 -2.092876
45.950000 -2.003803
46.000000 -1.873620
46.050000 -1.729732
46.100000 -1.602975
46.150000 -1.483068
46.200000 -1.387143
46.250000 -1.356310
46.300000 -1.387143
46.350000 -1.455661
46.400000 -1.578994
46.450000 -1.746862
46.500000 -1.935285
46.550000 -2.133987
46.600000 -2.318985
46.650000 -2.469725
46.700000 -2.596482
46.750000 -2.682129
46.800000 -2.692407
46.850000 -2.630741
46.900000 -2.534817
46.950000 -2.408058
47.000000 -2.229913
47.050000 -2.024358
47.100000 -1.825657
47.150000 -1.626956
47.200000 -1.455661
47.250000 -1.346032
47.300000 -1.291219
47.350000 -1.274089
47.400000 -1.318626
47.450000 -1.424828
47.500000 -1.558438
47.550000 -1.692048
47.600000 -1.825657
47.650000 -1.942138
47.700000 -2.007230
47.750000 -2.027785
47.800000 -2.017507
47.850000 -1.959267
47.900000 -1.880471
47.950000 -1.805102
48.000000 -1.733158
48.050000 -1.664640
48.100000 -1.640659
48.150000 -1.671493
48.200000 -1.740010
48.250000 -1.849638
48.300000 -1.993526
48.350000 -2.164821
48.400000 -2.356670
48.450000 -2.531390
48.500000 -2.678704
48.550000 -2.798610
48.600000 -2.877405
48.650000 -2.867128
48.700000 -2.795184
48.750000 -2.709537
48.800000 -2.606760
48.850000 -2.469725
48.900000 -2.325837
48.950000 -2.205931
49.000000 -2.099729
49.050000 -2.027785
49.100000 -2.017507
49.150000 -2.072321
49.200000 -2.171672
49.250000 -2.298430
49.300000 -2.432040
49.350000 -2.548520
49.400000 -2.634168
49.450000 -2.661575
49.500000 -2.644445
49.550000 -2.582779
49.600000 -2.473151
49.650000 -2.312134
49.700000 -2.127136
49.750000 -1.955841
49.800000 -1.811954
49.850000 -1.688622
49.900000 -1.633807
49.950000 -1.644085
50.000000 -1.695474
50.050000 -1.777695
50.100000 -1.907879
50.150000 -2.075747
50.200000 -2.243616
50.250000 -2.414910
50.300000 -2.603334
50.350000 -2.767778
50.400000 -2.853424
50.450000 -2.908239
50.500000 -2.966479
50.550000 -2.976756
50.600000 -2.921942
50.650000 -2.853425
50.700000 -2.778054
50.750000 -2.665000
50.800000 -2.517687
50.850000 -2.370374
50.900000 -2.212783
50.950000 -2.062043
51.000000 -1.931860
51.050000 -1.822232
51.100000 -1.753714
51.150000 -1.753714
51.200000 -1.781121
51.250000 -1.791398
51.300000 -1.846213
51.350000 -1.952415
51.400000 -2.038063
51.450000 -2.096303
51.500000 -2.157969
51.550000 -2.188801
51.600000 -2.192227
51.650000 -2.202505
51.700000 -2.202506
51.750000 -2.164821
51.800000 -2.116858
51.850000 -2.092877
51.900000 -2.051766
51.950000 -2.014081
52.000000 -2.007229
52.050000 -1.996952
52.100000 -1.938712
52.150000 -1.873620
52.200000 -1.839361
52.250000 -1.791398
52.300000 -1.729732
52.350000 -1.705751
52.400000 -1.698900
52.450000 -1.647511
52.500000 -1.592697
52.550000 -1.609826
52.600000 -1.671493
52.650000 -1.698900
52.700000 -1.712603
52.750000 -1.750288
52.800000 -1.787972
52.850000 -1.811954
52.900000 -1.849639
52.950000 -1.880472
53.000000 -1.877046
53.050000 -1.887323
53.100000 -1.894175
53.150000 -1.853064
53.200000 -1.787973
53.250000 -1.746862
53.300000 -1.692048
53.350000 -1.602975
53.400000 -1.534457
53.450000 -1.500197
53.500000 -1.465939
53.550000 -1.448809
53.600000 -1.486494
53.650000 -1.568716
53.700000 -1.695473
53.750000 -1.859916
53.800000 -2.038062
53.850000 -2.236764
53.900000 -2.469725
53.950000 -2.692407
54.000000 -2.877405
54.050000 -3.038423
54.100000 -3.134347
54.150000 -3.165181
54.200000 -3.178884
54.250000 -3.189162
54.300000 -3.148051
54.350000 -3.079533
54.400000 -3.034996
54.450000 -2.966479
54.500000 -2.863702
54.550000 -2.784907
54.600000 -2.726666
54.650000 -2.641019
54.700000 -2.562224
54.750000 -2.503984
54.800000 -2.432040
54.850000 -2.346392
54.900000 -2.291578
54.950000 -2.264171
55.000000 -2.253893
55.050000 -2.267597
55.100000 -2.288152
55.150000 -2.312134
55.200000 -2.353245
55.250000 -2.387503
55.300000 -2.380651
55.350000 -2.349819
55.400000 -2.312134
55.450000 -2.250467
55.500000 -2.164820
55.550000 -2.068896
55.600000 -1.979823
55.650000 -1.921583
55.700000 -1.904453
55.750000 -1.901027
55.800000 -1.935286
55.850000 -2.024359
55.900000 -2.120283
55.950000 -2.216209
56.000000 -2.339540
56.050000 -2.445743
56.100000 -2.486854
56.150000 -2.517687
56.200000 -2.599908
56.250000 -2.661574
56.300000 -2.668425
56.350000 -2.668426
56.400000 -2.678704
56.450000 -2.678704
56.500000 -2.658149
56.550000 -2.617038
56.600000 -2.521113
56.650000 -2.408059
56.700000 -2.301856
56.750000 -2.161394
56.800000 -1.983249
56.850000 -1.818805
56.900000 -1.661215
56.950000 -1.513901
57.000000 -1.438531
57.050000 -1.435106
57.100000 -1.428254
57.150000 -1.438532
57.200000 -1.520753
57.250000 -1.640660
57.300000 -1.753714
57.350000 -1.873620
57.400000 -1.986674
57.450000 -2.062043
57.500000 -2.106580
57.550000 -2.127136
57.600000 -2.120284
57.650000 -2.120284
57.700000 -2.130562
57.750000 -2.137413
57.800000 -2.137413
57.850000 -2.171672
57.900000 -2.219635
57.950000 -2.223060
58.000000 -2.188802
58.050000 -2.181949
58.100000 -2.199080
58.150000 -2.181950
58.200000 -2.120283
58.250000 -2.048340
58.300000 -2.014081
58.350000 -1.986674
58.400000 -1.928434
58.450000 -1.880471
58.500000 -1.877046
58.550000 -1.877046
58.600000 -1.887324
58.650000 -1.935286
58.700000 -2.007229
58.750000 -2.051766
58.800000 -2.089451
58.850000 -2.127136
58.900000 -2.137414
58.950000 -2.127135
59.000000 -2.120284
59.050000 -2.096303
59.100000 -2.062044
59.150000 -2.044914
59.200000 -2.034637
59.250000 -2.027785
59.300000 -2.031210
59.350000 -2.031210
59.400000 -2.031211
59.450000 -2.055192
59.500000 -2.089450
59.550000 -2.089451
59.600000 -2.058618
59.650000 -2.031211
59.700000 -1.996952
59.750000 -1.928434
59.800000 -1.849638
59.850000 -1.781121
59.900000 -1.729732
59.950000 -1.695473
60.000000 -1.688622
60.050000 -1.716029
60.100000 -1.770843
60.150000 -1.846212
60.200000 -1.907879
60.250000 -1.966118
60.300000 -2.044914
60.350000 -2.120284
60.400000 -2.192228
60.450000 -2.281300
60.500000 -2.360096
60.550000 -2.394355
60.600000 -2.411484
60.650000 -2.428614
60.700000 -2.421763
60.750000 -2.394355
60.800000 -2.356670
60.850000 -2.277875
60.900000 -2.168246
60.950000 -2.055192
61.000000 -1.935285
61.050000 -1.770843
61.100000 -1.623529
61.150000 -1.510476
61.200000 -1.407698
61.250000 -1.356310
61.300000 -1.383717
61.350000 -1.441957
61.400000 -1.496772
61.450000 -1.585845
61.500000 -1.702326
61.550000 -1.791398
61.600000 -1.870194
61.650000 -1.928434
61.700000 -1.928434
61.750000 -1.870194
61.800000 -1.798250
61.850000 -1.709177
61.900000 -1.602975
61.950000 -1.524179
62.000000 -1.489920
62.050000 -1.489920
62.100000 -1.524179
62.150000 -1.599548
62.200000 -1.692047
62.250000 -1.784546
62.300000 -1.866768
62.350000 -1.914730
62.400000 -1.925008
62.450000 -1.890749
62.500000 -1.811953
62.550000 -1.685196
62.600000 -1.537883
62.650000 -1.414550
62.700000 -1.325477
62.750000 -1.294645
62.800000 -1.335755
62.850000 -1.431680
62.900000 -1.572141
62.950000 -1.763992
63.000000 -1.969545
63.050000 -2.151117
63.100000 -2.295004
63.150000 -2.394355
63.200000 -2.414910
63.250000 -2.356670
63.300000 -2.250468
63.350000 -2.110007
63.400000 -1.942138
63.450000 -1.774269
63.500000 -1.647511
63.550000 -1.578993
63.600000 -1.558438
63.650000 -1.561863
63.700000 -1.596122
63.750000 -1.685196
63.800000 -1.794825
63.850000 -1.890749
63.900000 -1.983249
63.950000 -2.062043
64.000000 -2.099728
64.050000 -2.092876
64.100000 -2.086025
64.150000 -2.055192
64.200000 -1.993525
64.250000 -1.928434
64.300000 -1.870194
64.350000 -1.811954
64.400000 -1.774269
64.450000 -1.750288
64.500000 -1.698899
64.550000 -1.637233
64.600000 -1.623529
64.650000 -1.640659
64.700000 -1.630382
64.750000 -1.592697
64.800000 -1.582419
64.850000 -1.585844
64.900000 -1.555012
64.950000 -1.503624
65.000000 -1.479643
65.050000 -1.483068
65.100000 -1.496772
65.150000 -1.517327
65.200000 -1.558437
65.250000 -1.626955
65.300000 -1.753713
65.350000 -1.925008
65.400000 -2.096303
65.450000 -2.253893
65.500000 -2.418336
65.550000 -2.599908
65.600000 -2.747222
65.650000 -2.795184
65.700000 -2.767777
65.750000 -2.716389
65.800000 -2.617038
65.850000 -2.438891
65.900000 -2.226486
65.950000 -2.017507
66.000000 -1.798250
66.050000 -1.606400
66.100000 -1.483069
66.150000 -1.400847
66.200000 -1.339181
66.250000 -1.339181
66.300000 -1.411124
66.350000 -1.489920
66.400000 -1.585845
66.450000 -1.712603
66.500000 -1.832509
66.550000 -1.890749
66.600000 -1.911304
66.650000 -1.918156
66.700000 -1.887323
66.750000 -1.791398
66.800000 -1.678344
66.850000 -1.582419
66.900000 -1.486494
66.950000 -1.363162
67.000000 -1.226126
67.050000 -1.102794
67.100000 -1.017147
67.150000 -0.982888
67.200000 -0.969185
67.250000 -0.965759
67.300000 -0.986314
67.350000 -1.037702
67.400000 -1.099369
67.450000 -1.164460
67.500000 -1.243256
67.550000 -1.280941
67.600000 -1.280941
67.650000 -1.298071
67.700000 -1.294644
67.750000 -1.229553
67.800000 -1.157609
67.850000 -1.130201
67.900000 -1.106221
67.950000 -1.092517
68.000000 -1.123350
68.050000 -1.167886
68.100000 -1.215849
68.150000 -1.304922
68.200000 -1.414551
68.250000 -1.479642
68.300000 -1.537883
68.350000 -1.609826
68.400000 -1.657789
68.450000 -1.695473
68.500000 -1.757139
68.550000 -1.801676
68.600000 -1.815380
68.650000 -1.846212
68.700000 -1.887323
68.750000 -1.907879
68.800000 -1.921583
68.850000 -1.945563
68.900000 -1.948989
68.950000 -1.952415
69.000000 -1.952415
69.050000 -1.918157
69.100000 -1.870194
69.150000 -1.866768
69.200000 -1.887323
69.250000 -1.901027
69.300000 -1.948989
69.350000 -2.055192
69.400000 -2.188802
69.450000 -2.356670
69.500000 -2.534817
69.550000 -2.678704
69.600000 -2.771203
69.650000 -2.826017
69.700000 -2.836295
69.750000 -2.802036
69.800000 -2.709537
69.850000 -2.531390
69.900000 -2.295005
69.950000 -2.082599
70.000000 -1.877045
70.050000 -1.654362
70.100000 -1.459087
70.150000 -1.356311
70.200000 -1.311774
70.250000 -1.294644
70.300000 -1.332329
70.350000 -1.424828
70.400000 -1.541309
70.450000 -1.668066
70.500000 -1.808527
70.550000 -1.925008
70.600000 -2.031210
70.650000 -2.120284
70.700000 -2.151117
70.750000 -2.116858
70.800000 -2.072321
70.850000 -2.010655
70.900000 -1.894175
70.950000 -1.750288
71.000000 -1.623530
71.050000 -1.503623
71.100000 -1.376866
71.150000 -1.277515
71.200000 -1.226126
71.250000 -1.195293
71.300000 -1.195294
71.350000 -1.253534
71.400000 -1.370013
71.450000 -1.486494
71.500000 -1.596123
71.550000 -1.726306
71.600000 -1.856490
71.650000 -1.945563
71.700000 -2.007229
71.750000 -2.062044
71.800000 -2.062043
71.850000 -1.996952
71.900000 -1.928433
71.950000 -1.877045
72.000000 -1.815380
72.050000 -1.760565
72.100000 -1.733158
72.150000 -1.750287
72.200000 -1.798251
72.250000 -1.849638
72.300000 -1.914730
72.350000 -2.027784
72.400000 -2.164820
72.450000 -2.250468
72.500000 -2.281300
72.550000 -2.322412
72.600000 -2.366948
72.650000 -2.366948
72.700000 -2.346393
72.750000 -2.339540
72.800000 -2.336115
72.850000 -2.325837
72.900000 -2.322411
72.950000 -2.315560
73.000000 -2.277874
73.050000 -2.253894
73.100000 -2.247042
73.150000 -2.219635
73.200000 -2.161395
73.250000 -2.099728
73.300000 -2.041488
73.350000 -1.983248
73.400000 -1.904453
73.450000 -1.825657
73.500000 -1.787973
73.550000 -1.770843
73.600000 -1.736584
73.650000 -1.712603
73.700000 -1.740010
73.750000 -1.805102
73.800000 -1.877045
73.850000 -1.959267
73.900000 -2.044914
73.950000 -2.133988
74.000000 -2.229912
74.050000 -2.284726
74.100000 -2.281300
74.150000 -2.267597
74.200000 -2.271023
74.250000 -2.260746
74.300000 -2.240190
74.350000 -2.212783
74.400000 -2.175098
74.450000 -2.130562
74.500000 -2.092876
74.550000 -2.044914
74.600000 -1.976396
74.650000 -1.918156
74.700000 -1.877046
74.750000 -1.849638
74.800000 -1.832509
74.850000 -1.853064
74.900000 -1.918157
74.950000 -2.014082
75.000000 -2.130562
75.050000 -2.253893
75.100000 -2.384077
75.150000 -2.527965
75.200000 -2.641019
75.250000 -2.678704
75.300000 -2.678704
75.350000 -2.651296
75.400000 -2.562223
75.450000 -2.425188
75.500000 -2.295004
75.550000 -2.168246
75.600000 -2.027785
75.650000 -1.918157
75.700000 -1.853064
75.750000 -1.815380
75.800000 -1.805102
75.850000 -1.839361
75.900000 -1.897601
75.950000 -1.948989
76.000000 -1.962693
76.050000 -1.942138
76.100000 -1.921582
76.150000 -1.894175
76.200000 -1.825657
76.250000 -1.740010
76.300000 -1.681770
76.350000 -1.644085
76.400000 -1.585845
76.450000 -1.524179
76.500000 -1.472791
76.550000 -1.421403
76.600000 -1.400846
76.650000 -1.400847
76.700000 -1.366588
76.750000 -1.318625
76.800000 -1.335755
76.850000 -1.407699
76.900000 -1.472790
76.950000 -1.551586
77.000000 -1.668067
77.050000 -1.798250
77.100000 -1.938711
77.150000 -2.072321
77.200000 -2.192227
77.250000 -2.291578
77.300000 -2.332689
77.350000 -2.288152
77.400000 -2.212783
77.450000 -2.161394
77.500000 -2.086025
77.550000 -1.983248
77.600000 -1.918156
77.650000 -1.914731
77.700000 -1.931860
77.750000 -1.983248
77.800000 -2.092876
77.850000 -2.233339
77.900000 -2.373800
77.950000 -2.507409
78.000000 -2.620464
78.050000 -2.675278
78.100000 -2.647870
78.150000 -2.558797
78.200000 -2.459447
78.250000 -2.332689
78.300000 -2.151116
78.350000 -1.942137
78.400000 -1.784547
78.450000 -1.671492
78.500000 -1.582419
78.550000 -1.520753
78.600000 -1.524179
78.650000 -1.582419
78.700000 -1.678344
78.750000 -1.798250
78.800000 -1.925008
78.850000 -2.051766
78.900000 -2.147691
78.950000 -2.212783
79.000000 -2.247042
79.050000 -2.236765
79.100000 -2.192228
79.150000 -2.137413
79.200000 -2.089451
79.250000 -2.041488
79.300000 -1.990100
79.350000 -1.952415
79.400000 -1.938711
79.450000 -1.948989
79.500000 -1.966119
79.550000 -1.986674
79.600000 -2.017507
79.650000 -2.044914
79.700000 -2.041488
79.750000 -2.010655
79.800000 -1.996952
79.850000 -1.993526
79.900000 -1.990100
79.950000 -1.993525
80.000000 -2.010655
80.050000 -2.017508
80.100000 -2.055192
80.150000 -2.113432
80.200000 -2.161394
80.250000 -2.202506
80.300000 -2.250468
80.350000 -2.271023
80.400000 -2.260745
80.450000 -2.253893
80.500000 -2.253893
80.550000 -2.219634
80.600000 -2.168246
80.650000 -2.137413
80.700000 -2.123710
80.750000 -2.103155
80.800000 -2.079173
80.850000 -2.079173
80.900000 -2.103154
80.950000 -2.120284
81.000000 -2.103154
81.050000 -2.068895
81.100000 -2.024359
81.150000 -1.935286
81.200000 -1.801676
81.250000 -1.664640
81.300000 -1.544734
81.350000 -1.417976
81.400000 -1.308348
81.450000 -1.236404
81.500000 -1.198719
81.550000 -1.195294
81.600000 -1.250108
81.650000 -1.352885
81.700000 -1.469364
81.750000 -1.575567
81.800000 -1.692047
81.850000 -1.805102
81.900000 -1.877046
81.950000 -1.907878
82.000000 -1.904452
82.050000 -1.873620
82.100000 -1.815380
82.150000 -1.746862
82.200000 -1.681770
82.250000 -1.644085
82.300000 -1.647510
82.350000 -1.688621
82.400000 -1.774268
82.450000 -1.883898
82.500000 -1.993526
82.550000 -2.106581
82.600000 -2.216209
82.650000 -2.291578
82.700000 -2.308708
82.750000 -2.281301
82.800000 -2.216209
82.850000 -2.103154
82.900000 -1.959267
82.950000 -1.808528
83.000000 -1.626956
83.050000 -1.424828
83.100000 -1.253533
83.150000 -1.123350
83.200000 -1.020573
83.250000 -0.952055
83.300000 -0.934926
83.350000 -0.952055
83.400000 -1.006869
83.450000 -1.089091
83.500000 -1.185016
83.550000 -1.304921
83.600000 -1.411124
83.650000 -1.479642
83.700000 -1.544735
83.750000 -1.623529
83.800000 -1.685196
83.850000 -1.705752
83.900000 -1.716029
83.950000 -1.719455
84.000000 -1.722881
84.050000 -1.722880
84.100000 -1.698900
84.150000 -1.664640
84.200000 -1.654363
84.250000 -1.650937
84.300000 -1.630381
84.350000 -1.609826
84.400000 -1.609826
84.450000 -1.602974
84.500000 -1.575567
84.550000 -1.534457
84.600000 -1.493346
84.650000 -1.448809
84.700000 -1.421402
84.750000 -1.424829
84.800000 -1.431680
84.850000 -1.435106
84.900000 -1.459087
84.950000 -1.517327
85.000000 -1.585845
85.050000 -1.654363
85.100000 -1.729733
85.150000 -1.805101
85.200000 -1.880472
85.250000 -1.948989
85.300000 -1.996952
85.350000 -2.010655
85.400000 -1.993525
85.450000 -1.962693
85.500000 -1.918157
85.550000 -1.877046
85.600000 -1.856490
85.650000 -1.856490
85.700000 -1.859916
85.750000 -1.863342
85.800000 -1.880471
85.850000 -1.901027
85.900000 -1.904453
85.950000 -1.883897
86.000000 -1.853064
86.050000 -1.815380
86.100000 -1.760566
86.150000 -1.695473
86.200000 -1.637233
86.250000 -1.585845
86.300000 -1.534456
86.350000 -1.489920
86.400000 -1.459087
86.450000 -1.462513
86.500000 -1.483069
86.550000 -1.500198
86.600000 -1.500198
86.650000 -1.510475
86.700000 -1.520753
86.750000 -1.510475
86.800000 -1.510475
86.850000 -1.524179
86.900000 -1.507049
86.950000 -1.462513
87.000000 -1.455661
87.050000 -1.486494
87.100000 -1.513901
87.150000 -1.531031
87.200000 -1.555012
87.250000 -1.558438
87.300000 -1.558438
87.350000 -1.582419
87.400000 -1.602974
87.450000 -1.592696
87.500000 -1.592697
87.550000 -1.606401
87.600000 -1.606400
87.650000 -1.602974
87.700000 -1.630381
87.750000 -1.647511
87.800000 -1.620104
87.850000 -1.599549
87.900000 -1.623529
87.950000 -1.661214
88.000000 -1.702325
88.050000 -1.763991
88.100000 -1.842786
88.150000 -1.907879
88.200000 -1.966119
88.250000 -2.017507
88.300000 -2.051766
88.350000 -2.065470
88.400000 -2.062044
88.450000 -2.044915
88.500000 -2.003804
88.550000 -1.945564
88.600000 -1.880471
88.650000 -1.811954
88.700000 -1.740010
88.750000 -1.681770
88.800000 -1.626955
88.850000 -1.548160
88.900000 -1.472791
88.950000 -1.417976
89.000000 -1.383717
89.050000 -1.349458
89.100000 -1.346033
89.150000 -1.376866
89.200000 -1.435106
89.250000 -1.510475
89.300000 -1.592696
89.350000 -1.678344
89.400000 -1.774269
89.450000 -1.894175
89.500000 -2.014082
89.550000 -2.092877
89.600000 -2.123710
89.650000 -2.137413
89.700000 -2.140839
89.750000 -2.127135
89.800000 -2.096303
89.850000 -2.051766
89.900000 -2.000377
89.950000 -1.959267
90.000000 -1.931860
90.050000 -1.897601
90.100000 -1.866768
90.150000 -1.849639
90.200000 -1.832509
90.250000 -1.818806
90.300000 -1.801676
90.350000 -1.750287
90.400000 -1.678344
90.450000 -1.640659
90.500000 -1.599549
90.550000 -1.527605
90.600000 -1.455661
90.650000 -1.417976
90.700000 -1.380292
90.750000 -1.349458
90.800000 -1.359736
90.850000 -1.390569
90.900000 -1.435106
90.950000 -1.520753
91.000000 -1.623530
91.050000 -1.705752
91.100000 -1.784546
91.150000 -1.880471
91.200000 -1.955841
91.250000 -2.003803
91.300000 -2.079173
91.350000 -2.144265
91.400000 -2.144265
91.450000 -2.099728
91.500000 -2.051766
91.550000 -1.983248
91.600000 -1.904453
91.650000 -1.832509
91.700000 -1.740010
91.750000 -1.640659
91.800000 -1.582419
91.850000 -1.551586
91.900000 -1.513901
91.950000 -1.534457
92.000000 -1.616678
92.050000 -1.668066
92.100000 -1.692048
92.150000 -1.743436
92.200000 -1.767417
92.250000 -1.716029
92.300000 -1.630381
92.350000 -1.534457
92.400000 -1.414551
92.450000 -1.294644
92.500000 -1.219275
92.550000 -1.167887
92.600000 -1.126775
92.650000 -1.133627
92.700000 -1.219275
92.750000 -1.366588
92.800000 -1.541308
92.850000 -1.733158
92.900000 -1.945563
92.950000 -2.154543
93.000000 -2.312133
93.050000 -2.404632
93.100000 -2.456021
93.150000 -2.490280
93.200000 -2.490280
93.250000 -2.456021
93.300000 -2.401207
93.350000 -2.353244
93.400000 -2.308708
93.450000 -2.257319
93.500000 -2.226486
93.550000 -2.209357
93.600000 -2.168247
93.650000 -2.116858
93.700000 -2.055192
93.750000 -1.979822
93.800000 -1.901027
93.850000 -1.832509
93.900000 -1.770843
93.950000 -1.722880
94.000000 -1.733158
94.050000 -1.781120
94.100000 -1.832509
94.150000 -1.914731
94.200000 -2.024359
94.250000 -2.113432
94.300000 -2.171672
94.350000 -2.209357
94.400000 -2.202505
94.450000 -2.154543
94.500000 -2.099729
94.550000 -2.014082
94.600000 -1.894175
94.650000 -1.801676
94.700000 -1.774269
94.750000 -1.767417
94.800000 -1.781121
94.850000 -1.846212
94.900000 -1.935286
94.950000 -2.041488
95.000000 -2.199079
95.050000 -2.356670
95.100000 -2.462873
95.150000 -2.538242
95.200000 -2.603334
95.250000 -2.603334
95.300000 -2.534816
95.350000 -2.435465
95.400000 -2.322411
95.450000 -2.188802
95.500000 -2.031211
95.550000 -1.873620
95.600000 -1.722881
95.650000 -1.585845
95.700000 -1.479642
95.750000 -1.411124
95.800000 -1.380291
95.850000 -1.373439
95.900000 -1.400847
95.950000 -1.469365
96.000000 -1.575568
96.050000 -1.688621
96.100000 -1.784547
96.150000 -1.866768
96.200000 -1.983248
96.250000 -2.096303
96.300000 -2.151117
96.350000 -2.185376
96.400000 -2.257319
96.450000 -2.301856
96.500000 -2.277875
96.550000 -2.267597
96.600000 -2.305282
96.650000 -2.322411
96.700000 -2.305281
96.750000 -2.315560
96.800000 -2.370373
96.850000 -2.418337
96.900000 -2.445744
96.950000 -2.466299
97.000000 -2.480002
97.050000 -2.483428
97.100000 -2.452595
97.150000 -2.384077
97.200000 -2.322411
97.250000 -2.271023
97.300000 -2.164821
97.350000 -2.027785
97.400000 -1.945563
97.450000 -1.914731
97.500000 -1.877045
97.550000 -1.846213
97.600000 -1.866768
97.650000 -1.907878
97.700000 -1.928433
97.750000 -1.948990
97.800000 -1.983249
97.850000 -1.993526
97.900000 -1.959267
97.950000 -1.907879
98.000000 -1.856491
98.050000 -1.805102
98.100000 -1.750287
98.150000 -1.692047
98.200000 -1.650937
98.250000 -1.633808
98.300000 -1.637233
98.350000 -1.661214
98.400000 -1.726306
98.450000 -1.846212
98.500000 -2.003803
98.550000 -2.157969
98.600000 -2.308708
98.650000 -2.445743
98.700000 -2.548520
98.750000 -2.634167
98.800000 -2.695833
98.850000 -2.702685
98.900000 -2.637594
98.950000 -2.538242
99.000000 -2.411485
99.050000 -2.219635
99.100000 -1.990100
99.150000 -1.777695
99.200000 -1.592696
99.250000 -1.428254
99.300000 -1.304922
99.350000 -1.232978
99.400000 -1.195294
99.450000 -1.185016
99.500000 -1.195293
99.550000 -1.205571
99.600000 -1.229552
99.650000 -1.256960
99.700000 -1.250107
99.750000 -1.222701
99.800000 -1.215849
99.850000 -1.205571
99.900000 -1.157609
99.950000 -1.133627
100.000000 -1.188442
100.050000 -1.280941
100.100000 -1.387144
100.150000 -1.531030
100.200000 -1.705751
100.250000 -1.853065
100.300000 -1.986674
100.350000 -2.116858
100.400000 -2.212782
100.450000 -2.229912
100.500000 -2.226486
100.550000 -2.219634
100.600000 -2.178524
100.650000 -2.092877
100.700000 -1.990100
100.750000 -1.894175
100.800000 -1.849639
100.850000 -1.846212
100.900000 -1.870194
100.950000 -1.925008
101.000000 -2.003803
101.050000 -2.079173
101.100000 -2.161394
101.150000 -2.260745
101.200000 -2.325837
101.250000 -2.322411
101.300000 -2.288152
101.350000 -2.233338
101.400000 -2.130562
101.450000 -1.986674
101.500000 -1.842786
101.550000 -1.678344
101.600000 -1.510475
101.650000 -1.370014
101.700000 -1.263811
101.750000 -1.208997
101.800000 -1.208997
101.850000 -1.243256
101.900000 -1.291218
101.950000 -1.373439
102.000000 -1.469365
102.050000 -1.541309
102.100000 -1.602974
102.150000 -1.671492
102.200000 -1.702325
102.250000 -1.685196
102.300000 -1.654363
102.350000 -1.620104
102.400000 -1.565289
102.450000 -1.513902
102.500000 -1.496772
102.550000 -1.503624
102.600000 -1.507049
102.650000 -1.472791
102.700000 -1.452235
102.750000 -1.469364
102.800000 -1.520753
102.850000 -1.561864
102.900000 -1.616678
102.950000 -1.695474
103.000000 -1.774268
103.050000 -1.849639
103.100000 -1.928434
103.150000 -2.000378
103.200000 -2.038063
103.250000 -2.031210
103.300000 -1.996952
103.350000 -1.942138
103.400000 -1.835935
103.450000 -1.685196
103.500000 -1.531031
103.550000 -1.411124
103.600000 -1.304922
103.650000 -1.229552
103.700000 -1.208997
103.750000 -1.232978
103.800000 -1.274089
103.850000 -1.352885
103.900000 -1.438531
103.950000 -1.510475
104.000000 -1.575567
104.050000 -1.596123
104.100000 -1.544734
104.150000 -1.469365
104.200000 -1.387143
104.250000 -1.280941
104.300000 -1.191868
104.350000 -1.157609
104.400000 -1.154183
104.450000 -1.167887
104.500000 -1.215849
104.550000 -1.301496
104.600000 -1.387143
104.650000 -1.448809
104.700000 -1.496772
104.750000 -1.493346
104.800000 -1.445383
104.850000 -1.363162
104.900000 -1.236404
104.950000 -1.089091
105.000000 -0.986315
105.050000 -0.958907
105.100000 -0.982889
105.150000 -1.058258
105.200000 -1.178164
105.250000 -1.315200
105.300000 -1.479643
105.350000 -1.657789
105.400000 -1.791398
105.450000 -1.859916
105.500000 -1.925008
105.550000 -1.983248
105.600000 -1.983248
105.650000 -1.945564
105.700000 -1.907879
105.750000 -1.842786
105.800000 -1.787972
105.850000 -1.791399
105.900000 -1.818806
105.950000 -1.825657
106.000000 -1.849638
106.050000 -1.883897
106.100000 -1.894176
106.150000 -1.870193
106.200000 -1.822231
106.250000 -1.729732
106.300000 -1.620104
106.350000 -1.537882
106.400000 -1.465938
106.450000 -1.370013
106.500000 -1.294644
106.550000 -1.243256
106.600000 -1.195293
106.650000 -1.171313
106.700000 -1.178164
106.750000 -1.202145
106.800000 -1.253534
106.850000 -1.332329
106.900000 -1.411124
106.950000 -1.489920
107.000000 -1.613252
107.050000 -1.770843
107.100000 -1.894175
107.150000 -2.010655
107.200000 -2.161394
107.250000 -2.305282
107.300000 -2.411485
107.350000 -2.497132
107.400000 -2.558798
107.450000 -2.572502
107.500000 -2.538242
107.550000 -2.497131
107.600000 -2.432040
107.650000 -2.353244
107.700000 -2.274449
107.750000 -2.212783
107.800000 -2.147691
107.850000 -2.089451
107.900000 -2.044914
107.950000 -2.034636
108.000000 -2.055192
108.050000 -2.068896
108.100000 -2.072321
108.150000 -2.079173
108.200000 -2.058618
108.250000 -1.990099
108.300000 -1.911305
108.350000 -1.832509
108.400000 -1.736584
108.450000 -1.626956
108.500000 -1.510476
108.550000 -1.376866
108.600000 -1.236404
108.650000 -1.119924
108.700000 -1.020573
108.750000 -0.921223
108.800000 -0.835575
108.850000 -0.791039
108.900000 -0.773909
108.950000 -0.760205
109.000000 -0.760206
109.050000 -0.808167
109.100000 -0.883538
109.150000 -0.948629
109.200000 -1.041128
109.250000 -1.178164
109.300000 -1.339181
109.350000 -1.510475
109.400000 -1.692047
109.450000 -1.863342
109.500000 -2.007230
109.550000 -2.127135
109.600000 -2.212783
109.650000 -2.250467
109.700000 -2.253894
109.750000 -2.216209
109.800000 -2.127135
109.850000 -2.020933
109.900000 -1.921582
109.950000 -1.818806
110.000000 -1.733159
110.050000 -1.688622
110.100000 -1.664641
110.150000 -1.650937
110.200000 -1.661215
110.250000 -1.705751
110.300000 -1.777695
110.350000 -1.835935
110.400000 -1.870194
110.450000 -1.907879
110.500000 -1.955841
110.550000 -1.976396
110.600000 -1.972971
110.650000 -1.969544
110.700000 -1.952415
110.750000 -1.894175
110.800000 -1.811953
110.850000 -1.716029
110.900000 -1.592697
110.950000 -1.441957
111.000000 -1.298070
111.050000 -1.161034
111.100000 -1.037703
111.150000 -0.965759
111.200000 -0.958907
111.250000 -1.000018
111.300000 -1.109646
111.350000 -1.291218
111.400000 -1.510475
111.450000 -1.736584
111.500000 -1.962693
111.550000 -2.185376
111.600000 -2.377226
111.650000 -2.497132
111.700000 -2.569075
111.750000 -2.606760
111.800000 -2.603334
111.850000 -2.527965
111.900000 -2.401206
111.950000 -2.264171
112.000000 -2.130562
112.050000 -1.979822
112.100000 -1.801676
112.150000 -1.654363
112.200000 -1.537882
112.250000 -1.411125
112.300000 -1.308347
112.350000 -1.256960
112.400000 -1.202146
112.450000 -1.150757
112.500000 -1.174738
112.550000 -1.274089
112.600000 -1.370014
112.650000 -1.472790
112.700000 -1.623529
112.750000 -1.763991
112.800000 -1.880471
112.850000 -1.976397
112.900000 -2.041489
112.950000 -2.082599
113.000000 -2.096302
113.050000 -2.038063
113.100000 -1.914730
113.150000 -1.801676
113.200000 -1.692048
113.250000 -1.527605
113.300000 -1.349459
113.350000 -1.243256
113.400000 -1.185015
113.450000 -1.157609
113.500000 -1.178164
113.550000 -1.243256
113.600000 -1.311773
113.650000 -1.435106
113.700000 -1.633807
113.750000 -1.825658
113.800000 -1.986673
113.850000 -2.137413
113.900000 -2.243616
113.950000 -2.284726
114.000000 -2.267596
114.050000 -2.202505
114.100000 -2.075747
114.150000 -1.907878
114.200000 -1.702325
114.250000 -1.469365
114.300000 -1.246682
114.350000 -1.085665
114.400000 -0.958907
114.450000 -0.856131
114.500000 -0.804742
114.550000 -0.828723
114.600000 -0.900667
114.650000 -1.006869
114.700000 -1.140480
114.750000 -1.298070
114.800000 -1.472791
114.850000 -1.630382
114.900000 -1.757139
114.950000 -1.883897
115.000000 -2.017507
115.050000 -2.096302
115.100000 -2.103155
115.150000 -2.089450
115.200000 -2.062043
115.250000 -2.014081
115.300000 -1.990100
115.350000 -1.972970
115.400000 -1.921582
115.450000 -1.873620
115.500000 -1.853064
115.550000 -1.801676
115.600000 -1.719455
115.650000 -1.674918
115.700000 -1.647510
115.750000 -1.592697
115.800000 -1.548160
115.850000 -1.541308
115.900000 -1.531031
115.950000 -1.537883
116.000000 -1.575568
116.050000 -1.606400
116.100000 -1.620104
116.150000 -1.664640
116.200000 -1.705751
116.250000 -1.692047
116.300000 -1.640660
116.350000 -1.602975
116.400000 -1.565290
116.450000 -1.517328
116.500000 -1.469365
116.550000 -1.431680
116.600000 -1.414550
116.650000 -1.424829
116.700000 -1.445384
116.750000 -1.472790
116.800000 -1.517327
116.850000 -1.578993
116.900000 -1.650937
116.950000 -1.719454
117.000000 -1.777695
117.050000 -1.846213
117.100000 -1.931860
117.150000 -2.007229
117.200000 -2.072321
117.250000 -2.157968
117.300000 -2.274449
117.350000 -2.394355
117.400000 -2.486854
117.450000 -2.548520
117.500000 -2.603334
117.550000 -2.637593
117.600000 -2.634168
117.650000 -2.572501
117.700000 -2.462873
117.750000 -2.312133
117.800000 -2.137414
117.850000 -1.962693
117.900000 -1.791398
117.950000 -1.640659
118.000000 -1.544734
118.050000 -1.524179
118.100000 -1.561864
118.150000 -1.633808
118.200000 -1.736584
118.250000 -1.856490
118.300000 -1.969544
118.350000 -2.048340
118.400000 -2.082599
118.450000 -2.058618
118.500000 -1.955841
118.550000 -1.805102
118.600000 -1.616678
118.650000 -1.397421
118.700000 -1.154183
118.750000 -0.952056
118.800000 -0.832149
118.850000 -0.780761
118.900000 -0.780760
118.950000 -0.842427
119.000000 -0.996592
119.050000 -1.229553
119.100000 -1.486494
119.150000 -1.719455
119.200000 -1.914730
119.250000 -2.075747
119.300000 -2.188802
119.350000 -2.226486
119.400000 -2.181950
119.450000 -2.092876
119.500000 -1.986675
119.550000 -1.877045
119.600000 -1.777694
119.650000 -1.709177
119.700000 -1.681770
119.750000 -1.695474
119.800000 -1.760566
119.850000 -1.877045
119.900000 -2.017507
119.950000 -2.144265
120.000000 -2.281301
120.050000 -2.411484
120.100000 -2.480002
120.150000 -2.473151
120.200000 -2.421762
120.250000 -2.332689
120.300000 -2.188802
120.350000 -2.034637
120.400000 -1.890749
120.450000 -1.757140
120.500000 -1.661215
120.550000 -1.623530
120.600000 -1.654363
120.650000 -1.760565
120.700000 -1.918156
120.750000 -2.092876
120.800000 -2.264172
120.850000 -2.401207
120.900000 -2.483428
120.950000 -2.521112
121.000000 -2.510834
121.050000 -2.404632
121.100000 -2.240190
121.150000 -2.086024
121.200000 -1.938712
121.250000 -1.774269
121.300000 -1.630381
121.350000 -1.544734
121.400000 -1.483068
121.450000 -1.459087
121.500000 -1.493346
121.550000 -1.534457
121.600000 -1.551586
121.650000 -1.572141
121.700000 -1.602974
121.750000 -1.613252
121.800000 -1.606400
121.850000 -1.589271
121.900000 -1.575568
121.950000 -1.561863
122.000000 -1.558438
122.050000 -1.558438
122.100000 -1.568716
122.150000 -1.606400
122.200000 -1.688621
122.250000 -1.774269
122.300000 -1.835935
122.350000 -1.904453
122.400000 -1.983247
122.450000 -2.038062
122.500000 -2.065469
122.550000 -2.079173
122.600000 -2.058618
122.650000 -1.979823
122.700000 -1.873620
122.750000 -1.774269
122.800000 -1.664640
122.850000 -1.524179
122.900000 -1.380291
122.950000 -1.250108
123.000000 -1.147331
123.050000 -1.099369
123.100000 -1.102794
123.150000 -1.143905
123.200000 -1.215849
123.250000 -1.325478
123.300000 -1.459087
123.350000 -1.582419
123.400000 -1.668066
123.450000 -1.712603
123.500000 -1.709177
123.550000 -1.657789
123.600000 -1.568716
123.650000 -1.462513
123.700000 -1.359736
123.750000 -1.280941
123.800000 -1.243256
123.850000 -1.256959
123.900000 -1.311773
123.950000 -1.383717
124.000000 -1.489920
124.050000 -1.664641
124.100000 -1.863342
124.150000 -1.993526
124.200000 -2.086025
124.250000 -2.195653
124.300000 -2.257319
124.350000 -2.219634
124.400000 -2.133987
124.450000 -2.027785
124.500000 -1.863342
124.550000 -1.671492
124.600000 -1.531031
124.650000 -1.414550
124.700000 -1.284367
124.750000 -1.198719
124.800000 -1.202145
124.850000 -1.274089
124.900000 -1.370014
124.950000 -1.496771
125.000000 -1.633807
125.050000 -1.746862
125.100000 -1.822232
125.150000 -1.846212
125.200000 -1.808528
125.250000 -1.743436
125.300000 -1.650936
125.350000 -1.507049
125.400000 -1.311774
125.450000 -1.140479
125.500000 -1.020573
125.550000 -0.934925
125.600000 -0.880111
125.650000 -0.876685
125.700000 -0.910944
125.750000 -0.972611
125.800000 -1.061684
125.850000 -1.154183
125.900000 -1.246681
125.950000 -1.332329
126.000000 -1.407698
126.050000 -1.483069
126.100000 -1.561864
126.150000 -1.620104
126.200000 -1.674918
126.250000 -1.770843
126.300000 -1.887323
126.350000 -1.959267
126.400000 -1.986674
126.450000 -2.020933
126.500000 -2.027785
126.550000 -1.955841
126.600000 -1.842787
126.650000 -1.729732
126.700000 -1.592697
126.750000 -1.428254
126.800000 -1.284366
126.850000 -1.167886
126.900000 -1.075388
126.950000 -1.020573
127.000000 -1.030851
127.050000 -1.071962
127.100000 -1.113072
127.150000 -1.161035
127.200000 -1.219275
127.250000 -1.263812
127.300000 -1.287793
127.350000 -1.301496
127.400000 -1.308348
127.450000 -1.311774
127.500000 -1.325477
127.550000 -1.352885
127.600000 -1.380292
127.650000 -1.397421
127.700000 -1.438532
127.750000 -1.507049
127.800000 -1.575567
127.850000 -1.637233
127.900000 -1.740010
127.950000 -1.863342
128.000000 -1.969545
128.050000 -2.065469
128.100000 -2.171672
128.150000 -2.277875
128.200000 -2.377225
128.250000 -2.497132
128.300000 -2.586205
128.350000 -2.610186
128.400000 -2.620464
128.450000 -2.647870
128.500000 -2.644444
128.550000 -2.596482
128.600000 -2.548520
128.650000 -2.490279
128.700000 -2.397780
128.750000 -2.308708
128.800000 -2.223060
128.850000 -2.113431
128.900000 -1.993525
128.950000 -1.901026
129.000000 -1.808528
129.050000 -1.726306
129.100000 -1.661214
129.150000 -1.582419
129.200000 -1.489920
129.250000 -1.414550
129.300000 -1.346033
129.350000 -1.270663
129.400000 -1.236404
129.450000 -1.229552
129.500000 -1.178165
129.550000 -1.109646
129.600000 -1.095943
129.650000 -1.099369
129.700000 -1.095942
129.750000 -1.109646
129.800000 -1.137054
129.850000 -1.147331
129.900000 -1.188441
129.950000 -1.256960
130.000000 -1.311774
130.050000 -1.366588
130.100000 -1.448809
130.150000 -1.510476
130.200000 -1.537883
130.250000 -1.578993
130.300000 -1.630382
130.350000 -1.661215
130.400000 -1.692047
130.450000 -1.712603
130.500000 -1.722881
130.550000 -1.746862
130.600000 -1.787972
130.650000 -1.822231
130.700000 -1.842787
130.750000 -1.904452
130.800000 -1.976396
130.850000 -2.024359
130.900000 -2.068895
130.950000 -2.133987
131.000000 -2.164820
131.050000 -2.151117
131.100000 -2.130562
131.150000 -2.079173
131.200000 -2.000378
131.250000 -1.935285
131.300000 -1.890750
131.350000 -1.835935
131.400000 -1.801676
131.450000 -1.832509
131.500000 -1.894175
131.550000 -1.962693
131.600000 -2.034636
131.650000 -2.116858
131.700000 -2.185376
131.750000 -2.247042
131.800000 -2.288152
131.850000 -2.295004
131.900000 -2.267597
131.950000 -2.199079
132.000000 -2.082599
132.050000 -1.962693
132.100000 -1.877046
132.150000 -1.808528
132.200000 -1.746862
132.250000 -1.716028
132.300000 -1.698900
132.350000 -1.692047
132.400000 -1.702325
132.450000 -1.719454
132.500000 -1.722881
132.550000 -1.726306
132.600000 -1.733158
132.650000 -1.705751
132.700000 -1.661215
132.750000 -1.620104
132.800000 -1.575567
132.850000 -1.517327
132.900000 -1.459088
132.950000 -1.424828
133.000000 -1.411125
133.050000 -1.400847
133.100000 -1.380292
133.150000 -1.356311
133.200000 -1.342607
133.250000 -1.335755
133.300000 -1.318625
133.350000 -1.298070
133.400000 -1.294644
133.450000 -1.315199
133.500000 -1.342606
133.550000 -1.383718
133.600000 -1.459087
133.650000 -1.558438
133.700000 -1.633807
133.750000 -1.650936
133.800000 -1.657789
133.850000 -1.647511
133.900000 -1.609827
133.950000 -1.541308
134.000000 -1.448809
134.050000 -1.322051
134.100000 -1.171313
134.150000 -1.047980
134.200000 -0.976036
134.250000 -0.955481
134.300000 -0.993166
134.350000 -1.092517
134.400000 -1.256959
134.450000 -1.465939
134.500000 -1.688622
134.550000 -1.887323
134.600000 -2.048340
134.650000 -2.175098
134.700000 -2.271023
134.750000 -2.312133
134.800000 -2.301856
134.850000 -2.250468
134.900000 -2.168246
134.950000 -2.072321
135.000000 -1.979822
135.050000 -1.914730
135.100000 -1.863342
135.150000 -1.835935
135.200000 -1.801676
135.250000 -1.767418
135.300000 -1.733158
135.350000 -1.681770
135.400000 -1.623530
135.450000 -1.575567
135.500000 -1.507049
135.550000 -1.387143
135.600000 -1.250108
135.650000 -1.137053
135.700000 -1.017147
135.750000 -0.893815
135.800000 -0.815020
135.850000 -0.791039
135.900000 -0.773909
135.950000 -0.773909
136.000000 -0.801316
136.050000 -0.856131
136.100000 -0.958907
136.150000 -1.126775
136.200000 -1.301496
136.250000 -1.455661
136.300000 -1.633808
136.350000 -1.832509
136.400000 -1.990100
136.450000 -2.103154
136.500000 -2.202504
136.550000 -2.277875
136.600000 -2.277875
136.650000 -2.209357
136.700000 -2.106580
136.750000 -1.986674
136.800000 -1.846213
136.850000 -1.674918
136.900000 -1.500198
136.950000 -1.376865
137.000000 -1.311774
137.050000 -1.294644
137.100000 -1.346033
137.150000 -1.483068
137.200000 -1.678344
137.250000 -1.883897
137.300000 -2.092877
137.350000 -2.277874
137.400000 -2.408058
137.450000 -2.476576
137.500000 -2.459447
137.550000 -2.339541
137.600000 -2.147691
137.650000 -1.904452
137.700000 -1.613252
137.750000 -1.332329
137.800000 -1.116498
137.850000 -0.931500
137.900000 -0.777335
137.950000 -0.719095
138.000000 -0.780761
138.050000 -0.904093
138.100000 -1.085665
138.150000 -1.308348
138.200000 -1.527605
138.250000 -1.719455
138.300000 -1.901027
138.350000 -2.048340
138.400000 -2.130562
138.450000 -2.171672
138.500000 -2.192228
138.550000 -2.192227
138.600000 -2.157969
138.650000 -2.110006
138.700000 -2.089451
138.750000 -2.113432
138.800000 -2.151117
138.850000 -2.188802
138.900000 -2.233338
138.950000 -2.301855
139.000000 -2.366947
139.050000 -2.408058
139.100000 -2.425187
139.150000 -2.397780
139.200000 -2.329263
139.250000 -2.229912
139.300000 -2.092877
139.350000 -1.935285
139.400000 -1.770843
139.450000 -1.613252
139.500000 -1.465939
139.550000 -1.349459
139.600000 -1.260386
139.650000 -1.188441
139.700000 -1.154182
139.750000 -1.178164
139.800000 -1.222701
139.850000 -1.287793
139.900000 -1.383718
139.950000 -1.503624
140.000000 -1.623530
140.050000 -1.726307
140.100000 -1.829084
140.150000 -1.935286
140.200000 -2.010656
140.250000 -2.027785
140.300000 -1.996951
140.350000 -1.928434
140.400000 -1.815380
140.450000 -1.647511
140.500000 -1.472791
140.550000 -1.342606
140.600000 -1.232978
140.650000 -1.130202
140.700000 -1.085665
140.750000 -1.119924
140.800000 -1.208997
140.850000 -1.342607
140.900000 -1.520753
140.950000 -1.692048
141.000000 -1.856490
141.050000 -2.014081
141.100000 -2.110006
141.150000 -2.120284
141.200000 -2.082599
141.250000 -1.979822
141.300000 -1.798250
141.350000 -1.609826
141.400000 -1.465939
141.450000 -1.318626
141.500000 -1.167887
141.550000 -1.075387
141.600000 -1.047981
141.650000 -1.037702
141.700000 -1.041128
141.750000 -1.054832
141.800000 -1.078813
141.850000 -1.102794
141.900000 -1.109646
141.950000 -1.078814
142.000000 -1.041129
142.050000 -1.006869
142.100000 -0.955481
142.150000 -0.931500
142.200000 -0.969185
142.250000 -1.013721
142.300000 -1.051406
142.350000 -1.130201
142.400000 -1.232979
142.450000 -1.294644
142.500000 -1.328904
142.550000 -1.380291
142.600000 -1.414550
142.650000 -1.417976
142.700000 -1.400847
142.750000 -1.346032
142.800000 -1.260385
142.850000 -1.219275
142.900000 -1.198720
142.950000 -1.154183
143.000000 -1.123350
143.050000 -1.133627
143.100000 -1.147331
143.150000 -1.161035
143.200000 -1.181590
143.250000 -1.202145
143.300000 -1.202145
143.350000 -1.212423
143.400000 -1.219275
143.450000 -1.219275
143.500000 -1.267238
143.550000 -1.352885
143.600000 -1.441958
143.650000 -1.555011
143.700000 -1.705751
143.750000 -1.859916
143.800000 -1.993525
143.850000 -2.099728
143.900000 -2.164820
143.950000 -2.181949
144.000000 -2.188801
144.050000 -2.175097
144.100000 -2.127136
144.150000 -2.044914
144.200000 -1.938711
144.250000 -1.825657
144.300000 -1.722880
144.350000 -1.616677
144.400000 -1.510475
144.450000 -1.445383
144.500000 -1.417977
144.550000 -1.397421
144.600000 -1.383718
144.650000 -1.387144
144.700000 -1.421403
144.750000 -1.489920
144.800000 -1.592696
144.850000 -1.695474
144.900000 -1.794824
144.950000 -1.911305
145.000000 -2.014082
145.050000 -2.096303
145.100000 -2.171672
145.150000 -2.233338
145.200000 -2.240190
145.250000 -2.195653
145.300000 -2.127136
145.350000 -2.024359
145.400000 -1.897601
145.450000 -1.767417
145.500000 -1.633808
145.550000 -1.507049
145.600000 -1.397421
145.650000 -1.315200
145.700000 -1.260385
145.750000 -1.239830
145.800000 -1.260386
145.850000 -1.284366
145.900000 -1.311774
145.950000 -1.359736
146.000000 -1.431680
146.050000 -1.486494
146.100000 -1.531031
146.150000 -1.606400
146.200000 -1.698899
146.250000 -1.763991
146.300000 -1.808528
146.350000 -1.870194
146.400000 -1.962693
146.450000 -2.051766
146.500000 -2.092877
146.550000 -2.096303
146.600000 -2.079173
146.650000 -2.041488
146.700000 -1.983248
146.750000 -1.907879
146.800000 -1.825657
146.850000 -1.702325
146.900000 -1.568715
146.950000 -1.469364
147.000000 -1.383717
147.050000 -1.298070
147.100000 -1.232978
147.150000 -1.188442
147.200000 -1.150757
147.250000 -1.123350
147.300000 -1.102794
147.350000 -1.078813
147.400000 -1.068536
147.450000 -1.058258
147.500000 -1.020574
147.550000 -0.986314
147.600000 -0.986314
147.650000 -0.989740
147.700000 -1.000018
147.750000 -1.061684
147.800000 -1.157609
147.850000 -1.277515
147.900000 -1.438531
147.950000 -1.606401
148.000000 -1.746862
148.050000 -1.887323
148.100000 -2.034637
148.150000 -2.147691
148.200000 -2.247042
148.250000 -2.366948
148.300000 -2.462873
148.350000 -2.503984
148.400000 -2.538243
148.450000 -2.538243
148.500000 -2.459446
148.550000 -2.329263
148.600000 -2.164820
148.650000 -1.942137
148.700000 -1.681770
148.750000 -1.421402
148.800000 -1.157608
148.850000 -0.921222
148.900000 -0.777335
148.950000 -0.725947
149.000000 -0.743076
149.050000 -0.845853
149.100000 -1.044554
149.150000 -1.287792
149.200000 -1.544734
149.250000 -1.801676
149.300000 -1.990100
149.350000 -2.089451
149.400000 -2.106581
149.450000 -2.062044
149.500000 -1.948989
149.550000 -1.787973
149.600000 -1.609826
149.650000 -1.428254
149.700000 -1.260385
149.750000 -1.137053
149.800000 -1.089091
149.850000 -1.140479
149.900000 -1.263811
149.950000 -1.390569
150.000000 -1.510476
150.050000 -1.668066
150.100000 -1.829083
150.150000 -1.925008
150.200000 -1.935285
150.250000 -1.925008
150.300000 -1.880471
150.350000 -1.798249
150.400000 -1.692047
150.450000 -1.592696
150.500000 -1.496772
150.550000 -1.435106
150.600000 -1.438532
150.650000 -1.479643
150.700000 -1.520753
150.750000 -1.568716
150.800000 -1.644086
150.850000 -1.729732
150.900000 -1.791398
150.950000 -1.846213
151.000000 -1.894175
151.050000 -1.907878
151.100000 -1.880472
151.150000 -1.835935
151.200000 -1.781121
151.250000 -1.709177
151.300000 -1.650937
151.350000 -1.630381
151.400000 -1.623529
151.450000 -1.626956
151.500000 -1.657788
151.550000 -1.726307
151.600000 -1.798250
151.650000 -1.859916
151.700000 -1.904453
151.750000 -1.948990
151.800000 -1.990100
151.850000 -2.020933
151.900000 -2.034637
151.950000 -2.051766
152.000000 -2.099728
152.050000 -2.154542
152.100000 -2.185376
152.150000 -2.199079
152.200000 -2.223061
152.250000 -2.240190
152.300000 -2.226487
152.350000 -2.185376
152.400000 -2.123710
152.450000 -2.051766
152.500000 -1.959267
152.550000 -1.859916
152.600000 -1.801676
152.650000 -1.794824
152.700000 -1.825658
152.750000 -1.877046
152.800000 -1.986674
152.850000 -2.175098
152.900000 -2.394355
152.950000 -2.593056
153.000000 -2.760926
153.050000 -2.894534
153.100000 -2.997311
153.150000 -3.038422
153.200000 -3.004163
153.250000 -2.911664
153.300000 -2.781480
153.350000 -2.606760
153.400000 -2.394355
153.450000 -2.157969
153.500000 -1.918156
153.550000 -1.688621
153.600000 -1.459087
153.650000 -1.229552
153.700000 -1.044554
153.750000 -0.938352
153.800000 -0.873260
153.850000 -0.835575
153.900000 -0.849278
153.950000 -0.928074
154.000000 -1.023999
154.050000 -1.130202
154.100000 -1.250108
154.150000 -1.366587
154.200000 -1.459087
154.250000 -1.524179
154.300000 -1.572141
154.350000 -1.578994
154.400000 -1.544735
154.450000 -1.489920
154.500000 -1.414550
154.550000 -1.352884
154.600000 -1.346032
154.650000 -1.380292
154.700000 -1.421403
154.750000 -1.476217
154.800000 -1.575567
154.850000 -1.671492
154.900000 -1.753714
154.950000 -1.839360
155.000000 -1.925008
155.050000 -1.959266
155.100000 -1.972970
155.150000 -1.976396
155.200000 -1.969544
155.250000 -1.935286
155.300000 -1.890749
155.350000 -1.829083
155.400000 -1.781120
155.450000 -1.787972
155.500000 -1.811954
155.550000 -1.815380
155.600000 -1.829083
155.650000 -1.849638
155.700000 -1.835935
155.750000 -1.822232
155.800000 -1.829084
155.850000 -1.801676
155.900000 -1.743436
155.950000 -1.698899
156.000000 -1.633807
156.050000 -1.503624
156.100000 -1.352884
156.150000 -1.226126
156.200000 -1.092517
156.250000 -0.962333
156.300000 -0.869834
156.350000 -0.815020
156.400000 -0.794464
156.450000 -0.804742
156.500000 -0.821872
156.550000 -0.821871
156.600000 -0.839001
156.650000 -0.845853
156.700000 -0.832149
156.750000 -0.849279
156.800000 -0.904093
156.850000 -0.931500
156.900000 -0.948629
156.950000 -1.006870
157.000000 -1.092517
157.050000 -1.188442
157.100000 -1.308347
157.150000 -1.414550
157.200000 -1.493346
157.250000 -1.585845
157.300000 -1.692047
157.350000 -1.726307
157.400000 -1.729732
157.450000 -1.746862
157.500000 -1.767417
157.550000 -1.770843
157.600000 -1.805102
157.650000 -1.873619
157.700000 -1.945563
157.750000 -2.044914
157.800000 -2.181950
157.850000 -2.271023
157.900000 -2.312134
157.950000 -2.356670
158.000000 -2.363522
158.050000 -2.295003
158.100000 -2.192227
158.150000 -2.110006
158.200000 -2.010655
158.250000 -1.887323
158.300000 -1.770842
158.350000 -1.671493
158.400000 -1.589271
158.450000 -1.548160
158.500000 -1.555012
158.550000 -1.578993
158.600000 -1.613253
158.650000 -1.661215
158.700000 -1.712603
158.750000 -1.753714
158.800000 -1.777695
158.850000 -1.787972
158.900000 -1.753714
158.950000 -1.671492
159.000000 -1.565290
159.050000 -1.469364
159.100000 -1.387143
159.150000 -1.301496
159.200000 -1.205571
159.250000 -1.130202
159.300000 -1.102794
159.350000 -1.116498
159.400000 -1.140479
159.450000 -1.181589
159.500000 -1.270663
159.550000 -1.390570
159.600000 -1.493346
159.650000 -1.548160
159.700000 -1.602974
159.750000 -1.681770
159.800000 -1.743436
159.850000 -1.781121
159.900000 -1.839361
159.950000 -1.914731
160.000000 -1.962693
160.050000 -1.990100
160.100000 -2.014082
160.150000 -2.014081
160.200000 -1.990100
160.250000 -1.955842
160.300000 -1.914731
160.350000 -1.880471
160.400000 -1.846213
160.450000 -1.801676
160.500000 -1.746862
160.550000 -1.709177
160.600000 -1.654363
160.650000 -1.596123
160.700000 -1.575567
160.750000 -1.582419
160.800000 -1.589271
160.850000 -1.616678
160.900000 -1.657788
160.950000 -1.678344
161.000000 -1.688622
161.050000 -1.702325
161.100000 -1.695474
161.150000 -1.664640
161.200000 -1.657789
161.250000 -1.650937
161.300000 -1.592697
161.350000 -1.524179
161.400000 -1.479642
161.450000 -1.424828
161.500000 -1.356310
161.550000 -1.322052
161.600000 -1.291218
161.650000 -1.226127
161.700000 -1.174738
161.750000 -1.164460
161.800000 -1.164460
161.850000 -1.157608
161.900000 -1.174738
161.950000 -1.181590
162.000000 -1.171313
162.050000 -1.178164
162.100000 -1.222700
162.150000 -1.256960
162.200000 -1.287792
162.250000 -1.318625
162.300000 -1.311774
162.350000 -1.277515
162.400000 -1.236405
162.450000 -1.167887
162.500000 -1.068535
162.550000 -0.986314
162.600000 -0.938352
162.650000 -0.900667
162.700000 -0.883537
162.750000 -0.893816
162.800000 -0.921222
162.850000 -0.996592
162.900000 -1.150757
162.950000 -1.328903
163.000000 -1.469364
163.050000 -1.589271
163.100000 -1.668066
163.150000 -1.688621
163.200000 -1.664640
163.250000 -1.599548
163.300000 -1.479642
163.350000 -1.346033
163.400000 -1.236404
163.450000 -1.154183
163.500000 -1.109646
163.550000 -1.130201
163.600000 -1.226126
163.650000 -1.387143
163.700000 -1.578993
163.750000 -1.781121
163.800000 -2.014081
163.850000 -2.267597
163.900000 -2.480002
163.950000 -2.603334
164.000000 -2.682130
164.050000 -2.730092
164.100000 -2.706110
164.150000 -2.613612
164.200000 -2.500557
164.250000 -2.363522
164.300000 -2.212783
164.350000 -2.086024
164.400000 -1.993525
164.450000 -1.911304
164.500000 -1.849638
164.550000 -1.829083
164.600000 -1.815380
164.650000 -1.805102
164.700000 -1.822232
164.750000 -1.832509
164.800000 -1.805102
164.850000 -1.767417
164.900000 -1.763992
164.950000 -1.743435
165.000000 -1.702325
165.050000 -1.661215
165.100000 -1.623530
165.150000 -1.585845
165.200000 -1.565289
165.250000 -1.544734
165.300000 -1.513901
165.350000 -1.496771
165.400000 -1.510476
165.450000 -1.524179
165.500000 -1.524179
165.550000 -1.541308
165.600000 -1.568716
165.650000 -1.592697
165.700000 -1.613252
165.750000 -1.644085
165.800000 -1.685196
165.850000 -1.726307
165.900000 -1.743436
165.950000 -1.740010
166.000000 -1.746862
166.050000 -1.760566
166.100000 -1.753714
166.150000 -1.733158
166.200000 -1.712603
166.250000 -1.685196
166.300000 -1.637233
166.350000 -1.578993
166.400000 -1.524179
166.450000 -1.483068
166.500000 -1.448809
166.550000 -1.428254
166.600000 -1.448809
166.650000 -1.513901
166.700000 -1.578993
166.750000 -1.626956
166.800000 -1.695473
166.850000 -1.770843
166.900000 -1.811954
166.950000 -1.842787
167.000000 -1.894175
167.050000 -1.921582
167.100000 -1.904453
167.150000 -1.880471
167.200000 -1.883897
167.250000 -1.856491
167.300000 -1.798250
167.350000 -1.746862
167.400000 -1.726307
167.450000 -1.712602
167.500000 -1.709177
167.550000 -1.729733
167.600000 -1.760565
167.650000 -1.801676
167.700000 -1.856491
167.750000 -1.931860
167.800000 -2.014082
167.850000 -2.082599
167.900000 -2.140839
167.950000 -2.226486
168.000000 -2.318986
168.050000 -2.397780
168.100000 -2.480002
168.150000 -2.558798
168.200000 -2.603334
168.250000 -2.620464
168.300000 -2.634167
168.350000 -2.613611
168.400000 -2.534817
168.450000 -2.425188
168.500000 -2.284726
168.550000 -2.079173
168.600000 -1.856490
168.650000 -1.681770
168.700000 -1.527605
168.750000 -1.373440
168.800000 -1.277515
168.850000 -1.263811
168.900000 -1.304922
168.950000 -1.421402
169.000000 -1.606400
169.050000 -1.811954
169.100000 -2.003803
169.150000 -2.188802
169.200000 -2.312134
169.250000 -2.342967
169.300000 -2.325837
169.350000 -2.291578
169.400000 -2.192227
169.450000 -2.041489
169.500000 -1.894175
169.550000 -1.774269
169.600000 -1.661214
169.650000 -1.575567
169.700000 -1.548160
169.750000 -1.578993
169.800000 -1.637233
169.850000 -1.712603
169.900000 -1.818806
169.950000 -1.938711
170.000000 -2.017507
170.050000 -2.068895
170.100000 -2.130562
170.150000 -2.178523
170.200000 -2.171672
170.250000 -2.140839
170.300000 -2.096302
170.350000 -2.017507
170.400000 -1.955841
170.450000 -1.925008
170.500000 -1.859916
170.550000 -1.746861
170.600000 -1.674918
170.650000 -1.654363
170.700000 -1.633808
170.750000 -1.620104
170.800000 -1.626955
170.850000 -1.630382
170.900000 -1.633807
170.950000 -1.661214
171.000000 -1.709177
171.050000 -1.750288
171.100000 -1.777695
171.150000 -1.794824
171.200000 -1.815380
171.250000 -1.839361
171.300000 -1.853064
171.350000 -1.842786
171.400000 -1.822231
171.450000 -1.801676
171.500000 -1.781120
171.550000 -1.760564
171.600000 -1.729732
171.650000 -1.688622
171.700000 -1.674918
171.750000 -1.681769
171.800000 -1.661214
171.850000 -1.626955
171.900000 -1.616678
171.950000 -1.613252
172.000000 -1.602974
172.050000 -1.582419
172.100000 -1.548160
172.150000 -1.489920
172.200000 -1.438532
172.250000 -1.370014
172.300000 -1.267237
172.350000 -1.185016
172.400000 -1.140479
172.450000 -1.061684
172.500000 -0.969185
172.550000 -0.934926
172.600000 -0.945204
172.650000 -0.948629
172.700000 -0.976036
172.750000 -1.037702
172.800000 -1.089091
172.850000 -1.154183
172.900000 -1.256960
172.950000 -1.349458
173.000000 -1.428254
173.050000 -1.534457
173.100000 -1.650937
173.150000 -1.746862
173.200000 -1.856490
173.250000 -1.948989
173.300000 -1.986674
173.350000 -2.003804
173.400000 -2.034636
173.450000 -2.020933
173.500000 -1.952415
173.550000 -1.894175
173.600000 -1.842787
173.650000 -1.757140
173.700000 -1.681770
173.750000 -1.637233
173.800000 -1.582419
173.850000 -1.520753
173.900000 -1.496772
173.950000 -1.500198
174.000000 -1.496772
174.050000 -1.517327
174.100000 -1.541309
174.150000 -1.534457
174.200000 -1.527605
174.250000 -1.537882
174.300000 -1.517327
174.350000 -1.489920
174.400000 -1.500198
174.450000 -1.527604
174.500000 -1.513901
174.550000 -1.486494
174.600000 -1.462513
174.650000 -1.424828
174.700000 -1.373440
174.750000 -1.335755
174.800000 -1.284366
174.850000 -1.243256
174.900000 -1.267238
174.950000 -1.356310
175.000000 -1.431680
175.050000 -1.483069
175.100000 -1.565290
175.150000 -1.688622
175.200000 -1.801676
175.250000 -1.863342
175.300000 -1.890750
175.350000 -1.904453
175.400000 -1.894175
175.450000 -1.849638
175.500000 -1.794824
175.550000 -1.763991
175.600000 -1.753713
175.650000 -1.750288
175.700000 -1.787973
175.750000 -1.863342
175.800000 -1.925008
175.850000 -1.966119
175.900000 -2.027785
175.950000 -2.123709
176.000000 -2.181949
176.050000 -2.171672
176.100000 -2.127136
176.150000 -2.082599
176.200000 -2.041488
176.250000 -1.996952
176.300000 -1.942138
176.350000 -1.901027
176.400000 -1.877045
176.450000 -1.835935
176.500000 -1.763991
176.550000 -1.702326
176.600000 -1.671492
176.650000 -1.616678
176.700000 -1.517327
176.750000 -1.417977
176.800000 -1.311774
176.850000 -1.195294
176.900000 -1.099368
176.950000 -1.023999
177.000000 -0.945204
177.050000 -0.900667
177.100000 -0.900667
177.150000 -0.917797
177.200000 -0.938352
177.250000 -0.972611
177.300000 -0.996592
177.350000 -1.017147
177.400000 -1.030851
177.450000 -1.003443
177.500000 -0.962333
177.550000 -0.962333
177.600000 -0.955481
177.650000 -0.914370
177.700000 -0.921222
177.750000 -1.006870
177.800000 -1.065110
177.850000 -1.092517
177.900000 -1.157609
177.950000 -1.263812
178.000000 -1.366588
178.050000 -1.479642
178.100000 -1.565290
178.150000 -1.606400
178.200000 -1.664640
178.250000 -1.736584
178.300000 -1.743436
178.350000 -1.719455
178.400000 -1.695474
178.450000 -1.640659
178.500000 -1.537883
178.550000 -1.455661
178.600000 -1.407699
178.650000 -1.366588
178.700000 -1.342606
178.750000 -1.315199
178.800000 -1.277515
178.850000 -1.277515
178.900000 -1.304922
178.950000 -1.315200
179.000000 -1.318625
179.050000 -1.352884
179.100000 -1.376865
179.150000 -1.356310
179.200000 -1.328903
179.250000 -1.284367
179.300000 -1.205571
179.350000 -1.157608
179.400000 -1.150757
179.450000 -1.126776
179.500000 -1.092517
179.550000 -1.109646
179.600000 -1.150757
179.650000 -1.191867
179.700000 -1.263811
179.750000 -1.359737
179.800000 -1.441958
179.850000 -1.503623
179.900000 -1.572141
179.950000 -1.616677
180.000000 -1.647510
180.050000 -1.661214
180.100000 -1.637233
180.150000 -1.592696
180.200000 -1.555012
180.250000 -1.513901
180.300000 -1.465938
180.350000 -1.424828
180.400000 -1.397421
180.450000 -1.380292
180.500000 -1.359736
180.550000 -1.318626
180.600000 -1.270663
180.650000 -1.236404
180.700000 -1.215849
180.750000 -1.178164
180.800000 -1.150757
180.850000 -1.137053
180.900000 -1.123350
180.950000 -1.143904
181.000000 -1.226126
181.050000 -1.359736
181.100000 -1.510474
181.150000 -1.685195
181.200000 -1.880471
181.250000 -2.072321
181.300000 -2.264171
181.350000 -2.442317
181.400000 -2.555371
181.450000 -2.610186
181.500000 -2.651297
181.550000 -2.634167
181.600000 -2.534816
181.650000 -2.408058
181.700000 -2.274449
181.750000 -2.106581
181.800000 -1.928434
181.850000 -1.794824
181.900000 -1.678344
181.950000 -1.561863
182.000000 -1.486494
182.050000 -1.441958
182.100000 -1.407699
182.150000 -1.431680
182.200000 -1.489920
182.250000 -1.534457
182.300000 -1.575567
182.350000 -1.644086
182.400000 -1.712603
182.450000 -1.743435
182.500000 -1.781120
182.550000 -1.811953
182.600000 -1.808528
182.650000 -1.805101
182.700000 -1.829083
182.750000 -1.846212
182.800000 -1.863342
182.850000 -1.907878
182.900000 -1.966119
182.950000 -2.007230
183.000000 -2.075747
183.050000 -2.144265
183.100000 -2.164821
183.150000 -2.154542
183.200000 -2.127135
183.250000 -2.041488
183.300000 -1.918156
183.350000 -1.791399
183.400000 -1.650937
183.450000 -1.489920
183.500000 -1.346032
183.550000 -1.260386
183.600000 -1.222701
183.650000 -1.219275
183.700000 -1.250108
183.750000 -1.304922
183.800000 -1.383718
183.850000 -1.507050
183.900000 -1.647511
183.950000 -1.770843
184.000000 -1.866767
184.050000 -1.945563
184.100000 -2.017507
184.150000 -2.055192
184.200000 -2.031211
184.250000 -1.972971
184.300000 -1.873620
184.350000 -1.736584
184.400000 -1.568715
184.450000 -1.376865
184.500000 -1.195294
184.550000 -1.054832
184.600000 -0.979463
184.650000 -0.955481
184.700000 -0.989740
184.750000 -1.099368
184.800000 -1.270663
184.850000 -1.455661
184.900000 -1.647511
184.950000 -1.853065
185.000000 -2.020933
185.050000 -2.099729
185.100000 -2.120284
185.150000 -2.099728
185.200000 -2.017507
185.250000 -1.866768
185.300000 -1.678344
185.350000 -1.476216
185.400000 -1.284366
185.450000 -1.164461
185.500000 -1.123350
185.550000 -1.150757
185.600000 -1.256960
185.650000 -1.438532
185.700000 -1.664640
185.750000 -1.928434
185.800000 -2.178524
185.850000 -2.360096
185.900000 -2.459447
185.950000 -2.497132
186.000000 -2.456021
186.050000 -2.353244
186.100000 -2.250468
186.150000 -2.140840
186.200000 -1.966119
186.250000 -1.805102
186.300000 -1.733158
186.350000 -1.705751
186.400000 -1.688621
186.450000 -1.719455
186.500000 -1.794824
186.550000 -1.873620
186.600000 -1.952415
186.650000 -2.020933
186.700000 -2.072321
186.750000 -2.096303
186.800000 -2.120284
186.850000 -2.116858
186.900000 -2.089451
186.950000 -2.086025
187.000000 -2.110006
187.050000 -2.110006
187.100000 -2.106581
187.150000 -2.127136
187.200000 -2.144265
187.250000 -2.130561
187.300000 -2.113432
187.350000 -2.106580
187.400000 -2.099728
187.450000 -2.079173
187.500000 -2.055192
187.550000 -2.044914
187.600000 -2.068895
187.650000 -2.106580
187.700000 -2.113432
187.750000 -2.099729
187.800000 -2.092877
187.850000 -2.065469
187.900000 -2.010655
187.950000 -1.945563
188.000000 -1.859916
188.050000 -1.746861
188.100000 -1.637233
188.150000 -1.555012
188.200000 -1.483068
188.250000 -1.438532
188.300000 -1.424829
188.350000 -1.435106
188.400000 -1.465939
188.450000 -1.503624
188.500000 -1.524179
188.550000 -1.548160
188.600000 -1.609826
188.650000 -1.664640
188.700000 -1.681770
188.750000 -1.671492
188.800000 -1.657788
188.850000 -1.644085
188.900000 -1.606401
