time[ns] Raw_signal[mV]
-11.250000 0.028367
-11.200000 0.014663
-11.150000 -0.009318
-11.100000 -0.033300
-11.050000 -0.043578
-11.000000 -0.029874
-10.950000 -0.012745
-10.900000 -0.029873
-10.850000 -0.053855
-10.800000 -0.050429
-10.750000 -0.043577
-10.700000 -0.057281
-10.650000 -0.067559
-10.600000 -0.067558
-10.550000 -0.074411
-10.500000 -0.064133
-10.450000 -0.040151
-10.400000 -0.012744
-10.350000 0.021514
-10.300000 0.066051
-10.250000 0.100310
-10.200000 0.131143
-10.150000 0.155124
-10.100000 0.148272
-10.050000 0.103735
-10.000000 0.059199
-9.950000 -0.005892
-9.900000 -0.098392
-9.850000 -0.170335
-9.800000 -0.214872
-9.750000 -0.262834
-9.700000 -0.303945
-9.650000 -0.300519
-9.600000 -0.273112
-9.550000 -0.245705
-9.500000 -0.184039
-9.450000 -0.094966
-9.400000 -0.023022
-9.350000 0.028366
-9.300000 0.096884
-9.250000 0.158550
-9.200000 0.196235
-9.150000 0.220217
-9.100000 0.227068
-9.050000 0.227068
-9.000000 0.220216
-8.950000 0.199660
-8.900000 0.172254
-8.850000 0.155124
-8.800000 0.137995
-8.750000 0.103736
-8.700000 0.059199
-8.650000 0.000959
-8.600000 -0.064132
-8.550000 -0.115521
-8.500000 -0.173761
-8.450000 -0.255982
-8.400000 -0.310797
-8.350000 -0.334779
-8.300000 -0.362185
-8.250000 -0.389593
-8.200000 -0.369037
-8.150000 -0.351907
-8.100000 -0.358759
-8.050000 -0.345056
-8.000000 -0.317648
-7.950000 -0.317649
-7.900000 -0.331352
-7.850000 -0.314223
-7.800000 -0.297093
-7.750000 -0.279964
-7.700000 -0.232001
-7.650000 -0.153206
-7.600000 -0.053855
-7.550000 0.059200
-7.500000 0.179105
-7.450000 0.295586
-7.400000 0.418918
-7.350000 0.525121
-7.300000 0.573083
-7.250000 0.552528
-7.200000 0.494288
-7.150000 0.405214
-7.100000 0.275030
-7.050000 0.137995
-7.000000 0.014663
-6.950000 -0.098391
-6.900000 -0.204594
-6.850000 -0.266260
-6.800000 -0.255982
-6.750000 -0.170336
-6.700000 -0.057281
-6.650000 0.072903
-6.600000 0.223642
-6.550000 0.370956
-6.500000 0.490861
-6.450000 0.586787
-6.400000 0.651879
-6.350000 0.665582
-6.300000 0.627897
-6.250000 0.545675
-6.200000 0.418918
-6.150000 0.295586
-6.100000 0.192809
-6.050000 0.093458
-6.000000 -0.002467
-5.950000 -0.060707
-5.900000 -0.074410
-5.850000 -0.070984
-5.800000 -0.064133
-5.750000 -0.029874
-5.700000 0.014663
-5.650000 0.048922
-5.600000 0.083181
-5.550000 0.127717
-5.500000 0.155125
-5.450000 0.158550
-5.400000 0.175679
-5.350000 0.233919
-5.300000 0.299012
-5.250000 0.340122
-5.200000 0.370956
-5.150000 0.405214
-5.100000 0.439473
-5.050000 0.449751
-5.000000 0.439473
-4.950000 0.401789
-4.900000 0.329845
-4.850000 0.237345
-4.800000 0.127718
-4.750000 0.011237
-4.700000 -0.077837
-4.650000 -0.115521
-4.600000 -0.122373
-4.550000 -0.112095
-4.500000 -0.057281
-4.450000 0.038644
-4.400000 0.134569
-4.350000 0.233919
-4.300000 0.336696
-4.250000 0.412066
-4.200000 0.456602
-4.150000 0.480584
-4.100000 0.473732
-4.050000 0.425769
-4.000000 0.346974
-3.950000 0.254475
-3.900000 0.151698
-3.850000 0.059199
-3.800000 -0.016170
-3.750000 -0.098392
-3.700000 -0.180613
-3.650000 -0.228576
-3.600000 -0.262835
-3.550000 -0.290241
-3.500000 -0.273112
-3.450000 -0.197742
-3.400000 -0.197743
-3.350000 -0.286815
-3.300000 -0.283390
-3.250000 -0.190891
-3.200000 -0.221724
-3.150000 -0.355333
-3.100000 -0.362185
-3.050000 -0.314222
-3.000000 -0.403296
-2.950000 -0.540332
-2.900000 -0.605424
-2.850000 -0.694496
-2.800000 -0.725330
-2.750000 -0.564313
-2.700000 -0.427278
-2.650000 -0.488944
-2.600000 -0.430703
-2.550000 -0.187465
-2.500000 -0.108670
-2.450000 -0.156632
-2.400000 -0.012744
-2.350000 0.127717
-2.300000 0.011237
-2.250000 -0.047003
-2.200000 0.117439
-2.150000 0.120865
-2.100000 -0.115521
-2.050000 -0.252557
-2.000000 -0.187465
-1.950000 -0.070985
-1.900000 0.055773
-1.850000 0.127717
-1.800000 0.066051
-1.750000 0.035218
-1.700000 0.120865
-1.650000 0.110588
-1.600000 0.024941
-1.550000 0.096884
-1.500000 0.230494
-1.450000 0.206512
-1.400000 0.148272
-1.350000 0.120866
-1.300000 0.024941
-1.250000 0.055774
-1.200000 0.322993
-1.150000 0.405214
-1.100000 0.209939
-1.050000 0.251049
-1.000000 0.535398
-0.950000 0.566231
-0.900000 0.463455
-0.850000 0.573083
-0.800000 0.634749
-0.750000 0.449751
-0.700000 0.333270
-0.650000 0.346974
-0.600000 0.254475
-0.550000 0.131143
-0.500000 0.161976
-0.450000 0.244197
-0.400000 0.261326
-0.350000 0.299011
-0.300000 0.367529
-0.250000 0.439474
-0.200000 0.528546
-0.150000 0.603916
-0.100000 0.641601
-0.050000 0.692989
0.000000 0.675859
0.050000 0.538824
0.100000 0.453177
0.150000 0.473732
0.200000 0.367530
0.250000 0.151698
0.300000 0.127717
0.350000 0.285308
0.400000 0.367530
0.450000 0.405214
0.500000 0.531972
0.550000 0.648453
0.600000 0.682712
0.650000 0.744378
0.700000 0.860858
0.750000 0.994467
0.800000 1.182892
0.850000 1.460388
0.900000 1.854365
0.950000 2.443619
1.000000 3.324072
1.050000 4.512856
1.100000 6.009971
1.150000 7.849673
1.200000 10.038818
1.250000 12.529440
1.300000 15.191352
1.350000 17.911514
1.400000 20.710469
1.450000 23.588212
1.500000 26.380309
1.550000 29.007970
1.600000 31.532851
1.650000 33.934403
1.700000 36.044749
1.750000 37.874179
1.800000 39.576839
1.850000 41.118499
1.900000 42.382649
1.950000 43.376149
2.000000 44.119569
2.050000 44.575219
2.100000 44.725949
2.150000 44.544379
2.200000 43.985959
2.250000 43.098649
2.300000 41.954409
2.350000 40.518959
2.400000 38.799169
2.450000 36.894369
2.500000 34.821709
2.550000 32.594879
2.600000 30.344069
2.650000 28.141219
2.700000 25.873279
2.750000 23.588209
2.800000 21.505279
2.850000 19.641588
2.900000 17.887531
2.950000 16.339029
3.000000 15.126261
3.050000 14.167017
3.100000 13.437301
3.150000 13.026191
3.200000 12.906290
3.250000 12.961104
3.300000 13.221472
3.350000 13.697669
3.400000 14.297197
3.450000 14.948117
3.500000 15.633294
3.550000 16.287640
3.600000 16.880315
3.650000 17.411328
3.700000 17.849848
3.750000 18.141051
3.800000 18.288365
3.850000 18.329468
3.900000 18.271228
3.950000 18.079380
4.000000 17.747072
4.050000 17.308559
4.100000 16.787821
4.150000 16.160883
4.200000 15.417465
4.250000 14.574695
4.300000 13.690816
4.350000 12.813788
4.400000 11.923057
4.450000 10.994640
4.500000 10.086780
4.550000 9.254288
4.600000 8.473185
4.650000 7.764026
4.700000 7.181625
4.750000 6.732834
4.800000 6.393670
4.850000 6.150432
4.900000 6.006545
4.950000 5.948305
5.000000 5.972285
5.050000 6.078489
5.100000 6.239505
5.150000 6.417651
5.200000 6.606075
5.250000 6.811628
5.300000 7.037737
5.350000 7.270698
5.400000 7.503659
5.450000 7.757174
5.500000 7.993561
5.550000 8.195688
5.600000 8.373834
5.650000 8.486889
5.700000 8.504018
5.750000 8.445778
5.800000 8.349854
5.850000 8.178559
5.900000 7.911340
5.950000 7.568751
6.000000 7.157644
6.050000 6.698575
6.100000 6.215524
6.150000 5.684511
6.200000 5.150072
6.250000 4.680725
6.300000 4.259340
6.350000 3.810549
6.400000 3.413145
6.450000 3.104816
6.500000 2.827318
6.550000 2.566951
6.600000 2.385379
6.650000 2.289454
6.700000 2.258621
6.750000 2.286028
6.800000 2.340842
6.850000 2.416212
6.900000 2.515562
6.950000 2.649173
7.000000 2.796485
7.050000 2.943799
7.100000 3.077409
7.150000 3.183611
7.200000 3.289813
7.250000 3.396016
7.300000 3.464534
7.350000 3.498793
7.400000 3.539904
7.450000 3.584440
7.500000 3.584441
7.550000 3.557033
7.600000 3.557033
7.650000 3.570737
7.700000 3.536478
7.750000 3.457682
7.800000 3.375461
7.850000 3.265833
7.900000 3.111667
7.950000 2.940373
8.000000 2.714264
8.050000 2.402508
8.100000 2.073623
8.150000 1.792699
8.200000 1.552887
8.250000 1.313075
8.300000 1.080115
8.350000 0.888265
8.400000 0.744377
8.450000 0.638175
8.500000 0.552527
8.550000 0.514843
8.600000 0.542250
8.650000 0.573083
8.700000 0.590212
8.750000 0.631322
8.800000 0.696415
8.850000 0.764932
8.900000 0.830024
8.950000 0.908820
9.000000 1.004745
9.050000 1.090392
9.100000 1.182891
9.150000 1.282242
9.200000 1.395296
9.250000 1.484369
9.300000 1.504924
9.350000 1.487795
9.400000 1.474092
9.450000 1.439833
9.500000 1.337056
9.550000 1.200020
9.600000 1.062985
9.650000 0.905394
9.700000 0.747803
9.750000 0.627897
9.800000 0.535398
9.850000 0.456603
9.900000 0.412066
9.950000 0.422344
10.000000 0.463455
10.050000 0.507991
10.100000 0.552528
10.150000 0.603915
10.200000 0.648453
10.250000 0.638175
10.300000 0.583361
10.350000 0.542250
10.400000 0.507991
10.450000 0.418918
10.500000 0.288734
10.550000 0.185958
10.600000 0.103736
10.650000 0.007811
10.700000 -0.101817
10.750000 -0.173762
10.800000 -0.187464
10.850000 -0.180613
10.900000 -0.180613
10.950000 -0.170336
11.000000 -0.112095
11.050000 -0.023022
11.100000 0.059199
11.150000 0.124292
11.200000 0.227068
11.250000 0.340122
11.300000 0.429196
11.350000 0.514843
11.400000 0.638175
11.450000 0.754655
11.500000 0.864283
11.550000 0.994467
11.600000 1.100670
11.650000 1.152058
11.700000 1.210299
11.750000 1.282242
11.800000 1.306223
11.850000 1.258261
11.900000 1.193169
11.950000 1.114374
12.000000 0.991041
12.050000 0.806043
12.100000 0.590212
12.150000 0.370955
12.200000 0.158550
12.250000 -0.057281
12.300000 -0.276537
12.350000 -0.485518
12.400000 -0.670515
12.450000 -0.828107
12.500000 -0.961716
12.550000 -1.057641
12.600000 -1.102177
12.650000 -1.102177
12.700000 -1.061066
12.750000 -1.013104
12.800000 -0.958290
12.850000 -0.865791
12.900000 -0.763015
12.950000 -0.673941
13.000000 -0.578016
13.050000 -0.454684
13.100000 -0.358759
13.150000 -0.310797
13.200000 -0.252557
13.250000 -0.184039
13.300000 -0.139503
13.350000 -0.101818
13.400000 -0.060706
13.450000 -0.057281
13.500000 -0.112095
13.550000 -0.163484
13.600000 -0.197743
13.650000 -0.242279
13.700000 -0.297093
13.750000 -0.348482
13.800000 -0.375888
13.850000 -0.399870
13.900000 -0.434129
13.950000 -0.475240
14.000000 -0.471814
14.050000 -0.420425
14.100000 -0.369037
14.150000 -0.331352
14.200000 -0.279964
14.250000 -0.221724
14.300000 -0.218298
14.350000 -0.242279
14.400000 -0.245705
14.450000 -0.249131
14.500000 -0.307371
14.550000 -0.406721
14.600000 -0.512925
14.650000 -0.629405
14.700000 -0.756162
14.750000 -0.862365
14.800000 -0.930883
14.850000 -0.982272
14.900000 -0.999401
14.950000 -0.961716
15.000000 -0.886346
15.050000 -0.790421
15.100000 -0.663664
15.150000 -0.530054
15.200000 -0.396444
15.250000 -0.279964
15.300000 -0.204594
15.350000 -0.214872
15.400000 -0.262834
15.450000 -0.338204
15.500000 -0.499221
15.550000 -0.701349
15.600000 -0.855513
15.650000 -1.009679
15.700000 -1.194676
15.750000 -1.314582
15.800000 -1.331712
15.850000 -1.352267
15.900000 -1.369397
15.950000 -1.300879
16.000000 -1.184399
16.050000 -1.085049
16.100000 -0.978845
16.150000 -0.845236
16.200000 -0.739033
16.250000 -0.670516
16.300000 -0.601998
16.350000 -0.536905
16.400000 -0.495795
16.450000 -0.471814
16.500000 -0.454685
16.550000 -0.430703
16.600000 -0.413573
16.650000 -0.403295
16.700000 -0.396444
16.750000 -0.386166
16.800000 -0.399870
16.850000 -0.447833
16.900000 -0.475239
16.950000 -0.454684
17.000000 -0.430703
17.050000 -0.440980
17.100000 -0.458110
17.150000 -0.464962
17.200000 -0.475240
17.250000 -0.516350
17.300000 -0.584868
17.350000 -0.656811
17.400000 -0.697922
17.450000 -0.739034
17.500000 -0.810977
17.550000 -0.865792
17.600000 -0.893198
17.650000 -0.924031
17.700000 -0.961716
17.750000 -0.971994
17.800000 -0.934308
17.850000 -0.893198
17.900000 -0.872643
17.950000 -0.865791
18.000000 -0.876068
18.050000 -0.917180
18.100000 -0.968568
18.150000 -1.009679
18.200000 -1.078196
18.250000 -1.174122
18.300000 -1.249491
18.350000 -1.287176
18.400000 -1.297453
18.450000 -1.256343
18.500000 -1.167270
18.550000 -1.057641
18.600000 -0.913753
18.650000 -0.742460
18.700000 -0.567739
18.750000 -0.389592
18.800000 -0.214872
18.850000 -0.067558
18.900000 0.042070
18.950000 0.120865
19.000000 0.144846
19.050000 0.096884
19.100000 0.007811
19.150000 -0.084688
19.200000 -0.190890
19.250000 -0.331352
19.300000 -0.492369
19.350000 -0.629405
19.400000 -0.718477
19.450000 -0.780144
19.500000 -0.841810
19.550000 -0.886347
19.600000 -0.882920
19.650000 -0.862365
19.700000 -0.882921
19.750000 -0.927457
19.800000 -0.944586
19.850000 -0.961716
19.900000 -1.023382
19.950000 -1.091900
20.000000 -1.139863
20.050000 -1.187825
20.100000 -1.235787
20.150000 -1.259769
20.200000 -1.222084
20.250000 -1.156992
20.300000 -1.078196
20.350000 -0.985698
20.400000 -0.869217
20.450000 -0.742459
20.500000 -0.629404
20.550000 -0.533479
20.600000 -0.461536
20.650000 -0.437555
20.700000 -0.451258
20.750000 -0.475240
20.800000 -0.509498
20.850000 -0.574590
20.900000 -0.673942
20.950000 -0.800699
21.000000 -0.934309
21.050000 -1.057641
21.100000 -1.136436
21.150000 -1.180973
21.200000 -1.191251
21.250000 -1.160417
21.300000 -1.085048
21.350000 -0.978846
21.400000 -0.848661
21.450000 -0.711626
21.500000 -0.608849
21.550000 -0.516351
21.600000 -0.447833
21.650000 -0.461536
21.700000 -0.540332
21.750000 -0.649960
21.800000 -0.790421
21.850000 -0.958290
21.900000 -1.095326
21.950000 -1.218658
22.000000 -1.328286
22.050000 -1.355694
22.100000 -1.311157
22.150000 -1.276898
22.200000 -1.218658
22.250000 -1.102178
22.300000 -0.995975
22.350000 -0.930883
22.400000 -0.872643
22.450000 -0.852087
22.500000 -0.900050
22.550000 -0.951438
22.600000 -0.995975
22.650000 -1.098752
22.700000 -1.215231
22.750000 -1.276898
22.800000 -1.321434
22.850000 -1.407082
22.900000 -1.468748
22.950000 -1.479025
23.000000 -1.503007
23.050000 -1.547544
23.100000 -1.564673
23.150000 -1.571524
23.200000 -1.588654
23.250000 -1.592080
23.300000 -1.585228
23.350000 -1.585228
23.400000 -1.564673
23.450000 -1.523562
23.500000 -1.492729
23.550000 -1.448192
23.600000 -1.389952
23.650000 -1.348841
23.700000 -1.338564
23.750000 -1.321434
23.800000 -1.276898
23.850000 -1.222084
23.900000 -1.177547
23.950000 -1.122733
24.000000 -1.023382
24.050000 -0.893198
24.100000 -0.776718
24.150000 -0.670516
24.200000 -0.543757
24.250000 -0.427277
24.300000 -0.345055
24.350000 -0.297093
24.400000 -0.300519
24.450000 -0.372463
24.500000 -0.485517
24.550000 -0.632830
24.600000 -0.824680
24.650000 -1.033660
24.700000 -1.208380
24.750000 -1.352267
24.800000 -1.489303
24.850000 -1.605783
24.900000 -1.681153
24.950000 -1.705134
25.000000 -1.674301
25.050000 -1.612635
25.100000 -1.561247
25.150000 -1.516710
25.200000 -1.461896
25.250000 -1.410508
25.300000 -1.372823
25.350000 -1.362546
25.400000 -1.348842
25.450000 -1.321434
25.500000 -1.287176
25.550000 -1.259768
25.600000 -1.204954
25.650000 -1.112455
25.700000 -1.030233
25.750000 -0.965142
25.800000 -0.879495
25.850000 -0.790422
25.900000 -0.735607
25.950000 -0.694496
26.000000 -0.684219
26.050000 -0.728756
26.100000 -0.786996
26.150000 -0.821254
26.200000 -0.876068
26.250000 -0.954865
26.300000 -1.006253
26.350000 -1.006253
26.400000 -0.978846
26.450000 -0.927457
26.500000 -0.848661
26.550000 -0.752737
26.600000 -0.667090
26.650000 -0.622553
26.700000 -0.636256
26.750000 -0.687644
26.800000 -0.769866
26.850000 -0.893198
26.900000 -1.057641
26.950000 -1.242639
27.000000 -1.407082
27.050000 -1.516710
27.100000 -1.547543
27.150000 -1.530414
27.200000 -1.482451
27.250000 -1.376249
27.300000 -1.208380
27.350000 -1.033660
27.400000 -0.865791
27.450000 -0.701349
27.500000 -0.578016
27.550000 -0.523203
27.600000 -0.512925
27.650000 -0.530054
27.700000 -0.574590
27.750000 -0.656812
27.800000 -0.759588
27.850000 -0.876069
27.900000 -1.002826
27.950000 -1.119307
28.000000 -1.194676
28.050000 -1.232361
28.100000 -1.252917
28.150000 -1.242639
28.200000 -1.184399
28.250000 -1.098752
28.300000 -1.002826
28.350000 -0.893198
28.400000 -0.769866
28.450000 -0.656812
28.500000 -0.571165
28.550000 -0.512924
28.600000 -0.475240
28.650000 -0.464962
28.700000 -0.475240
28.750000 -0.519776
28.800000 -0.608850
28.850000 -0.732182
28.900000 -0.862365
28.950000 -0.992549
29.000000 -1.115881
29.050000 -1.218658
29.100000 -1.297454
29.150000 -1.341990
29.200000 -1.335138
29.250000 -1.283750
29.300000 -1.239213
29.350000 -1.204954
29.400000 -1.156992
29.450000 -1.109029
29.500000 -1.105603
29.550000 -1.112455
29.600000 -1.139863
29.650000 -1.204954
29.700000 -1.273472
29.750000 -1.300879
29.800000 -1.304305
29.850000 -1.304305
29.900000 -1.270046
29.950000 -1.191251
30.000000 -1.091900
30.050000 -0.971994
30.100000 -0.828106
30.150000 -0.697922
30.200000 -0.601997
30.250000 -0.536906
30.300000 -0.519776
30.350000 -0.540332
30.400000 -0.584868
30.450000 -0.663664
30.500000 -0.776718
30.550000 -0.879495
30.600000 -0.934309
30.650000 -0.978845
30.700000 -1.030234
30.750000 -1.050789
30.800000 -1.037085
30.850000 -1.033660
30.900000 -1.040511
30.950000 -1.033659
31.000000 -1.023382
31.050000 -1.033659
31.100000 -1.061066
31.150000 -1.115881
31.200000 -1.170695
31.250000 -1.204954
31.300000 -1.208380
31.350000 -1.198103
31.400000 -1.167269
31.450000 -1.102177
31.500000 -1.013104
31.550000 -0.927457
31.600000 -0.831533
31.650000 -0.715052
31.700000 -0.601998
31.750000 -0.516350
31.800000 -0.478666
31.850000 -0.488943
31.900000 -0.506073
31.950000 -0.536905
32.000000 -0.619127
32.050000 -0.742459
32.100000 -0.858939
32.150000 -0.975419
32.200000 -1.095326
32.250000 -1.187825
32.300000 -1.273472
32.350000 -1.348841
32.400000 -1.365971
32.450000 -1.348842
32.500000 -1.362545
32.550000 -1.359119
32.600000 -1.297453
32.650000 -1.242639
32.700000 -1.228936
32.750000 -1.194676
32.800000 -1.126159
32.850000 -1.102178
32.900000 -1.115881
32.950000 -1.143289
33.000000 -1.167269
33.050000 -1.218658
33.100000 -1.280324
33.150000 -1.338564
33.200000 -1.369396
33.250000 -1.362545
33.300000 -1.338564
33.350000 -1.311157
33.400000 -1.256343
33.450000 -1.167269
33.500000 -1.067919
33.550000 -0.965142
33.600000 -0.872643
33.650000 -0.810977
33.700000 -0.780144
33.750000 -0.769866
33.800000 -0.780143
33.850000 -0.821255
33.900000 -0.872643
33.950000 -0.927457
34.000000 -0.982271
34.050000 -1.016530
34.100000 -1.019956
34.150000 -1.002827
34.200000 -0.968568
34.250000 -0.903476
34.300000 -0.828106
34.350000 -0.763015
34.400000 -0.721904
34.450000 -0.711626
34.500000 -0.742459
34.550000 -0.804125
34.600000 -0.886347
34.650000 -0.985697
34.700000 -1.109030
34.750000 -1.222084
34.800000 -1.290602
34.850000 -1.345416
34.900000 -1.365971
34.950000 -1.318009
35.000000 -1.204954
35.050000 -1.081622
35.100000 -0.961716
35.150000 -0.838384
35.200000 -0.697923
35.250000 -0.588294
35.300000 -0.550609
35.350000 -0.588294
35.400000 -0.649960
35.450000 -0.756163
35.500000 -0.906901
35.550000 -1.064492
35.600000 -1.194676
35.650000 -1.300879
35.700000 -1.383100
35.750000 -1.427637
35.800000 -1.420785
35.850000 -1.376249
35.900000 -1.314583
35.950000 -1.235787
36.000000 -1.126158
36.050000 -0.995974
36.100000 -0.889772
36.150000 -0.821254
36.200000 -0.759588
36.250000 -0.704774
36.300000 -0.691070
36.350000 -0.691070
36.400000 -0.673941
36.450000 -0.660238
36.500000 -0.677367
36.550000 -0.691071
36.600000 -0.684218
36.650000 -0.697923
36.700000 -0.735607
36.750000 -0.773292
36.800000 -0.821255
36.850000 -0.900050
36.900000 -0.985697
36.950000 -1.071344
37.000000 -1.156992
37.050000 -1.249491
37.100000 -1.338564
37.150000 -1.410508
37.200000 -1.458470
37.250000 -1.489303
37.300000 -1.482451
37.350000 -1.413933
37.400000 -1.300879
37.450000 -1.191250
37.500000 -1.115881
37.550000 -1.040511
37.600000 -0.937735
37.650000 -0.858939
37.700000 -0.848662
37.750000 -0.882921
37.800000 -0.930883
37.850000 -0.999401
37.900000 -1.098751
37.950000 -1.198103
38.000000 -1.273472
38.050000 -1.331713
38.100000 -1.386526
38.150000 -1.420785
38.200000 -1.413934
38.250000 -1.386527
38.300000 -1.359119
38.350000 -1.311156
38.400000 -1.239213
38.450000 -1.184398
38.500000 -1.143288
38.550000 -1.102178
38.600000 -1.095326
38.650000 -1.115881
38.700000 -1.139863
38.750000 -1.156992
38.800000 -1.201528
38.850000 -1.242639
38.900000 -1.280323
38.950000 -1.318008
39.000000 -1.331713
39.050000 -1.297453
39.100000 -1.270046
39.150000 -1.259768
39.200000 -1.222083
39.250000 -1.167269
39.300000 -1.136436
39.350000 -1.098752
39.400000 -0.999401
39.450000 -0.882920
39.500000 -0.810977
39.550000 -0.763014
39.600000 -0.694497
39.650000 -0.639682
39.700000 -0.636256
39.750000 -0.656811
39.800000 -0.687645
39.850000 -0.759589
39.900000 -0.896624
39.950000 -1.071344
40.000000 -1.256343
40.050000 -1.437915
40.100000 -1.592080
40.150000 -1.711986
40.200000 -1.797633
40.250000 -1.828466
40.300000 -1.811337
40.350000 -1.766800
40.400000 -1.674301
40.450000 -1.547543
40.500000 -1.410508
40.550000 -1.290601
40.600000 -1.204954
40.650000 -1.156991
40.700000 -1.126159
40.750000 -1.102178
40.800000 -1.105603
40.850000 -1.139862
40.900000 -1.174121
40.950000 -1.180973
41.000000 -1.163843
41.050000 -1.139862
41.100000 -1.091900
41.150000 -1.013105
41.200000 -0.920605
41.250000 -0.848661
41.300000 -0.821255
41.350000 -0.797273
41.400000 -0.780143
41.450000 -0.821254
41.500000 -0.900050
41.550000 -0.965142
41.600000 -1.026808
41.650000 -1.098751
41.700000 -1.156992
41.750000 -1.191251
41.800000 -1.191250
41.850000 -1.156992
41.900000 -1.112455
41.950000 -1.081622
42.000000 -1.067918
42.050000 -1.067919
42.100000 -1.102178
42.150000 -1.160418
42.200000 -1.239213
42.250000 -1.352267
42.300000 -1.475599
42.350000 -1.598932
42.400000 -1.715412
42.450000 -1.804485
42.500000 -1.842170
42.550000 -1.831892
42.600000 -1.770226
42.650000 -1.650320
42.700000 -1.465322
42.750000 -1.239213
42.800000 -0.992549
42.850000 -0.728756
42.900000 -0.464962
42.950000 -0.255982
43.000000 -0.101817
43.050000 0.014662
43.100000 0.042070
43.150000 -0.026448
43.200000 -0.125799
43.250000 -0.259408
43.300000 -0.444407
43.350000 -0.643108
43.400000 -0.810977
43.450000 -0.968568
43.500000 -1.085048
43.550000 -1.160417
43.600000 -1.201529
43.650000 -1.201528
43.700000 -1.163844
43.750000 -1.133010
43.800000 -1.115881
43.850000 -1.098752
43.900000 -1.085048
43.950000 -1.102177
44.000000 -1.146715
44.050000 -1.201528
44.100000 -1.270046
44.150000 -1.335138
44.200000 -1.369397
44.250000 -1.379675
44.300000 -1.389952
44.350000 -1.383100
44.400000 -1.348841
44.450000 -1.290602
44.500000 -1.215232
44.550000 -1.139862
44.600000 -1.064492
44.650000 -0.978846
44.700000 -0.900050
44.750000 -0.838384
44.800000 -0.780144
44.850000 -0.745885
44.900000 -0.739033
44.950000 -0.708200
45.000000 -0.660238
45.050000 -0.653386
45.100000 -0.673942
45.150000 -0.667090
45.200000 -0.677367
45.250000 -0.718478
45.300000 -0.739033
45.350000 -0.745885
45.400000 -0.756163
45.450000 -0.773292
45.500000 -0.807551
45.550000 -0.872642
45.600000 -0.930883
45.650000 -0.961716
45.700000 -0.995975
45.750000 -1.050789
45.800000 -1.105603
45.850000 -1.126158
45.900000 -1.115881
45.950000 -1.112455
46.000000 -1.112455
46.050000 -1.081622
46.100000 -1.016530
46.150000 -0.948013
46.200000 -0.893198
46.250000 -0.817829
46.300000 -0.749311
46.350000 -0.718478
46.400000 -0.701349
46.450000 -0.677367
46.500000 -0.673942
46.550000 -0.701349
46.600000 -0.715052
46.650000 -0.721903
46.700000 -0.756163
46.750000 -0.786996
46.800000 -0.810977
46.850000 -0.845236
46.900000 -0.893198
46.950000 -0.930883
47.000000 -0.975420
47.050000 -1.019956
47.100000 -1.064493
47.150000 -1.119307
47.200000 -1.156992
47.250000 -1.150140
47.300000 -1.126159
47.350000 -1.091899
47.400000 -1.026808
47.450000 -0.948012
47.500000 -0.872642
47.550000 -0.793848
47.600000 -0.704774
47.650000 -0.670515
47.700000 -0.663663
47.750000 -0.653386
47.800000 -0.656812
47.850000 -0.701348
47.900000 -0.742459
47.950000 -0.769867
48.000000 -0.793848
48.050000 -0.793847
48.100000 -0.776718
48.150000 -0.783570
48.200000 -0.780144
48.250000 -0.742459
48.300000 -0.718478
48.350000 -0.732182
48.400000 -0.718478
48.450000 -0.687645
48.500000 -0.708200
48.550000 -0.759589
48.600000 -0.800700
48.650000 -0.831532
48.700000 -0.865791
48.750000 -0.889773
48.800000 -0.924031
48.850000 -0.961716
48.900000 -0.975420
48.950000 -0.978845
49.000000 -1.002827
49.050000 -1.050789
49.100000 -1.091900
49.150000 -1.115881
49.200000 -1.133010
49.250000 -1.139862
49.300000 -1.119307
49.350000 -1.081622
49.400000 -1.030233
49.450000 -0.958290
49.500000 -0.869217
49.550000 -0.804125
49.600000 -0.752737
49.650000 -0.715052
49.700000 -0.691071
49.750000 -0.684219
49.800000 -0.684219
49.850000 -0.701348
49.900000 -0.739033
49.950000 -0.780144
50.000000 -0.807551
50.050000 -0.838384
50.100000 -0.876069
50.150000 -0.900050
50.200000 -0.876069
50.250000 -0.817828
50.300000 -0.773292
50.350000 -0.708201
50.400000 -0.605423
50.450000 -0.495795
50.500000 -0.413573
50.550000 -0.345056
50.600000 -0.293667
50.650000 -0.279964
50.700000 -0.300519
50.750000 -0.324501
50.800000 -0.365611
50.850000 -0.454684
50.900000 -0.588294
50.950000 -0.715052
51.000000 -0.852088
51.050000 -1.002827
51.100000 -1.136436
51.150000 -1.228936
51.200000 -1.304305
51.250000 -1.369397
51.300000 -1.431063
51.350000 -1.461896
51.400000 -1.461896
51.450000 -1.441340
51.500000 -1.431063
51.550000 -1.417360
51.600000 -1.372822
51.650000 -1.352267
51.700000 -1.386526
51.750000 -1.424212
51.800000 -1.458470
51.850000 -1.537266
51.900000 -1.646894
51.950000 -1.739393
52.000000 -1.859299
52.050000 -1.999761
52.100000 -2.112815
52.150000 -2.191611
52.200000 -2.246424
52.250000 -2.256703
52.300000 -2.201888
52.350000 -2.112815
52.400000 -1.979205
52.450000 -1.814763
52.500000 -1.629765
52.550000 -1.431063
52.600000 -1.228935
52.650000 -1.067918
52.700000 -0.975419
52.750000 -0.920605
52.800000 -0.889772
52.850000 -0.906902
52.900000 -0.965142
52.950000 -1.047364
53.000000 -1.143288
53.050000 -1.252916
53.100000 -1.359119
53.150000 -1.417359
53.200000 -1.417359
53.250000 -1.396804
53.300000 -1.365971
53.350000 -1.297453
53.400000 -1.174121
53.450000 -1.061067
53.500000 -0.989123
53.550000 -0.944587
53.600000 -0.889772
53.650000 -0.862365
53.700000 -0.889772
53.750000 -0.958290
53.800000 -1.030234
53.850000 -1.088474
53.900000 -1.160418
53.950000 -1.242639
54.000000 -1.297453
54.050000 -1.338564
54.100000 -1.376249
54.150000 -1.383100
54.200000 -1.359119
54.250000 -1.352267
54.300000 -1.348842
54.350000 -1.359119
54.400000 -1.400230
54.450000 -1.458470
54.500000 -1.503006
54.550000 -1.530414
54.600000 -1.540691
54.650000 -1.530413
54.700000 -1.506432
54.750000 -1.472173
54.800000 -1.386527
54.850000 -1.273472
54.900000 -1.187825
54.950000 -1.129585
55.000000 -1.074771
55.050000 -1.061067
55.100000 -1.115881
55.150000 -1.180973
55.200000 -1.232361
55.250000 -1.311157
55.300000 -1.403656
55.350000 -1.455044
55.400000 -1.485877
55.450000 -1.523562
55.500000 -1.523562
55.550000 -1.482452
55.600000 -1.424211
55.650000 -1.341990
55.700000 -1.263194
55.750000 -1.204955
55.800000 -1.136436
55.850000 -1.085048
55.900000 -1.088474
55.950000 -1.105603
56.000000 -1.088474
56.050000 -1.085048
56.100000 -1.098752
56.150000 -1.088474
56.200000 -1.085048
56.250000 -1.091899
56.300000 -1.061067
56.350000 -0.982272
56.400000 -0.920605
56.450000 -0.879495
56.500000 -0.810976
56.550000 -0.728755
56.600000 -0.691070
56.650000 -0.694496
56.700000 -0.704774
56.750000 -0.721904
56.800000 -0.752737
56.850000 -0.807551
56.900000 -0.889772
56.950000 -0.989123
57.000000 -1.102177
57.050000 -1.218658
57.100000 -1.328286
57.150000 -1.403655
57.200000 -1.465322
57.250000 -1.516710
57.300000 -1.544117
57.350000 -1.554395
57.400000 -1.533840
57.450000 -1.485877
57.500000 -1.407082
57.550000 -1.311157
57.600000 -1.187825
57.650000 -1.054215
57.700000 -0.965142
57.750000 -0.906902
57.800000 -0.848661
57.850000 -0.797274
57.900000 -0.786996
57.950000 -0.800700
58.000000 -0.810977
58.050000 -0.834958
58.100000 -0.900050
58.150000 -0.968567
58.200000 -1.030234
58.250000 -1.122733
58.300000 -1.222084
58.350000 -1.294028
58.400000 -1.362545
58.450000 -1.441341
58.500000 -1.482451
58.550000 -1.465322
58.600000 -1.417360
58.650000 -1.359119
58.700000 -1.283750
58.750000 -1.194677
58.800000 -1.112455
58.850000 -1.054215
58.900000 -0.989123
58.950000 -0.924032
59.000000 -0.889772
59.050000 -0.906902
59.100000 -0.937734
59.150000 -0.985698
59.200000 -1.047363
59.250000 -1.098752
59.300000 -1.156991
59.350000 -1.239213
59.400000 -1.314582
59.450000 -1.352267
59.500000 -1.376249
59.550000 -1.393378
59.600000 -1.413934
59.650000 -1.431063
59.700000 -1.437915
59.750000 -1.407082
59.800000 -1.355693
59.850000 -1.290601
59.900000 -1.218657
59.950000 -1.126158
60.000000 -1.016531
60.050000 -0.903476
60.100000 -0.814403
60.150000 -0.735607
60.200000 -0.649960
60.250000 -0.598572
60.300000 -0.595146
60.350000 -0.612275
60.400000 -0.605423
60.450000 -0.598571
60.500000 -0.636257
60.550000 -0.697922
60.600000 -0.728755
60.650000 -0.732181
60.700000 -0.745885
60.750000 -0.776718
60.800000 -0.790422
60.850000 -0.793847
60.900000 -0.834958
60.950000 -0.886346
61.000000 -0.903476
61.050000 -0.903476
61.100000 -0.941160
61.150000 -0.999401
61.200000 -1.006253
61.250000 -0.985697
61.300000 -1.009679
61.350000 -1.047364
61.400000 -1.071345
61.450000 -1.088474
61.500000 -1.112455
61.550000 -1.115881
61.600000 -1.085048
61.650000 -1.054215
61.700000 -1.043937
61.750000 -1.030234
61.800000 -0.985698
61.850000 -0.941160
61.900000 -0.924031
61.950000 -0.917179
62.000000 -0.906902
62.050000 -0.893198
62.100000 -0.900050
62.150000 -0.951439
62.200000 -1.009679
62.250000 -1.054215
62.300000 -1.115881
62.350000 -1.180973
62.400000 -1.208380
62.450000 -1.242639
62.500000 -1.276898
62.550000 -1.256343
62.600000 -1.194677
62.650000 -1.167270
62.700000 -1.167270
62.750000 -1.136436
62.800000 -1.102178
62.850000 -1.091900
62.900000 -1.078197
62.950000 -1.033660
63.000000 -0.989123
63.050000 -0.975419
63.100000 -0.965142
63.150000 -0.944587
63.200000 -0.937735
63.250000 -0.978845
63.300000 -1.040512
63.350000 -1.112455
63.400000 -1.184399
63.450000 -1.225509
63.500000 -1.259769
63.550000 -1.297454
63.600000 -1.318009
63.650000 -1.297453
63.700000 -1.239213
63.750000 -1.143288
63.800000 -1.016530
63.850000 -0.882920
63.900000 -0.752736
63.950000 -0.632831
64.000000 -0.543757
64.050000 -0.488943
64.100000 -0.471814
64.150000 -0.492369
64.200000 -0.530054
64.250000 -0.564313
64.300000 -0.608849
64.350000 -0.680793
64.400000 -0.739033
64.450000 -0.756162
64.500000 -0.769866
64.550000 -0.800699
64.600000 -0.800700
64.650000 -0.776718
64.700000 -0.766441
64.750000 -0.769866
64.800000 -0.756163
64.850000 -0.721903
64.900000 -0.677367
64.950000 -0.608849
65.000000 -0.540331
65.050000 -0.471814
65.100000 -0.403296
65.150000 -0.324501
65.200000 -0.235427
65.250000 -0.149780
65.300000 -0.094965
65.350000 -0.081263
65.400000 -0.077836
65.450000 -0.098392
65.500000 -0.156632
65.550000 -0.242279
65.600000 -0.345056
65.650000 -0.471813
65.700000 -0.605423
65.750000 -0.704774
65.800000 -0.766440
65.850000 -0.821255
65.900000 -0.862365
65.950000 -0.882920
66.000000 -0.869217
66.050000 -0.834958
66.100000 -0.810977
66.150000 -0.807551
66.200000 -0.807551
66.250000 -0.807551
66.300000 -0.848662
66.350000 -0.920605
66.400000 -0.958290
66.450000 -0.978845
66.500000 -1.033660
66.550000 -1.085048
66.600000 -1.081622
66.650000 -1.057641
66.700000 -1.040511
66.750000 -0.978845
66.800000 -0.906902
66.850000 -0.862365
66.900000 -0.807551
66.950000 -0.739033
67.000000 -0.701348
67.050000 -0.697922
67.100000 -0.697923
67.150000 -0.694497
67.200000 -0.694497
67.250000 -0.704775
67.300000 -0.721904
67.350000 -0.735607
67.400000 -0.718478
67.450000 -0.697922
67.500000 -0.684219
67.550000 -0.646534
67.600000 -0.567739
67.650000 -0.482091
67.700000 -0.393018
67.750000 -0.290241
67.800000 -0.218297
67.850000 -0.170335
67.900000 -0.146354
67.950000 -0.160058
68.000000 -0.235427
68.050000 -0.338204
68.100000 -0.451258
68.150000 -0.571164
68.200000 -0.687645
68.250000 -0.800699
68.300000 -0.910328
68.350000 -0.995975
68.400000 -1.019956
68.450000 -1.006253
68.500000 -0.958290
68.550000 -0.876069
68.600000 -0.780144
68.650000 -0.721904
68.700000 -0.694497
68.750000 -0.653386
68.800000 -0.619127
68.850000 -0.615701
68.900000 -0.649960
68.950000 -0.704774
69.000000 -0.763015
69.050000 -0.810977
69.100000 -0.845236
69.150000 -0.865791
69.200000 -0.872643
69.250000 -0.882920
69.300000 -0.913753
69.350000 -0.930883
69.400000 -0.917179
69.450000 -0.906902
69.500000 -0.948013
69.550000 -1.013105
69.600000 -1.067919
69.650000 -1.112455
69.700000 -1.129585
69.750000 -1.136436
69.800000 -1.156992
69.850000 -1.163843
69.900000 -1.122733
69.950000 -1.054215
70.000000 -0.971993
70.050000 -0.872643
70.100000 -0.773292
70.150000 -0.673941
70.200000 -0.571165
70.250000 -0.499221
70.300000 -0.461537
70.350000 -0.434129
70.400000 -0.440981
70.450000 -0.495795
70.500000 -0.564313
70.550000 -0.646534
70.600000 -0.773292
70.650000 -0.889773
70.700000 -0.965142
70.750000 -1.061066
70.800000 -1.167269
70.850000 -1.218658
70.900000 -1.239213
70.950000 -1.263195
71.000000 -1.259769
71.050000 -1.232361
71.100000 -1.232361
71.150000 -1.246065
71.200000 -1.228935
71.250000 -1.208380
71.300000 -1.208380
71.350000 -1.198102
71.400000 -1.191251
71.450000 -1.201528
71.500000 -1.187825
71.550000 -1.156992
71.600000 -1.156992
71.650000 -1.174121
71.700000 -1.187824
71.750000 -1.208380
71.800000 -1.246065
71.850000 -1.290601
71.900000 -1.345415
71.950000 -1.410508
72.000000 -1.444766
72.050000 -1.479025
72.100000 -1.516710
72.150000 -1.506433
72.200000 -1.434489
72.250000 -1.359120
72.300000 -1.290601
72.350000 -1.187825
72.400000 -1.074770
72.450000 -0.968568
72.500000 -0.879495
72.550000 -0.817829
72.600000 -0.800699
72.650000 -0.814403
72.700000 -0.838384
72.750000 -0.882921
72.800000 -0.927457
72.850000 -0.944586
72.900000 -0.954864
72.950000 -0.958290
73.000000 -0.900050
73.050000 -0.821255
73.100000 -0.776718
73.150000 -0.742459
73.200000 -0.684219
73.250000 -0.643108
73.300000 -0.636257
73.350000 -0.643108
73.400000 -0.663664
73.450000 -0.694496
73.500000 -0.715051
73.550000 -0.759588
73.600000 -0.807551
73.650000 -0.828106
73.700000 -0.824681
73.750000 -0.828106
73.800000 -0.807551
73.850000 -0.749311
73.900000 -0.697922
73.950000 -0.660237
74.000000 -0.646534
74.050000 -0.649960
74.100000 -0.653386
74.150000 -0.670516
74.200000 -0.739033
74.250000 -0.831533
74.300000 -0.917179
74.350000 -0.982272
74.400000 -1.043937
74.450000 -1.098751
74.500000 -1.133011
74.550000 -1.122733
74.600000 -1.061067
74.650000 -0.975419
74.700000 -0.862365
74.750000 -0.721904
74.800000 -0.578017
74.850000 -0.482092
74.900000 -0.434129
74.950000 -0.417000
75.000000 -0.413574
75.050000 -0.427277
75.100000 -0.471814
75.150000 -0.533479
75.200000 -0.591720
75.250000 -0.653386
75.300000 -0.708200
75.350000 -0.725329
75.400000 -0.701348
75.450000 -0.677367
75.500000 -0.670516
75.550000 -0.643108
75.600000 -0.605423
75.650000 -0.615701
75.700000 -0.653386
75.750000 -0.677367
75.800000 -0.701349
75.850000 -0.756163
75.900000 -0.807551
75.950000 -0.838384
76.000000 -0.862366
76.050000 -0.893198
76.100000 -0.920605
76.150000 -0.941160
76.200000 -0.951438
76.250000 -0.951438
76.300000 -0.961716
76.350000 -0.975420
76.400000 -0.992549
76.450000 -0.982272
76.500000 -0.965142
76.550000 -0.951438
76.600000 -0.944587
76.650000 -0.927457
76.700000 -0.920605
76.750000 -0.934309
76.800000 -0.944587
76.850000 -0.965141
76.900000 -1.019956
76.950000 -1.081623
77.000000 -1.133011
77.050000 -1.180973
77.100000 -1.228936
77.150000 -1.252916
77.200000 -1.239213
77.250000 -1.208380
77.300000 -1.174121
77.350000 -1.105604
77.400000 -1.009679
77.450000 -0.930883
77.500000 -0.872643
77.550000 -0.807551
77.600000 -0.756163
77.650000 -0.745884
77.700000 -0.759588
77.750000 -0.773292
77.800000 -0.769866
77.850000 -0.773292
77.900000 -0.814403
77.950000 -0.852087
78.000000 -0.862365
78.050000 -0.876069
78.100000 -0.889773
78.150000 -0.882921
78.200000 -0.879495
78.250000 -0.910327
78.300000 -0.934309
78.350000 -0.920605
78.400000 -0.910328
78.450000 -0.920606
78.500000 -0.927457
78.550000 -0.924032
78.600000 -0.927457
78.650000 -0.937735
78.700000 -0.937734
78.750000 -0.917180
78.800000 -0.879494
78.850000 -0.852088
78.900000 -0.831532
78.950000 -0.807551
79.000000 -0.786996
79.050000 -0.769866
79.100000 -0.759589
79.150000 -0.759589
79.200000 -0.763015
79.250000 -0.769866
79.300000 -0.780144
79.350000 -0.797273
79.400000 -0.790422
79.450000 -0.783569
79.500000 -0.804125
79.550000 -0.848661
79.600000 -0.872643
79.650000 -0.886347
79.700000 -0.924031
79.750000 -0.968568
79.800000 -1.019956
79.850000 -1.071344
79.900000 -1.098751
79.950000 -1.098752
80.000000 -1.088474
80.050000 -1.074771
80.100000 -1.071344
80.150000 -1.064493
80.200000 -1.043938
80.250000 -1.016530
80.300000 -1.013105
80.350000 -1.037085
80.400000 -1.074771
80.450000 -1.126159
80.500000 -1.167269
80.550000 -1.180973
80.600000 -1.187824
80.650000 -1.194677
80.700000 -1.170695
80.750000 -1.098751
80.800000 -0.982271
80.850000 -0.845235
80.900000 -0.701349
80.950000 -0.554035
81.000000 -0.382741
81.050000 -0.214872
81.100000 -0.118947
81.150000 -0.067559
81.200000 -0.005892
81.250000 0.038644
81.300000 0.018089
81.350000 -0.050429
81.400000 -0.125799
81.450000 -0.221724
81.500000 -0.358759
81.550000 -0.506073
81.600000 -0.639682
81.650000 -0.773292
81.700000 -0.910327
81.750000 -1.006253
81.800000 -1.067918
81.850000 -1.129585
81.900000 -1.170696
81.950000 -1.174121
82.000000 -1.150140
82.050000 -1.098752
82.100000 -1.006252
82.150000 -0.910327
82.200000 -0.838384
82.250000 -0.769867
82.300000 -0.677367
82.350000 -0.591720
82.400000 -0.536905
82.450000 -0.516350
82.500000 -0.502647
82.550000 -0.478666
82.600000 -0.440981
82.650000 -0.423852
82.700000 -0.447833
82.750000 -0.471814
82.800000 -0.488943
82.850000 -0.506073
82.900000 -0.512925
82.950000 -0.502647
83.000000 -0.488943
83.050000 -0.461536
83.100000 -0.434129
83.150000 -0.444407
83.200000 -0.482091
83.250000 -0.519776
83.300000 -0.560887
83.350000 -0.598572
83.400000 -0.639682
83.450000 -0.697922
83.500000 -0.773292
83.550000 -0.807551
83.600000 -0.790422
83.650000 -0.759588
83.700000 -0.721903
83.750000 -0.646535
83.800000 -0.536905
83.850000 -0.417000
83.900000 -0.314223
83.950000 -0.211446
84.000000 -0.122373
84.050000 -0.064133
84.100000 -0.036726
84.150000 -0.016170
84.200000 0.007811
84.250000 0.014662
84.300000 0.004385
84.350000 -0.019596
84.400000 -0.067559
84.450000 -0.136077
84.500000 -0.238853
84.550000 -0.372463
84.600000 -0.516350
84.650000 -0.656812
84.700000 -0.793848
84.750000 -0.930883
84.800000 -1.064493
84.850000 -1.170695
84.900000 -1.242639
84.950000 -1.287176
85.000000 -1.290601
85.050000 -1.249491
85.100000 -1.187825
85.150000 -1.119307
85.200000 -1.037085
85.250000 -0.958290
85.300000 -0.913753
85.350000 -0.882921
85.400000 -0.862365
85.450000 -0.855513
85.500000 -0.845236
85.550000 -0.824680
85.600000 -0.817829
85.650000 -0.817828
85.700000 -0.817828
85.750000 -0.821254
85.800000 -0.817828
85.850000 -0.793847
85.900000 -0.783570
85.950000 -0.783570
86.000000 -0.739033
86.050000 -0.708200
86.100000 -0.735607
86.150000 -0.763014
86.200000 -0.728756
86.250000 -0.701349
86.300000 -0.701349
86.350000 -0.697922
86.400000 -0.680793
86.450000 -0.684219
86.500000 -0.704774
86.550000 -0.739033
86.600000 -0.807551
86.650000 -0.896624
86.700000 -0.985697
86.750000 -1.098752
86.800000 -1.204955
86.850000 -1.276898
86.900000 -1.341990
86.950000 -1.383101
87.000000 -1.362545
87.050000 -1.287176
87.100000 -1.194676
87.150000 -1.074770
87.200000 -0.971993
87.250000 -0.913754
87.300000 -0.872643
87.350000 -0.848662
87.400000 -0.896624
87.450000 -0.999401
87.500000 -1.112455
87.550000 -1.218657
87.600000 -1.335138
87.650000 -1.441340
87.700000 -1.492729
87.750000 -1.482452
87.800000 -1.400230
87.850000 -1.263194
87.900000 -1.091900
87.950000 -0.886347
88.000000 -0.670515
88.050000 -0.495795
88.100000 -0.386166
88.150000 -0.279964
88.200000 -0.187465
88.250000 -0.190891
88.300000 -0.273112
88.350000 -0.341630
88.400000 -0.406722
88.450000 -0.533480
88.500000 -0.677367
88.550000 -0.749310
88.600000 -0.769866
88.650000 -0.773292
88.700000 -0.742459
88.750000 -0.663663
88.800000 -0.554035
88.850000 -0.434129
88.900000 -0.317649
88.950000 -0.235428
89.000000 -0.208020
89.050000 -0.218298
89.100000 -0.269687
89.150000 -0.386167
89.200000 -0.543757
89.250000 -0.701348
89.300000 -0.872643
89.350000 -1.061066
89.400000 -1.208380
89.450000 -1.300879
89.500000 -1.376249
89.550000 -1.417360
89.600000 -1.400230
89.650000 -1.359120
89.700000 -1.318009
89.750000 -1.259769
89.800000 -1.191251
89.850000 -1.146714
89.900000 -1.126159
89.950000 -1.102178
90.000000 -1.067919
90.050000 -1.050789
90.100000 -1.023382
90.150000 -0.968568
90.200000 -0.896625
90.250000 -0.855513
90.300000 -0.858940
90.350000 -0.865791
90.400000 -0.841810
90.450000 -0.814403
90.500000 -0.841810
90.550000 -0.882920
90.600000 -0.893198
90.650000 -0.900050
90.700000 -0.920606
90.750000 -0.910328
90.800000 -0.845236
90.850000 -0.735608
90.900000 -0.612276
90.950000 -0.499220
91.000000 -0.403296
91.050000 -0.321074
91.100000 -0.283389
91.150000 -0.300519
91.200000 -0.331353
91.250000 -0.365611
91.300000 -0.437555
91.350000 -0.554035
91.400000 -0.649960
91.450000 -0.711626
91.500000 -0.763015
91.550000 -0.780144
91.600000 -0.749311
91.650000 -0.684219
91.700000 -0.608849
91.750000 -0.506072
91.800000 -0.403296
91.850000 -0.348482
91.900000 -0.327926
91.950000 -0.317649
92.000000 -0.348482
92.050000 -0.427277
92.100000 -0.516351
92.150000 -0.598572
92.200000 -0.687644
92.250000 -0.766441
92.300000 -0.838384
92.350000 -0.893198
92.400000 -0.893198
92.450000 -0.841810
92.500000 -0.786996
92.550000 -0.732181
92.600000 -0.670515
92.650000 -0.625979
92.700000 -0.608849
92.750000 -0.605424
92.800000 -0.601998
92.850000 -0.636257
92.900000 -0.704775
92.950000 -0.773292
93.000000 -0.821255
93.050000 -0.872643
93.100000 -0.930883
93.150000 -0.995975
93.200000 -1.061067
93.250000 -1.119307
93.300000 -1.167269
93.350000 -1.194676
93.400000 -1.211806
93.450000 -1.266621
93.500000 -1.328286
93.550000 -1.321434
93.600000 -1.266620
93.650000 -1.239213
93.700000 -1.198102
93.750000 -1.081622
93.800000 -0.930883
93.850000 -0.790421
93.900000 -0.639682
93.950000 -0.482091
94.000000 -0.351908
94.050000 -0.245705
94.100000 -0.187465
94.150000 -0.180613
94.200000 -0.190890
94.250000 -0.211446
94.300000 -0.279964
94.350000 -0.351907
94.400000 -0.382740
94.450000 -0.427277
94.500000 -0.502646
94.550000 -0.554035
94.600000 -0.574590
94.650000 -0.608850
94.700000 -0.636256
94.750000 -0.629405
94.800000 -0.605423
94.850000 -0.588294
94.900000 -0.547183
94.950000 -0.499221
95.000000 -0.468388
95.050000 -0.447832
95.100000 -0.413573
95.150000 -0.348482
95.200000 -0.283390
95.250000 -0.245705
95.300000 -0.252557
95.350000 -0.283390
95.400000 -0.331353
95.450000 -0.399870
95.500000 -0.488943
95.550000 -0.584868
95.600000 -0.673941
95.650000 -0.732181
95.700000 -0.763014
95.750000 -0.766440
95.800000 -0.718478
95.850000 -0.646534
95.900000 -0.608849
95.950000 -0.564313
96.000000 -0.468388
96.050000 -0.396444
96.100000 -0.389592
96.150000 -0.396444
96.200000 -0.389592
96.250000 -0.434129
96.300000 -0.516351
96.350000 -0.581442
96.400000 -0.622553
96.450000 -0.663664
96.500000 -0.708200
96.550000 -0.742459
96.600000 -0.749311
96.650000 -0.732181
96.700000 -0.711626
96.750000 -0.684219
96.800000 -0.660238
96.850000 -0.646534
96.900000 -0.653386
96.950000 -0.673941
97.000000 -0.708200
97.050000 -0.786996
97.100000 -0.900050
97.150000 -1.023382
97.200000 -1.126158
97.250000 -1.208380
97.300000 -1.287175
97.350000 -1.355694
97.400000 -1.369397
97.450000 -1.314582
97.500000 -1.225509
97.550000 -1.150140
97.600000 -1.050789
97.650000 -0.896624
97.700000 -0.745885
97.750000 -0.629405
97.800000 -0.506072
97.850000 -0.393018
97.900000 -0.345056
97.950000 -0.331352
98.000000 -0.297093
98.050000 -0.283390
98.100000 -0.331352
98.150000 -0.410148
98.200000 -0.475239
98.250000 -0.533480
98.300000 -0.595146
98.350000 -0.677367
98.400000 -0.793847
98.450000 -0.913754
98.500000 -0.999401
98.550000 -1.085048
98.600000 -1.191250
98.650000 -1.290602
98.700000 -1.376248
98.750000 -1.455044
98.800000 -1.499580
98.850000 -1.485878
98.900000 -1.465322
98.950000 -1.461896
99.000000 -1.420785
99.050000 -1.318009
99.100000 -1.191250
99.150000 -1.081622
99.200000 -0.968568
99.250000 -0.831532
99.300000 -0.711626
99.350000 -0.629404
99.400000 -0.560887
99.450000 -0.492369
99.500000 -0.447833
99.550000 -0.423851
99.600000 -0.382740
99.650000 -0.355334
99.700000 -0.355333
99.750000 -0.341630
99.800000 -0.297093
99.850000 -0.242279
99.900000 -0.201168
99.950000 -0.177187
100.000000 -0.136077
100.050000 -0.074410
100.100000 -0.053855
100.150000 -0.081262
100.200000 -0.118947
100.250000 -0.156632
100.300000 -0.221724
100.350000 -0.303945
100.400000 -0.396444
100.450000 -0.492369
100.500000 -0.554035
100.550000 -0.571164
100.600000 -0.605423
100.650000 -0.656811
100.700000 -0.667089
100.750000 -0.646535
100.800000 -0.643109
100.850000 -0.656812
100.900000 -0.656812
100.950000 -0.656812
101.000000 -0.677367
101.050000 -0.721904
101.100000 -0.797273
101.150000 -0.882920
101.200000 -0.965142
101.250000 -1.057641
101.300000 -1.170695
101.350000 -1.259768
101.400000 -1.297453
101.450000 -1.304305
101.500000 -1.307731
101.550000 -1.290601
101.600000 -1.239214
101.650000 -1.153566
101.700000 -1.067919
101.750000 -0.995975
101.800000 -0.906901
101.850000 -0.804125
101.900000 -0.739033
101.950000 -0.704774
102.000000 -0.660238
102.050000 -0.619127
102.100000 -0.619127
102.150000 -0.656812
102.200000 -0.684219
102.250000 -0.704775
102.300000 -0.745884
102.350000 -0.800699
102.400000 -0.852087
102.450000 -0.886346
102.500000 -0.900050
102.550000 -0.876068
102.600000 -0.841810
102.650000 -0.814402
102.700000 -0.766441
102.750000 -0.694496
102.800000 -0.632830
102.850000 -0.591720
102.900000 -0.574591
102.950000 -0.608849
103.000000 -0.673941
103.050000 -0.735607
103.100000 -0.807551
103.150000 -0.910328
103.200000 -0.978846
103.250000 -1.013104
103.300000 -1.047364
103.350000 -1.050789
103.400000 -0.992549
103.450000 -0.906902
103.500000 -0.824680
103.550000 -0.711626
103.600000 -0.598572
103.650000 -0.533480
103.700000 -0.530054
103.750000 -0.567739
103.800000 -0.653386
103.850000 -0.773292
103.900000 -0.879495
103.950000 -0.985697
104.000000 -1.091900
104.050000 -1.156992
104.100000 -1.163844
104.150000 -1.153566
104.200000 -1.133010
104.250000 -1.081622
104.300000 -1.006253
104.350000 -0.930883
104.400000 -0.858940
104.450000 -0.824680
104.500000 -0.800700
104.550000 -0.756163
104.600000 -0.725330
104.650000 -0.749310
104.700000 -0.756162
104.750000 -0.697923
104.800000 -0.639682
104.850000 -0.605423
104.900000 -0.540332
104.950000 -0.461536
105.000000 -0.410147
105.050000 -0.393018
105.100000 -0.386166
105.150000 -0.403296
105.200000 -0.437555
105.250000 -0.478666
105.300000 -0.533480
105.350000 -0.588294
105.400000 -0.601998
105.450000 -0.564313
105.500000 -0.516350
105.550000 -0.461536
105.600000 -0.389592
105.650000 -0.310797
105.700000 -0.245705
105.750000 -0.214872
105.800000 -0.235427
105.850000 -0.300519
105.900000 -0.403296
105.950000 -0.533480
106.000000 -0.701348
106.050000 -0.886346
106.100000 -1.057641
106.150000 -1.194676
106.200000 -1.297453
106.250000 -1.372823
106.300000 -1.386526
106.350000 -1.335138
106.400000 -1.228935
106.450000 -1.074770
106.500000 -0.903476
106.550000 -0.769866
106.600000 -0.653386
106.650000 -0.530054
106.700000 -0.454684
106.750000 -0.434129
106.800000 -0.434129
106.850000 -0.461536
106.900000 -0.550610
106.950000 -0.663664
107.000000 -0.766440
107.050000 -0.841810
107.100000 -0.869217
107.150000 -0.855514
107.200000 -0.821254
107.250000 -0.766440
107.300000 -0.697922
107.350000 -0.639683
107.400000 -0.591719
107.450000 -0.530054
107.500000 -0.482092
107.550000 -0.468388
107.600000 -0.471814
107.650000 -0.509498
107.700000 -0.588294
107.750000 -0.694496
107.800000 -0.797273
107.850000 -0.893199
107.900000 -0.985697
107.950000 -1.061067
108.000000 -1.119307
108.050000 -1.163843
108.100000 -1.167269
108.150000 -1.115881
108.200000 -1.064493
108.250000 -1.033660
108.300000 -0.985698
108.350000 -0.906902
108.400000 -0.807551
108.450000 -0.697922
108.500000 -0.595145
108.550000 -0.506073
108.600000 -0.416999
108.650000 -0.358759
108.700000 -0.334778
108.750000 -0.314223
108.800000 -0.293668
108.850000 -0.300519
108.900000 -0.345055
108.950000 -0.403296
109.000000 -0.447832
109.050000 -0.488943
109.100000 -0.543757
109.150000 -0.601998
109.200000 -0.649960
109.250000 -0.694497
109.300000 -0.739033
109.350000 -0.776718
109.400000 -0.783570
109.450000 -0.773292
109.500000 -0.752737
109.550000 -0.708200
109.600000 -0.629405
109.650000 -0.536905
109.700000 -0.464962
109.750000 -0.406722
109.800000 -0.338204
109.850000 -0.276538
109.900000 -0.255983
109.950000 -0.279964
110.000000 -0.314223
110.050000 -0.351908
110.100000 -0.403296
110.150000 -0.478665
110.200000 -0.564313
110.250000 -0.643108
110.300000 -0.715052
110.350000 -0.797273
110.400000 -0.879495
110.450000 -0.930883
110.500000 -0.941161
110.550000 -0.961716
110.600000 -0.992549
110.650000 -1.013104
110.700000 -1.002826
110.750000 -0.992549
110.800000 -0.985698
110.850000 -0.982271
110.900000 -0.989123
110.950000 -1.013105
111.000000 -1.033660
111.050000 -1.057641
111.100000 -1.067919
111.150000 -1.050789
111.200000 -1.026808
111.250000 -1.002826
111.300000 -0.948013
111.350000 -0.858939
111.400000 -0.752736
111.450000 -0.639683
111.500000 -0.526628
111.550000 -0.410148
111.600000 -0.307371
111.650000 -0.235427
111.700000 -0.208020
111.750000 -0.197742
111.800000 -0.214872
111.850000 -0.252557
111.900000 -0.314223
111.950000 -0.375889
112.000000 -0.427277
112.050000 -0.482091
112.100000 -0.547183
112.150000 -0.601998
112.200000 -0.622553
112.250000 -0.625979
112.300000 -0.632830
112.350000 -0.629405
112.400000 -0.598572
112.450000 -0.557461
112.500000 -0.530054
112.550000 -0.509498
112.600000 -0.475240
112.650000 -0.434129
112.700000 -0.410147
112.750000 -0.406722
112.800000 -0.393018
112.850000 -0.393018
112.900000 -0.430703
112.950000 -0.461536
113.000000 -0.468387
113.050000 -0.485517
113.100000 -0.506073
113.150000 -0.509498
113.200000 -0.509498
113.250000 -0.526628
113.300000 -0.550610
113.350000 -0.557461
113.400000 -0.554035
113.450000 -0.557461
113.500000 -0.557460
113.550000 -0.557461
113.600000 -0.547183
113.650000 -0.547183
113.700000 -0.560887
113.750000 -0.571165
113.800000 -0.578017
113.850000 -0.578016
113.900000 -0.591719
113.950000 -0.612275
114.000000 -0.605423
114.050000 -0.567738
114.100000 -0.523202
114.150000 -0.471814
114.200000 -0.420425
114.250000 -0.393018
114.300000 -0.389592
114.350000 -0.389593
114.400000 -0.382741
114.450000 -0.399870
114.500000 -0.430703
114.550000 -0.478665
114.600000 -0.530053
114.650000 -0.571164
114.700000 -0.595145
114.750000 -0.625979
114.800000 -0.646534
114.850000 -0.615701
114.900000 -0.571165
114.950000 -0.536905
115.000000 -0.499220
115.050000 -0.468388
115.100000 -0.478666
115.150000 -0.509498
115.200000 -0.533480
115.250000 -0.591720
115.300000 -0.656812
115.350000 -0.680793
115.400000 -0.691071
115.450000 -0.711626
115.500000 -0.704775
115.550000 -0.660238
115.600000 -0.619127
115.650000 -0.605423
115.700000 -0.608849
115.750000 -0.601998
115.800000 -0.595146
115.850000 -0.619127
115.900000 -0.649960
115.950000 -0.667089
116.000000 -0.715052
116.050000 -0.800699
116.100000 -0.858939
116.150000 -0.906902
116.200000 -0.961716
116.250000 -0.982271
116.300000 -0.992549
116.350000 -1.033659
116.400000 -1.078196
116.450000 -1.098752
116.500000 -1.136437
116.550000 -1.180973
116.600000 -1.187824
116.650000 -1.198102
116.700000 -1.242639
116.750000 -1.273472
116.800000 -1.270046
116.850000 -1.283750
116.900000 -1.328286
116.950000 -1.355694
117.000000 -1.365971
117.050000 -1.400230
117.100000 -1.434489
117.150000 -1.437915
117.200000 -1.417359
117.250000 -1.369397
117.300000 -1.287176
117.350000 -1.184399
117.400000 -1.081623
117.450000 -0.968568
117.500000 -0.855514
117.550000 -0.773292
117.600000 -0.715052
117.650000 -0.684219
117.700000 -0.677367
117.750000 -0.718477
117.800000 -0.780144
117.850000 -0.865791
117.900000 -0.937735
117.950000 -0.961716
118.000000 -0.951438
118.050000 -0.944587
118.100000 -0.913753
118.150000 -0.834958
118.200000 -0.725330
118.250000 -0.636256
118.300000 -0.574590
118.350000 -0.540331
118.400000 -0.540332
118.450000 -0.578016
118.500000 -0.636257
118.550000 -0.701349
118.600000 -0.769867
118.650000 -0.821255
118.700000 -0.841810
118.750000 -0.845236
118.800000 -0.828106
118.850000 -0.766441
118.900000 -0.646534
118.950000 -0.519777
119.000000 -0.430703
119.050000 -0.382740
119.100000 -0.358759
119.150000 -0.362185
119.200000 -0.406722
119.250000 -0.488943
119.300000 -0.588294
119.350000 -0.691071
119.400000 -0.800699
119.450000 -0.917179
119.500000 -1.006252
119.550000 -1.057641
119.600000 -1.074771
119.650000 -1.050789
119.700000 -0.975420
119.750000 -0.869217
119.800000 -0.766441
119.850000 -0.680793
119.900000 -0.601997
119.950000 -0.550609
120.000000 -0.533480
120.050000 -0.554036
120.100000 -0.560887
120.150000 -0.550609
120.200000 -0.543757
120.250000 -0.547183
120.300000 -0.547184
120.350000 -0.554035
120.400000 -0.547183
120.450000 -0.495795
120.500000 -0.458110
120.550000 -0.461536
120.600000 -0.461536
120.650000 -0.458110
120.700000 -0.471814
120.750000 -0.485517
120.800000 -0.495795
120.850000 -0.543757
120.900000 -0.605423
120.950000 -0.608850
121.000000 -0.550610
121.050000 -0.475239
121.100000 -0.403296
121.150000 -0.321074
121.200000 -0.218298
121.250000 -0.101817
121.300000 0.004385
121.350000 0.076328
121.400000 0.117439
121.450000 0.127717
121.500000 0.086607
121.550000 -0.026448
121.600000 -0.163484
121.650000 -0.300520
121.700000 -0.478666
121.750000 -0.680793
121.800000 -0.838384
121.850000 -0.944587
121.900000 -1.030234
121.950000 -1.057641
122.000000 -1.009679
122.050000 -0.937735
122.100000 -0.869217
122.150000 -0.756162
122.200000 -0.615702
122.250000 -0.499221
122.300000 -0.413573
122.350000 -0.345056
122.400000 -0.297093
122.450000 -0.297094
122.500000 -0.341630
122.550000 -0.396444
122.600000 -0.413574
122.650000 -0.437555
122.700000 -0.478665
122.750000 -0.482091
122.800000 -0.440981
122.850000 -0.382741
122.900000 -0.314223
122.950000 -0.242279
123.000000 -0.194317
123.050000 -0.163483
123.100000 -0.122373
123.150000 -0.118947
123.200000 -0.160058
123.250000 -0.232002
123.300000 -0.338204
123.350000 -0.485518
123.400000 -0.619127
123.450000 -0.725330
123.500000 -0.858939
123.550000 -0.965142
123.600000 -0.992549
123.650000 -0.958290
123.700000 -0.903476
123.750000 -0.790422
123.800000 -0.643109
123.850000 -0.499220
123.900000 -0.375889
123.950000 -0.279963
124.000000 -0.228575
124.050000 -0.201168
124.100000 -0.211447
124.150000 -0.290241
124.200000 -0.434129
124.250000 -0.598572
124.300000 -0.749310
124.350000 -0.886347
124.400000 -1.006252
124.450000 -1.119307
124.500000 -1.222084
124.550000 -1.311157
124.600000 -1.369397
124.650000 -1.413934
124.700000 -1.475600
124.750000 -1.523562
124.800000 -1.540691
124.850000 -1.585228
124.900000 -1.660597
124.950000 -1.711985
125.000000 -1.739393
125.050000 -1.749671
125.100000 -1.725689
125.150000 -1.657172
125.200000 -1.554395
125.250000 -1.420785
125.300000 -1.273472
125.350000 -1.126159
125.400000 -0.965142
125.450000 -0.810976
125.500000 -0.715052
125.550000 -0.646534
125.600000 -0.591719
125.650000 -0.578017
125.700000 -0.591720
125.750000 -0.608849
125.800000 -0.639682
125.850000 -0.697922
125.900000 -0.739033
125.950000 -0.780144
126.000000 -0.858940
126.050000 -0.930883
126.100000 -0.951439
126.150000 -0.954864
126.200000 -0.968568
126.250000 -0.961716
126.300000 -0.930883
126.350000 -0.886347
126.400000 -0.834958
126.450000 -0.769866
126.500000 -0.701348
126.550000 -0.636256
126.600000 -0.567739
126.650000 -0.502647
126.700000 -0.434129
126.750000 -0.365611
126.800000 -0.310797
126.850000 -0.286815
126.900000 -0.293667
126.950000 -0.317649
127.000000 -0.324501
127.050000 -0.334778
127.100000 -0.375889
127.150000 -0.437555
127.200000 -0.488943
127.250000 -0.543757
127.300000 -0.629404
127.350000 -0.697922
127.400000 -0.756163
127.450000 -0.814402
127.500000 -0.882921
127.550000 -0.944587
127.600000 -0.992549
127.650000 -1.023382
127.700000 -1.047363
127.750000 -1.054215
127.800000 -1.019956
127.850000 -0.951438
127.900000 -0.879495
127.950000 -0.780144
128.000000 -0.656812
128.050000 -0.536906
128.100000 -0.423851
128.150000 -0.321074
128.200000 -0.238853
128.250000 -0.177187
128.300000 -0.129225
128.350000 -0.094965
128.400000 -0.091540
128.450000 -0.112095
128.500000 -0.153206
128.550000 -0.190890
128.600000 -0.235427
128.650000 -0.286815
128.700000 -0.348482
128.750000 -0.393018
128.800000 -0.403296
128.850000 -0.406722
128.900000 -0.437555
128.950000 -0.461536
129.000000 -0.464962
129.050000 -0.488943
129.100000 -0.540332
129.150000 -0.605423
129.200000 -0.680793
129.250000 -0.745885
129.300000 -0.759589
129.350000 -0.759589
129.400000 -0.783570
129.450000 -0.786996
129.500000 -0.766440
129.550000 -0.756163
129.600000 -0.749311
129.650000 -0.715052
129.700000 -0.677367
129.750000 -0.677367
129.800000 -0.684219
129.850000 -0.677368
129.900000 -0.687645
129.950000 -0.694496
130.000000 -0.673942
130.050000 -0.636257
130.100000 -0.615701
130.150000 -0.578016
130.200000 -0.512925
130.250000 -0.475240
130.300000 -0.464962
130.350000 -0.458110
130.400000 -0.482091
130.450000 -0.530054
130.500000 -0.584868
130.550000 -0.660238
130.600000 -0.756163
130.650000 -0.810976
130.700000 -0.852088
130.750000 -0.910327
130.800000 -0.924032
130.850000 -0.872643
130.900000 -0.814402
130.950000 -0.725330
131.000000 -0.564312
131.050000 -0.396444
131.100000 -0.290242
131.150000 -0.197742
131.200000 -0.094966
131.250000 -0.026448
131.300000 -0.012744
131.350000 -0.023022
131.400000 -0.043577
131.450000 -0.060707
131.500000 -0.070985
131.550000 -0.115521
131.600000 -0.177187
131.650000 -0.204594
131.700000 -0.214872
131.750000 -0.232001
131.800000 -0.252557
131.850000 -0.283390
131.900000 -0.355333
131.950000 -0.440981
132.000000 -0.516350
132.050000 -0.632830
132.100000 -0.749311
132.150000 -0.817829
132.200000 -0.879495
132.250000 -0.971994
132.300000 -1.030234
132.350000 -1.016530
132.400000 -0.975420
132.450000 -0.906901
132.500000 -0.793847
132.550000 -0.667090
132.600000 -0.550609
132.650000 -0.454684
132.700000 -0.389592
132.750000 -0.341630
132.800000 -0.324501
132.850000 -0.355334
132.900000 -0.437555
132.950000 -0.540332
133.000000 -0.670516
133.050000 -0.821255
133.100000 -0.948013
133.150000 -1.033660
133.200000 -1.109029
133.250000 -1.156992
133.300000 -1.133010
133.350000 -1.078196
133.400000 -1.047363
133.450000 -0.995975
133.500000 -0.896624
133.550000 -0.814403
133.600000 -0.763014
133.650000 -0.684219
133.700000 -0.608849
133.750000 -0.581442
133.800000 -0.584868
133.850000 -0.591720
133.900000 -0.595146
133.950000 -0.591720
134.000000 -0.581442
134.050000 -0.598572
134.100000 -0.625979
134.150000 -0.632831
134.200000 -0.632831
134.250000 -0.632830
134.300000 -0.632831
134.350000 -0.601997
134.400000 -0.516350
134.450000 -0.427277
134.500000 -0.362185
134.550000 -0.286815
134.600000 -0.204594
134.650000 -0.177187
134.700000 -0.197742
134.750000 -0.214872
134.800000 -0.232001
134.850000 -0.266261
134.900000 -0.324500
134.950000 -0.410148
135.000000 -0.506072
135.050000 -0.584868
135.100000 -0.636257
135.150000 -0.687645
135.200000 -0.739034
135.250000 -0.763014
135.300000 -0.776717
135.350000 -0.793847
135.400000 -0.790422
135.450000 -0.759589
135.500000 -0.701349
135.550000 -0.632830
135.600000 -0.581442
135.650000 -0.554036
135.700000 -0.516350
135.750000 -0.454684
135.800000 -0.403296
135.850000 -0.393018
135.900000 -0.406722
135.950000 -0.444406
136.000000 -0.502647
136.050000 -0.574590
136.100000 -0.667090
136.150000 -0.749311
136.200000 -0.773292
136.250000 -0.769866
136.300000 -0.786995
136.350000 -0.804125
136.400000 -0.745885
136.450000 -0.660238
136.500000 -0.608850
136.550000 -0.564313
136.600000 -0.495795
136.650000 -0.454684
136.700000 -0.458110
136.750000 -0.471814
136.800000 -0.475240
136.850000 -0.488943
136.900000 -0.516350
136.950000 -0.543757
137.000000 -0.571164
137.050000 -0.581443
137.100000 -0.584868
137.150000 -0.584868
137.200000 -0.581442
137.250000 -0.588294
137.300000 -0.625979
137.350000 -0.670516
137.400000 -0.725330
137.450000 -0.797273
137.500000 -0.876069
137.550000 -0.930883
137.600000 -0.954865
137.650000 -0.961716
137.700000 -0.958290
137.750000 -0.954865
137.800000 -0.903476
137.850000 -0.821254
137.900000 -0.797273
137.950000 -0.817829
138.000000 -0.804125
138.050000 -0.800700
138.100000 -0.869217
138.150000 -0.951439
138.200000 -0.989123
138.250000 -1.019956
138.300000 -1.057641
138.350000 -1.047364
138.400000 -0.989123
138.450000 -0.903476
138.500000 -0.790421
138.550000 -0.649960
138.600000 -0.523202
138.650000 -0.410148
138.700000 -0.317649
138.750000 -0.269686
138.800000 -0.283390
138.850000 -0.362186
138.900000 -0.478665
138.950000 -0.595146
139.000000 -0.680793
139.050000 -0.739033
139.100000 -0.786996
139.150000 -0.800699
139.200000 -0.756162
139.250000 -0.691071
139.300000 -0.625979
139.350000 -0.533480
139.400000 -0.427278
139.450000 -0.365611
139.500000 -0.338204
139.550000 -0.307371
139.600000 -0.283390
139.650000 -0.286815
139.700000 -0.314223
139.750000 -0.355334
139.800000 -0.420426
139.850000 -0.485517
139.900000 -0.564313
139.950000 -0.649960
140.000000 -0.721904
140.050000 -0.763014
140.100000 -0.821254
140.150000 -0.900050
140.200000 -0.948012
140.250000 -0.971994
140.300000 -1.013105
140.350000 -1.054215
140.400000 -1.033660
140.450000 -0.978845
140.500000 -0.927457
140.550000 -0.862365
140.600000 -0.759589
140.650000 -0.632830
140.700000 -0.502646
140.750000 -0.369037
140.800000 -0.259408
140.850000 -0.187465
140.900000 -0.142928
140.950000 -0.118947
141.000000 -0.129225
141.050000 -0.194317
141.100000 -0.307371
141.150000 -0.434129
141.200000 -0.578016
141.250000 -0.728755
141.300000 -0.876069
141.350000 -1.019956
141.400000 -1.115881
141.450000 -1.146714
141.500000 -1.143288
141.550000 -1.098752
141.600000 -0.982272
141.650000 -0.831532
141.700000 -0.680793
141.750000 -0.533479
141.800000 -0.372463
141.850000 -0.238853
141.900000 -0.160057
141.950000 -0.122373
142.000000 -0.108669
142.050000 -0.118947
142.100000 -0.177187
142.150000 -0.235428
142.200000 -0.252557
142.250000 -0.252556
142.300000 -0.266260
142.350000 -0.266260
142.400000 -0.235428
142.450000 -0.201169
142.500000 -0.170335
142.550000 -0.160058
142.600000 -0.184039
142.650000 -0.214872
142.700000 -0.283390
142.750000 -0.406722
142.800000 -0.543758
142.850000 -0.663663
142.900000 -0.807551
142.950000 -0.951438
143.000000 -1.026807
143.050000 -1.057641
143.100000 -1.105604
143.150000 -1.102177
143.200000 -1.002827
143.250000 -0.886347
143.300000 -0.790421
143.350000 -0.660238
143.400000 -0.495795
143.450000 -0.355333
143.500000 -0.225149
143.550000 -0.084689
143.600000 0.035218
143.650000 0.086607
143.700000 0.090033
143.750000 0.059199
143.800000 0.011237
143.850000 -0.057281
143.900000 -0.177187
143.950000 -0.317649
144.000000 -0.417000
144.050000 -0.499221
144.100000 -0.571165
144.150000 -0.598572
144.200000 -0.591720
144.250000 -0.601997
144.300000 -0.564313
144.350000 -0.447833
144.400000 -0.351907
144.450000 -0.317648
144.500000 -0.269687
144.550000 -0.201168
144.600000 -0.180613
144.650000 -0.218297
144.700000 -0.283390
144.750000 -0.386167
144.800000 -0.512925
144.850000 -0.622553
144.900000 -0.739033
144.950000 -0.872642
145.000000 -0.968567
145.050000 -1.026808
145.100000 -1.098751
145.150000 -1.126158
145.200000 -1.081622
145.250000 -1.043938
145.300000 -0.992549
145.350000 -0.862366
145.400000 -0.739033
145.450000 -0.673941
145.500000 -0.612275
145.550000 -0.526628
145.600000 -0.485517
145.650000 -0.471814
145.700000 -0.444406
145.750000 -0.444406
145.800000 -0.461536
145.850000 -0.471814
145.900000 -0.478666
145.950000 -0.492369
146.000000 -0.495795
146.050000 -0.516350
146.100000 -0.578016
146.150000 -0.639682
146.200000 -0.701349
146.250000 -0.810977
146.300000 -0.934309
146.350000 -1.026808
146.400000 -1.126159
146.450000 -1.256343
146.500000 -1.348841
146.550000 -1.383100
146.600000 -1.393379
146.650000 -1.372823
146.700000 -1.290601
146.750000 -1.184399
146.800000 -1.050789
146.850000 -0.879494
146.900000 -0.704774
146.950000 -0.578017
147.000000 -0.482091
147.050000 -0.406722
147.100000 -0.386166
147.150000 -0.427277
147.200000 -0.492369
147.250000 -0.571165
147.300000 -0.677367
147.350000 -0.797273
147.400000 -0.889773
147.450000 -0.941161
147.500000 -0.978845
147.550000 -0.971994
147.600000 -0.893198
147.650000 -0.797273
147.700000 -0.721904
147.750000 -0.601997
147.800000 -0.478665
147.850000 -0.430703
147.900000 -0.413573
147.950000 -0.389592
148.000000 -0.393018
148.050000 -0.434129
148.100000 -0.468388
148.150000 -0.509498
148.200000 -0.540332
148.250000 -0.523202
148.300000 -0.475240
148.350000 -0.420425
148.400000 -0.341630
148.450000 -0.232002
148.500000 -0.136076
148.550000 -0.067559
148.600000 -0.009318
148.650000 0.000959
148.700000 -0.047003
148.750000 -0.132651
148.800000 -0.262835
148.850000 -0.454685
148.900000 -0.663663
148.950000 -0.838384
149.000000 -0.975420
149.050000 -1.095326
149.100000 -1.163843
149.150000 -1.153565
149.200000 -1.095326
149.250000 -1.019956
149.300000 -0.917180
149.350000 -0.759589
149.400000 -0.601998
149.450000 -0.488944
149.500000 -0.410147
149.550000 -0.345056
149.600000 -0.314223
149.650000 -0.338204
149.700000 -0.386166
149.750000 -0.447833
149.800000 -0.519776
149.850000 -0.608849
149.900000 -0.704774
149.950000 -0.800699
150.000000 -0.858939
150.050000 -0.882920
150.100000 -0.872643
150.150000 -0.824680
150.200000 -0.759589
150.250000 -0.701348
150.300000 -0.646534
150.350000 -0.557461
150.400000 -0.437555
150.450000 -0.321075
150.500000 -0.249131
150.550000 -0.204594
150.600000 -0.194317
150.650000 -0.228576
150.700000 -0.293667
150.750000 -0.369037
150.800000 -0.478666
150.850000 -0.625979
150.900000 -0.780144
150.950000 -0.906902
151.000000 -0.995974
151.050000 -1.064493
151.100000 -1.109030
151.150000 -1.133011
151.200000 -1.129584
151.250000 -1.122733
151.300000 -1.105603
151.350000 -1.067918
151.400000 -1.023382
151.450000 -0.982271
151.500000 -0.900050
151.550000 -0.786995
151.600000 -0.697922
151.650000 -0.595146
151.700000 -0.478666
151.750000 -0.382741
151.800000 -0.310797
151.850000 -0.242279
151.900000 -0.201169
151.950000 -0.211446
152.000000 -0.252557
152.050000 -0.327926
152.100000 -0.430703
152.150000 -0.533479
152.200000 -0.612276
152.250000 -0.677368
152.300000 -0.735608
152.350000 -0.783569
152.400000 -0.793848
152.450000 -0.793847
152.500000 -0.807551
152.550000 -0.845236
152.600000 -0.886346
152.650000 -0.937735
152.700000 -1.002826
152.750000 -1.057641
152.800000 -1.074771
152.850000 -1.081623
152.900000 -1.091900
152.950000 -1.054215
153.000000 -0.937735
153.050000 -0.797273
153.100000 -0.667089
153.150000 -0.506072
153.200000 -0.341630
153.250000 -0.211446
153.300000 -0.112095
153.350000 -0.047003
153.400000 -0.064133
153.450000 -0.153206
153.500000 -0.259409
153.550000 -0.351907
153.600000 -0.434129
153.650000 -0.526628
153.700000 -0.601998
153.750000 -0.629405
153.800000 -0.619127
153.850000 -0.601998
153.900000 -0.578016
153.950000 -0.512924
154.000000 -0.410148
154.050000 -0.331352
154.100000 -0.297094
154.150000 -0.283389
154.200000 -0.279963
154.250000 -0.338204
154.300000 -0.420426
154.350000 -0.482091
154.400000 -0.557461
154.450000 -0.687644
154.500000 -0.852088
154.550000 -1.013105
154.600000 -1.133011
154.650000 -1.201528
154.700000 -1.252917
154.750000 -1.276898
154.800000 -1.239214
154.850000 -1.146714
154.900000 -1.019956
154.950000 -0.858939
155.000000 -0.691071
155.050000 -0.536906
155.100000 -0.372463
155.150000 -0.221724
155.200000 -0.163484
155.250000 -0.163483
155.300000 -0.166910
155.350000 -0.190890
155.400000 -0.273112
155.450000 -0.362185
155.500000 -0.423851
155.550000 -0.478666
155.600000 -0.512924
155.650000 -0.523202
155.700000 -0.516350
155.750000 -0.499221
155.800000 -0.468388
155.850000 -0.447833
155.900000 -0.447832
155.950000 -0.451258
156.000000 -0.471813
156.050000 -0.533480
156.100000 -0.595146
156.150000 -0.615701
156.200000 -0.629404
156.250000 -0.653386
156.300000 -0.646534
156.350000 -0.612275
156.400000 -0.584868
156.450000 -0.547184
156.500000 -0.492369
156.550000 -0.475240
156.600000 -0.492369
156.650000 -0.519776
156.700000 -0.564313
156.750000 -0.636256
156.800000 -0.715052
156.850000 -0.804125
156.900000 -0.879495
156.950000 -0.934309
157.000000 -0.971994
157.050000 -0.992549
157.100000 -0.961716
157.150000 -0.889772
157.200000 -0.824681
157.250000 -0.780144
157.300000 -0.742459
157.350000 -0.711626
157.400000 -0.687645
157.450000 -0.656812
157.500000 -0.632830
157.550000 -0.619127
157.600000 -0.608849
157.650000 -0.574591
157.700000 -0.540331
157.750000 -0.519776
157.800000 -0.482091
157.850000 -0.447832
157.900000 -0.454684
157.950000 -0.485518
158.000000 -0.516350
158.050000 -0.560886
158.100000 -0.639682
158.150000 -0.732181
158.200000 -0.807551
158.250000 -0.869217
158.300000 -0.920605
158.350000 -0.948012
158.400000 -0.954865
158.450000 -0.937734
158.500000 -0.872643
158.550000 -0.783570
158.600000 -0.708201
158.650000 -0.615701
158.700000 -0.478666
158.750000 -0.358759
158.800000 -0.293667
158.850000 -0.232002
158.900000 -0.170335
158.950000 -0.153206
159.000000 -0.170335
159.050000 -0.211446
159.100000 -0.290242
159.150000 -0.382741
159.200000 -0.485517
159.250000 -0.605424
159.300000 -0.721904
159.350000 -0.814403
159.400000 -0.886347
159.450000 -0.937735
159.500000 -0.961716
159.550000 -0.958290
159.600000 -0.910327
159.650000 -0.834958
159.700000 -0.749311
159.750000 -0.653386
159.800000 -0.543757
159.850000 -0.437555
159.900000 -0.362185
159.950000 -0.314223
160.000000 -0.259408
160.050000 -0.197742
160.100000 -0.170335
160.150000 -0.173761
160.200000 -0.153206
160.250000 -0.105244
160.300000 -0.084689
160.350000 -0.101817
160.400000 -0.105244
160.450000 -0.108669
160.500000 -0.156632
160.550000 -0.225149
160.600000 -0.276538
160.650000 -0.324501
160.700000 -0.393018
160.750000 -0.468388
160.800000 -0.516350
160.850000 -0.533480
160.900000 -0.560887
160.950000 -0.588294
161.000000 -0.605424
161.050000 -0.608850
161.100000 -0.612275
161.150000 -0.598572
161.200000 -0.588294
161.250000 -0.595146
161.300000 -0.622553
161.350000 -0.656812
161.400000 -0.697922
161.450000 -0.725329
161.500000 -0.725330
161.550000 -0.715052
161.600000 -0.694496
161.650000 -0.643109
161.700000 -0.605423
161.750000 -0.605423
161.800000 -0.581443
161.850000 -0.492370
161.900000 -0.430703
161.950000 -0.423851
162.000000 -0.396444
162.050000 -0.341630
162.100000 -0.303945
162.150000 -0.266260
162.200000 -0.204594
162.250000 -0.139502
162.300000 -0.101818
162.350000 -0.084688
162.400000 -0.067558
162.450000 -0.050429
162.500000 -0.057281
162.550000 -0.098392
162.600000 -0.163483
162.650000 -0.232001
162.700000 -0.324500
162.750000 -0.440981
162.800000 -0.543757
162.850000 -0.619127
162.900000 -0.728756
162.950000 -0.865791
163.000000 -0.965142
163.050000 -1.037086
163.100000 -1.119307
163.150000 -1.184399
163.200000 -1.201529
163.250000 -1.228936
163.300000 -1.249490
163.350000 -1.211806
163.400000 -1.156991
163.450000 -1.115881
163.500000 -1.057641
163.550000 -0.989123
163.600000 -0.937735
163.650000 -0.876069
163.700000 -0.793848
163.750000 -0.732181
163.800000 -0.677368
163.850000 -0.608850
163.900000 -0.547183
163.950000 -0.495795
164.000000 -0.427277
164.050000 -0.355334
164.100000 -0.317648
164.150000 -0.283390
164.200000 -0.242279
164.250000 -0.214872
164.300000 -0.238853
164.350000 -0.300519
164.400000 -0.348482
164.450000 -0.396444
164.500000 -0.458110
164.550000 -0.512925
164.600000 -0.543758
164.650000 -0.554035
164.700000 -0.550610
164.750000 -0.516350
164.800000 -0.447832
164.850000 -0.355333
164.900000 -0.255983
164.950000 -0.156632
165.000000 -0.077836
165.050000 -0.019597
165.100000 0.007811
165.150000 -0.019596
165.200000 -0.074410
165.250000 -0.166909
165.300000 -0.310796
165.350000 -0.492369
165.400000 -0.646534
165.450000 -0.783570
165.500000 -0.951439
165.550000 -1.095326
165.600000 -1.170696
165.650000 -1.222084
165.700000 -1.280324
165.750000 -1.318009
165.800000 -1.352267
165.850000 -1.376248
165.900000 -1.369397
165.950000 -1.352267
166.000000 -1.328286
166.050000 -1.259769
166.100000 -1.163843
166.150000 -1.088474
166.200000 -1.002826
166.250000 -0.893199
166.300000 -0.776718
166.350000 -0.643109
166.400000 -0.502647
166.450000 -0.399870
166.500000 -0.331352
166.550000 -0.252557
166.600000 -0.187464
166.650000 -0.170336
166.700000 -0.166909
166.750000 -0.163484
166.800000 -0.184039
166.850000 -0.225149
166.900000 -0.255983
166.950000 -0.297093
167.000000 -0.372463
167.050000 -0.461536
167.100000 -0.554035
167.150000 -0.663663
167.200000 -0.756163
167.250000 -0.824681
167.300000 -0.889772
167.350000 -0.924032
167.400000 -0.906901
167.450000 -0.872643
167.500000 -0.817828
167.550000 -0.697922
167.600000 -0.560887
167.650000 -0.464961
167.700000 -0.365611
167.750000 -0.273112
167.800000 -0.242279
167.850000 -0.269686
167.900000 -0.341630
167.950000 -0.471814
168.000000 -0.625979
168.050000 -0.759589
168.100000 -0.903476
168.150000 -1.057641
168.200000 -1.143288
168.250000 -1.167270
168.300000 -1.191251
168.350000 -1.180973
168.400000 -1.078196
168.450000 -0.930883
168.500000 -0.804125
168.550000 -0.677367
168.600000 -0.526628
168.650000 -0.386166
168.700000 -0.290241
168.750000 -0.225149
168.800000 -0.197742
168.850000 -0.187465
168.900000 -0.197743
168.950000 -0.235427
169.000000 -0.297093
169.050000 -0.369037
169.100000 -0.468388
169.150000 -0.564313
169.200000 -0.632831
169.250000 -0.694496
169.300000 -0.752737
169.350000 -0.766440
169.400000 -0.756163
169.450000 -0.742459
169.500000 -0.718478
169.550000 -0.687645
169.600000 -0.673942
169.650000 -0.704774
169.700000 -0.752736
169.750000 -0.797273
169.800000 -0.855514
169.850000 -0.934309
169.900000 -0.989123
169.950000 -0.999401
170.000000 -0.989123
170.050000 -0.965142
170.100000 -0.903476
170.150000 -0.810977
170.200000 -0.697923
170.250000 -0.567738
170.300000 -0.451258
170.350000 -0.355334
170.400000 -0.266261
170.450000 -0.208020
170.500000 -0.197742
170.550000 -0.204594
170.600000 -0.232002
170.650000 -0.276538
170.700000 -0.331352
170.750000 -0.375889
170.800000 -0.410147
170.850000 -0.444407
170.900000 -0.482091
170.950000 -0.519776
171.000000 -0.516350
171.050000 -0.485518
171.100000 -0.461536
171.150000 -0.458110
171.200000 -0.454684
171.250000 -0.468388
171.300000 -0.502647
171.350000 -0.557461
171.400000 -0.632830
171.450000 -0.725330
171.500000 -0.838384
171.550000 -0.944586
171.600000 -1.023382
171.650000 -1.071344
171.700000 -1.088474
171.750000 -1.074771
171.800000 -1.040511
171.850000 -0.985697
171.900000 -0.920605
171.950000 -0.831532
172.000000 -0.721904
172.050000 -0.608850
172.100000 -0.509498
172.150000 -0.434129
172.200000 -0.386167
172.250000 -0.369037
172.300000 -0.358760
172.350000 -0.393018
172.400000 -0.499221
172.450000 -0.619127
172.500000 -0.697923
172.550000 -0.776718
172.600000 -0.879494
172.650000 -0.965142
172.700000 -1.016530
172.750000 -1.054215
172.800000 -1.067919
172.850000 -1.050789
172.900000 -0.999401
172.950000 -0.910328
173.000000 -0.800699
173.050000 -0.687645
173.100000 -0.595146
173.150000 -0.499221
173.200000 -0.399870
173.250000 -0.338204
173.300000 -0.314223
173.350000 -0.297093
173.400000 -0.297093
173.450000 -0.327926
173.500000 -0.365611
173.550000 -0.389592
173.600000 -0.420425
173.650000 -0.461536
173.700000 -0.495795
173.750000 -0.533480
173.800000 -0.581442
173.850000 -0.608850
173.900000 -0.636257
173.950000 -0.697923
174.000000 -0.773292
174.050000 -0.841810
174.100000 -0.906901
174.150000 -0.971994
174.200000 -1.033660
174.250000 -1.095325
174.300000 -1.143288
174.350000 -1.153565
174.400000 -1.143288
174.450000 -1.112455
174.500000 -1.071344
174.550000 -1.002826
174.600000 -0.917179
174.650000 -0.855514
174.700000 -0.810976
174.750000 -0.752737
174.800000 -0.704774
174.850000 -0.718478
174.900000 -0.769867
174.950000 -0.814402
175.000000 -0.848662
175.050000 -0.858939
175.100000 -0.848662
175.150000 -0.821255
175.200000 -0.776718
175.250000 -0.704775
175.300000 -0.612275
175.350000 -0.530054
175.400000 -0.478665
175.450000 -0.444407
175.500000 -0.437555
175.550000 -0.454684
175.600000 -0.492369
175.650000 -0.540332
175.700000 -0.595146
175.750000 -0.656812
175.800000 -0.701348
175.850000 -0.721903
175.900000 -0.721903
175.950000 -0.680793
176.000000 -0.595146
176.050000 -0.495795
176.100000 -0.410148
176.150000 -0.324501
176.200000 -0.238853
176.250000 -0.187465
176.300000 -0.166910
176.350000 -0.146354
176.400000 -0.153206
176.450000 -0.197743
176.500000 -0.235427
176.550000 -0.259409
176.600000 -0.314223
176.650000 -0.379315
176.700000 -0.416999
176.750000 -0.440980
176.800000 -0.478666
176.850000 -0.506072
176.900000 -0.536905
176.950000 -0.574590
177.000000 -0.595146
177.050000 -0.578016
177.100000 -0.547183
177.150000 -0.523202
177.200000 -0.509498
177.250000 -0.482092
177.300000 -0.451259
177.350000 -0.440981
177.400000 -0.440981
177.450000 -0.440981
177.500000 -0.482092
177.550000 -0.571164
177.600000 -0.663663
177.650000 -0.773292
177.700000 -0.920605
177.750000 -1.054215
177.800000 -1.139862
177.850000 -1.211806
177.900000 -1.259768
177.950000 -1.246065
178.000000 -1.174121
178.050000 -1.064493
178.100000 -0.934309
178.150000 -0.786995
178.200000 -0.629404
178.250000 -0.485517
178.300000 -0.369037
178.350000 -0.276538
178.400000 -0.204594
178.450000 -0.173761
178.500000 -0.163483
178.550000 -0.132651
178.600000 -0.081262
178.650000 -0.057281
178.700000 -0.064132
178.750000 -0.053855
178.800000 -0.026448
178.850000 -0.012744
178.900000 -0.016171
178.950000 -0.043577
179.000000 -0.108669
179.050000 -0.187465
179.100000 -0.269686
179.150000 -0.351908
179.200000 -0.458110
179.250000 -0.578016
179.300000 -0.697922
179.350000 -0.786996
179.400000 -0.838384
179.450000 -0.869216
179.500000 -0.900050
179.550000 -0.941161
179.600000 -0.999401
179.650000 -1.061067
179.700000 -1.112455
179.750000 -1.150140
179.800000 -1.198102
179.850000 -1.239213
179.900000 -1.235787
179.950000 -1.201528
180.000000 -1.160417
180.050000 -1.109030
180.100000 -1.026808
180.150000 -0.930883
180.200000 -0.834958
180.250000 -0.728756
180.300000 -0.619127
180.350000 -0.526628
180.400000 -0.447832
180.450000 -0.369037
180.500000 -0.297094
180.550000 -0.235427
180.600000 -0.177187
180.650000 -0.139503
180.700000 -0.108670
180.750000 -0.074410
180.800000 -0.070985
180.850000 -0.115521
180.900000 -0.153206
180.950000 -0.173762
181.000000 -0.211446
181.050000 -0.266260
181.100000 -0.327927
181.150000 -0.403296
181.200000 -0.475240
181.250000 -0.516350
181.300000 -0.550609
181.350000 -0.581442
181.400000 -0.595146
181.450000 -0.612275
181.500000 -0.663664
181.550000 -0.715052
181.600000 -0.739033
181.650000 -0.773292
181.700000 -0.828106
181.750000 -0.876068
181.800000 -0.900050
181.850000 -0.913753
181.900000 -0.910328
181.950000 -0.848662
182.000000 -0.756163
182.050000 -0.684219
182.100000 -0.622553
182.150000 -0.550609
182.200000 -0.471814
182.250000 -0.413573
182.300000 -0.389593
182.350000 -0.393018
182.400000 -0.423851
182.450000 -0.475240
182.500000 -0.523202
182.550000 -0.543758
182.600000 -0.526628
182.650000 -0.454684
182.700000 -0.341630
182.750000 -0.218298
182.800000 -0.098392
182.850000 -0.009319
182.900000 0.045496
182.950000 0.055773
183.000000 0.021515
183.050000 -0.067559
183.100000 -0.208020
183.150000 -0.393018
183.200000 -0.625978
183.250000 -0.855513
183.300000 -1.013104
183.350000 -1.122733
183.400000 -1.177547
183.450000 -1.163844
183.500000 -1.091900
183.550000 -0.989123
183.600000 -0.865791
183.650000 -0.725330
183.700000 -0.605423
183.750000 -0.499221
183.800000 -0.417000
183.850000 -0.386167
183.900000 -0.410147
183.950000 -0.468388
184.000000 -0.564313
184.050000 -0.667090
184.100000 -0.752737
184.150000 -0.821254
184.200000 -0.855513
184.250000 -0.845236
184.300000 -0.824680
184.350000 -0.804125
184.400000 -0.756162
184.450000 -0.704774
184.500000 -0.694496
184.550000 -0.711626
184.600000 -0.704775
184.650000 -0.687645
184.700000 -0.718478
184.750000 -0.766440
184.800000 -0.793847
184.850000 -0.814403
184.900000 -0.841810
184.950000 -0.855514
185.000000 -0.834958
185.050000 -0.797274
185.100000 -0.773292
185.150000 -0.745885
185.200000 -0.691070
185.250000 -0.673941
185.300000 -0.732181
185.350000 -0.800699
185.400000 -0.824681
185.450000 -0.865791
185.500000 -0.958290
185.550000 -1.050789
185.600000 -1.112455
185.650000 -1.174121
185.700000 -1.239213
185.750000 -1.266620
185.800000 -1.259768
185.850000 -1.232361
185.900000 -1.174121
185.950000 -1.054215
186.000000 -0.893199
186.050000 -0.732182
186.100000 -0.581442
186.150000 -0.444406
186.200000 -0.348481
186.250000 -0.300519
186.300000 -0.269686
186.350000 -0.259408
186.400000 -0.276538
186.450000 -0.317648
186.500000 -0.372463
186.550000 -0.423851
186.600000 -0.451259
186.650000 -0.461536
186.700000 -0.468388
186.750000 -0.451259
186.800000 -0.403296
186.850000 -0.321075
186.900000 -0.245705
186.950000 -0.180613
187.000000 -0.125799
187.050000 -0.105243
187.100000 -0.125799
187.150000 -0.166909
187.200000 -0.194317
187.250000 -0.238853
187.300000 -0.290241
187.350000 -0.307371
187.400000 -0.310796
187.450000 -0.314222
187.500000 -0.293668
187.550000 -0.269686
187.600000 -0.259409
187.650000 -0.235427
187.700000 -0.208020
187.750000 -0.221724
187.800000 -0.273112
187.850000 -0.317649
187.900000 -0.369037
187.950000 -0.454685
188.000000 -0.557461
188.050000 -0.653386
188.100000 -0.749311
188.150000 -0.841810
188.200000 -0.917179
188.250000 -0.961716
188.300000 -0.989123
188.350000 -0.975419
188.400000 -0.893198
188.450000 -0.783570
188.500000 -0.691070
188.550000 -0.595145
188.600000 -0.461536
188.650000 -0.341630
188.700000 -0.269686
188.750000 -0.214872
