time[ns] Raw_signal[mV]
-11.100000 -0.062625
-11.050000 -0.014663
-11.000000 0.047003
-10.950000 0.074410
-10.900000 0.118947
-10.850000 0.197743
-10.800000 0.245705
-10.750000 0.245705
-10.700000 0.249131
-10.650000 0.249131
-10.600000 0.211446
-10.550000 0.153206
-10.500000 0.098391
-10.450000 0.047003
-10.400000 0.026448
-10.350000 0.009318
-10.300000 -0.018089
-10.250000 -0.007811
-10.200000 0.050429
-10.150000 0.081262
-10.100000 0.067558
-10.050000 0.070984
-10.000000 0.091540
-9.950000 0.077837
-9.900000 0.033300
-9.850000 -0.004385
-9.800000 -0.035218
-9.750000 -0.062625
-9.700000 -0.096885
-9.650000 -0.144847
-9.600000 -0.165402
-9.550000 -0.158550
-9.500000 -0.172254
-9.450000 -0.196235
-9.400000 -0.223642
-9.350000 -0.268179
-9.300000 -0.295586
-9.250000 -0.295585
-9.200000 -0.305863
-9.150000 -0.336696
-9.100000 -0.319567
-9.050000 -0.257901
-9.000000 -0.209939
-8.950000 -0.134569
-8.900000 -0.007811
-8.850000 0.101817
-8.800000 0.180613
-8.750000 0.279964
-8.700000 0.375889
-8.650000 0.410148
-8.600000 0.410148
-8.550000 0.396444
-8.500000 0.331352
-8.450000 0.232001
-8.400000 0.146354
-8.350000 0.040152
-8.300000 -0.079755
-8.250000 -0.134568
-8.200000 -0.137995
-8.150000 -0.155124
-8.100000 -0.144846
-8.050000 -0.072903
-8.000000 -0.007811
-7.950000 0.023022
-7.900000 0.067558
-7.850000 0.105244
-7.800000 0.115521
-7.750000 0.132651
-7.700000 0.136077
-7.650000 0.115521
-7.600000 0.115521
-7.550000 0.125799
-7.500000 0.105244
-7.450000 0.088114
-7.400000 0.108669
-7.350000 0.118947
-7.300000 0.112095
-7.250000 0.129225
-7.200000 0.129225
-7.150000 0.094965
-7.100000 0.074411
-7.050000 0.067559
-7.000000 0.060706
-6.950000 0.060706
-6.900000 0.091540
-6.850000 0.125799
-6.800000 0.173761
-6.750000 0.249130
-6.700000 0.331352
-6.650000 0.396444
-6.600000 0.444406
-6.550000 0.454684
-6.500000 0.434129
-6.450000 0.413574
-6.400000 0.375889
-6.350000 0.293667
-6.300000 0.201168
-6.250000 0.129224
-6.200000 0.064133
-6.150000 0.012744
-6.100000 -0.000959
-6.050000 0.016170
-6.000000 0.033300
-5.950000 0.067559
-5.900000 0.125799
-5.850000 0.177187
-5.800000 0.201168
-5.750000 0.190890
-5.700000 0.166909
-5.650000 0.142928
-5.600000 0.105243
-5.550000 0.033300
-5.500000 -0.038644
-5.450000 -0.069477
-5.400000 -0.086606
-5.350000 -0.120865
-5.300000 -0.131143
-5.250000 -0.096884
-5.200000 -0.086607
-5.150000 -0.086606
-5.100000 -0.069477
-5.050000 -0.048922
-5.000000 -0.052347
-4.950000 -0.048922
-4.900000 -0.045496
-4.850000 -0.052347
-4.800000 -0.066052
-4.750000 -0.066051
-4.700000 -0.062626
-4.650000 -0.042070
-4.600000 -0.028367
-4.550000 -0.035218
-4.500000 -0.018089
-4.450000 0.019596
-4.400000 0.057281
-4.350000 0.094966
-4.300000 0.118947
-4.250000 0.118947
-4.200000 0.122373
-4.150000 0.156632
-4.100000 0.160058
-4.050000 0.115521
-4.000000 0.074410
-3.950000 0.040151
-3.900000 0.002466
-3.850000 -0.007811
-3.800000 -0.018089
-3.750000 -0.038644
-3.700000 -0.031792
-3.650000 0.005893
-3.600000 0.029873
-3.550000 0.064132
-3.500000 0.139502
-3.450000 0.204594
-3.400000 0.232001
-3.350000 0.290241
-3.300000 0.372463
-3.250000 0.338203
-3.200000 0.197743
-3.150000 0.139503
-3.100000 0.225150
-3.050000 0.225150
-3.000000 0.094965
-2.950000 0.064133
-2.900000 0.170336
-2.850000 0.194317
-2.800000 0.173761
-2.750000 0.228575
-2.700000 0.249130
-2.650000 0.259408
-2.600000 0.427277
-2.550000 0.540331
-2.500000 0.396444
-2.450000 0.314223
-2.400000 0.372462
-2.350000 0.214872
-2.300000 -0.079755
-2.250000 -0.117440
-2.200000 -0.127717
-2.150000 -0.384659
-2.100000 -0.480584
-2.050000 -0.257901
-2.000000 -0.179106
-1.950000 -0.319567
-1.900000 -0.278456
-1.850000 -0.052348
-1.800000 0.160057
-1.750000 0.382741
-1.700000 0.540332
-1.650000 0.523202
-1.600000 0.536906
-1.550000 0.653386
-1.500000 0.612275
-1.450000 0.475239
-1.400000 0.519776
-1.350000 0.581442
-1.300000 0.458110
-1.250000 0.341629
-1.200000 0.279963
-1.150000 0.115521
-1.100000 0.057281
-1.050000 0.228576
-1.000000 0.201168
-0.950000 -0.072903
-0.900000 -0.048922
-0.850000 0.225149
-0.800000 0.286816
-0.750000 0.290241
-0.700000 0.530054
-0.650000 0.711626
-0.600000 0.711626
-0.550000 0.817828
-0.500000 0.985697
-0.450000 0.954865
-0.400000 0.858939
-0.350000 0.848662
-0.300000 0.776718
-0.250000 0.608849
-0.200000 0.434129
-0.150000 0.228576
-0.100000 -0.011237
-0.050000 -0.206513
0.000000 -0.370955
0.050000 -0.494287
0.100000 -0.549101
0.150000 -0.641600
0.200000 -0.785488
0.250000 -0.761507
0.300000 -0.559379
0.350000 -0.490861
0.400000 -0.535398
0.450000 -0.388085
0.500000 -0.103736
0.550000 0.050429
0.600000 0.122373
0.650000 0.242279
0.700000 0.310797
0.750000 0.269686
0.800000 0.262834
0.850000 0.338204
0.900000 0.430703
0.950000 0.560886
1.000000 0.817828
1.050000 1.218657
1.100000 1.763374
1.150000 2.537626
1.200000 3.599652
1.250000 4.894637
1.300000 6.398603
1.350000 8.145807
1.400000 10.095143
1.450000 12.068447
1.500000 13.976670
1.550000 15.884897
1.600000 17.806816
1.650000 19.591707
1.700000 21.150488
1.750000 22.558524
1.800000 23.836381
1.850000 24.922392
1.900000 25.813121
1.950000 26.614783
2.000000 27.327369
2.050000 27.899489
2.100000 28.338000
2.150000 28.639486
2.200000 28.810779
2.250000 28.817633
2.300000 28.598366
2.350000 28.115322
2.400000 27.416442
2.450000 26.570240
2.500000 25.556180
2.550000 24.374246
2.600000 23.099813
2.650000 21.777428
2.700000 20.393368
2.750000 18.995602
2.800000 17.649224
2.850000 16.306277
2.900000 14.990736
2.950000 13.808804
3.000000 12.774185
3.050000 11.797806
3.100000 10.910500
3.150000 10.201342
3.200000 9.622366
3.250000 9.149593
3.300000 8.902929
3.350000 8.861818
3.400000 8.892652
3.450000 9.002280
3.500000 9.272925
3.550000 9.656625
3.600000 10.036898
3.650000 10.393192
3.700000 10.739206
3.750000 11.064669
3.800000 11.349014
3.850000 11.564845
3.900000 11.708736
3.950000 11.770403
4.000000 11.780678
4.050000 11.742992
4.100000 11.647068
4.150000 11.475773
4.200000 11.225683
4.250000 10.924204
4.300000 10.591893
4.350000 10.201341
4.400000 9.714865
4.450000 9.177000
4.500000 8.659690
4.550000 8.118400
4.600000 7.501740
4.650000 6.878228
4.700000 6.323234
4.750000 5.799073
4.800000 5.292041
4.850000 4.874083
4.900000 4.572604
4.950000 4.329366
5.000000 4.140942
5.050000 4.055295
5.100000 4.062146
5.150000 4.134090
5.200000 4.284829
5.250000 4.504086
5.300000 4.750751
5.350000 4.997414
5.400000 5.220097
5.450000 5.391391
5.500000 5.531853
5.550000 5.682592
5.600000 5.833332
5.650000 5.932682
5.700000 5.984070
5.750000 6.018330
5.800000 6.011478
5.850000 5.936109
5.900000 5.847036
5.950000 5.771666
6.000000 5.668889
6.050000 5.504446
6.100000 5.302318
6.150000 5.069358
6.200000 4.795287
6.250000 4.500660
6.300000 4.171775
6.350000 3.822334
6.400000 3.496874
6.450000 3.215952
6.500000 2.941880
6.550000 2.671235
6.600000 2.438274
6.650000 2.253277
6.700000 2.099112
6.750000 1.968928
6.800000 1.886707
6.850000 1.842169
6.900000 1.787356
6.950000 1.729115
7.000000 1.688005
7.050000 1.657171
7.100000 1.602357
7.150000 1.554395
7.200000 1.557820
7.250000 1.602357
7.300000 1.674301
7.350000 1.783929
7.400000 1.934669
7.450000 2.078556
7.500000 2.225870
7.550000 2.390312
7.600000 2.544477
7.650000 2.643828
7.700000 2.684938
7.750000 2.684939
7.800000 2.606143
7.850000 2.462255
7.900000 2.297813
7.950000 2.129945
8.000000 1.944947
8.050000 1.773651
8.100000 1.664024
8.150000 1.588654
8.200000 1.530414
8.250000 1.499581
8.300000 1.499581
8.350000 1.520136
8.400000 1.533840
8.450000 1.530414
8.500000 1.499581
8.550000 1.455044
8.600000 1.389952
8.650000 1.304305
8.700000 1.222084
8.750000 1.139862
8.800000 1.061067
8.850000 1.002827
8.900000 0.982271
8.950000 0.999401
9.000000 1.047363
9.050000 1.098751
9.100000 1.133011
9.150000 1.174121
9.200000 1.235787
9.250000 1.280324
9.300000 1.294028
9.350000 1.297454
9.400000 1.270046
9.450000 1.204954
9.500000 1.146714
9.550000 1.098751
9.600000 1.009678
9.650000 0.910327
9.700000 0.858940
9.750000 0.834958
9.800000 0.797273
9.850000 0.773292
9.900000 0.769866
9.950000 0.759589
10.000000 0.745885
10.050000 0.752736
10.100000 0.759588
10.150000 0.742459
10.200000 0.725329
10.250000 0.704774
10.300000 0.653385
10.350000 0.591720
10.400000 0.557460
10.450000 0.533480
10.500000 0.471813
10.550000 0.382741
10.600000 0.300519
10.650000 0.235427
10.700000 0.156632
10.750000 0.047003
10.800000 -0.052348
10.850000 -0.127718
10.900000 -0.199661
10.950000 -0.288734
11.000000 -0.340123
11.050000 -0.336697
11.100000 -0.305863
11.150000 -0.271605
11.200000 -0.196235
11.250000 -0.055774
11.300000 0.115521
11.350000 0.273112
11.400000 0.386166
11.450000 0.475240
11.500000 0.564313
11.550000 0.646534
11.600000 0.660237
11.650000 0.643108
11.700000 0.629404
11.750000 0.598572
11.800000 0.533480
11.850000 0.482091
11.900000 0.475240
11.950000 0.458110
12.000000 0.410147
12.050000 0.362185
12.100000 0.327926
12.150000 0.286815
12.200000 0.218297
12.250000 0.125799
12.300000 0.064133
12.350000 0.033300
12.400000 -0.007811
12.450000 -0.055773
12.500000 -0.079755
12.550000 -0.093459
12.600000 -0.086607
12.650000 -0.000960
12.700000 0.115521
12.750000 0.180613
12.800000 0.249131
12.850000 0.351907
12.900000 0.399870
12.950000 0.348481
13.000000 0.279963
13.050000 0.218297
13.100000 0.139502
13.150000 0.067559
13.200000 0.023022
13.250000 -0.035218
13.300000 -0.090033
13.350000 -0.072903
13.400000 -0.000960
13.450000 0.084688
13.500000 0.197742
13.550000 0.317649
13.600000 0.413574
13.650000 0.499221
13.700000 0.591720
13.750000 0.649960
13.800000 0.670515
13.850000 0.691071
13.900000 0.697922
13.950000 0.656812
14.000000 0.584868
14.050000 0.516350
14.100000 0.420425
14.150000 0.297094
14.200000 0.197742
14.250000 0.129225
14.300000 0.050429
14.350000 -0.024941
14.400000 -0.062626
14.450000 -0.069477
14.500000 -0.048921
14.550000 0.012744
14.600000 0.088114
14.650000 0.149780
14.700000 0.228575
14.750000 0.331352
14.800000 0.416999
14.850000 0.458110
14.900000 0.471813
14.950000 0.468387
15.000000 0.440980
15.050000 0.403295
15.100000 0.331352
15.150000 0.235427
15.200000 0.173761
15.250000 0.149780
15.300000 0.118947
15.350000 0.105243
15.400000 0.139502
15.450000 0.180613
15.500000 0.194317
15.550000 0.221723
15.600000 0.262834
15.650000 0.259409
15.700000 0.218298
15.750000 0.173761
15.800000 0.094966
15.850000 -0.035218
15.900000 -0.168828
15.950000 -0.292160
16.000000 -0.418918
16.050000 -0.542250
16.100000 -0.624471
16.150000 -0.672434
16.200000 -0.703267
16.250000 -0.689563
16.300000 -0.590212
16.350000 -0.439473
16.400000 -0.288734
16.450000 -0.127717
16.500000 0.050429
16.550000 0.211446
16.600000 0.345056
16.650000 0.440980
16.700000 0.485517
16.750000 0.492369
16.800000 0.475239
16.850000 0.437555
16.900000 0.382740
16.950000 0.310797
17.000000 0.225149
17.050000 0.146354
17.100000 0.091540
17.150000 0.060707
17.200000 0.019596
17.250000 -0.011236
17.300000 -0.018089
17.350000 -0.014663
17.400000 -0.011236
17.450000 -0.004385
17.500000 -0.000959
17.550000 0.009319
17.600000 0.036726
17.650000 0.050429
17.700000 0.050429
17.750000 0.060707
17.800000 0.060706
17.850000 0.050429
17.900000 0.074411
17.950000 0.125798
18.000000 0.142928
18.050000 0.166909
18.100000 0.228575
18.150000 0.269686
18.200000 0.276538
18.250000 0.307371
18.300000 0.334778
18.350000 0.307370
18.400000 0.279964
18.450000 0.279964
18.500000 0.245705
18.550000 0.197743
18.600000 0.170335
18.650000 0.132651
18.700000 0.084688
18.750000 0.067559
18.800000 0.064133
18.850000 0.029874
18.900000 0.029873
18.950000 0.077836
19.000000 0.098392
19.050000 0.091540
19.100000 0.098391
19.150000 0.067559
19.200000 -0.007811
19.250000 -0.052347
19.300000 -0.069477
19.350000 -0.137995
19.400000 -0.230494
19.450000 -0.278456
19.500000 -0.326418
19.550000 -0.381233
19.600000 -0.412066
19.650000 -0.418918
19.700000 -0.429196
19.750000 -0.418918
19.800000 -0.388085
19.850000 -0.364104
19.900000 -0.350400
19.950000 -0.353826
20.000000 -0.377807
20.050000 -0.394936
20.100000 -0.381233
20.150000 -0.357252
20.200000 -0.326418
20.250000 -0.264753
20.300000 -0.179106
20.350000 -0.083181
20.400000 0.016170
20.450000 0.094966
20.500000 0.160058
20.550000 0.232001
20.600000 0.286815
20.650000 0.297093
20.700000 0.273112
20.750000 0.249130
20.800000 0.214872
20.850000 0.160057
20.900000 0.115521
20.950000 0.098392
21.000000 0.101817
21.050000 0.129225
21.100000 0.166910
21.150000 0.204594
21.200000 0.232001
21.250000 0.232001
21.300000 0.194316
21.350000 0.132651
21.400000 0.050429
21.450000 -0.055773
21.500000 -0.168828
21.550000 -0.244198
21.600000 -0.288734
21.650000 -0.322993
21.700000 -0.329845
21.750000 -0.285309
21.800000 -0.203087
21.850000 -0.117440
21.900000 -0.031792
21.950000 0.043577
22.000000 0.070984
22.050000 0.060707
22.100000 0.043578
22.150000 0.009319
22.200000 -0.066051
22.250000 -0.165402
22.300000 -0.230494
22.350000 -0.271605
22.400000 -0.316142
22.450000 -0.364104
22.500000 -0.364104
22.550000 -0.299011
22.600000 -0.220217
22.650000 -0.144847
22.700000 -0.055773
22.750000 0.033299
22.800000 0.098392
22.850000 0.132651
22.900000 0.160058
22.950000 0.197742
23.000000 0.218298
23.050000 0.201169
23.100000 0.170336
23.150000 0.149780
23.200000 0.094966
23.250000 0.016170
23.300000 -0.024940
23.350000 -0.052348
23.400000 -0.117439
23.450000 -0.161976
23.500000 -0.172254
23.550000 -0.192809
23.600000 -0.227068
23.650000 -0.227068
23.700000 -0.244197
23.750000 -0.295585
23.800000 -0.305864
23.850000 -0.285308
23.900000 -0.305863
23.950000 -0.336697
24.000000 -0.333270
24.050000 -0.336697
24.100000 -0.350400
24.150000 -0.343548
24.200000 -0.340123
24.250000 -0.336697
24.300000 -0.309289
24.350000 -0.281883
24.400000 -0.299012
24.450000 -0.309289
24.500000 -0.278456
24.550000 -0.257901
24.600000 -0.271604
24.650000 -0.312715
24.700000 -0.370956
24.750000 -0.429196
24.800000 -0.456602
24.850000 -0.466880
24.900000 -0.484010
24.950000 -0.490862
25.000000 -0.460028
25.050000 -0.412066
25.100000 -0.370955
25.150000 -0.316141
25.200000 -0.254476
25.250000 -0.213365
25.300000 -0.172254
25.350000 -0.144847
25.400000 -0.161976
25.450000 -0.213365
25.500000 -0.254475
25.550000 -0.281882
25.600000 -0.309289
25.650000 -0.319567
25.700000 -0.302438
25.750000 -0.275031
25.800000 -0.244198
25.850000 -0.203086
25.900000 -0.161976
25.950000 -0.124292
26.000000 -0.093459
26.050000 -0.079755
26.100000 -0.079755
26.150000 -0.090032
26.200000 -0.103736
26.250000 -0.131143
26.300000 -0.144847
26.350000 -0.131143
26.400000 -0.103736
26.450000 -0.090032
26.500000 -0.093458
26.550000 -0.079755
26.600000 -0.072903
26.650000 -0.110588
26.700000 -0.196235
26.750000 -0.275031
26.800000 -0.364104
26.850000 -0.477158
26.900000 -0.590212
26.950000 -0.655305
27.000000 -0.675859
27.050000 -0.675860
27.100000 -0.641601
27.150000 -0.555954
27.200000 -0.442899
27.250000 -0.333271
27.300000 -0.220216
27.350000 -0.090032
27.400000 0.012744
27.450000 0.064132
27.500000 0.074410
27.550000 0.047003
27.600000 -0.021515
27.650000 -0.096884
27.700000 -0.172254
27.750000 -0.244197
27.800000 -0.285308
27.850000 -0.281883
27.900000 -0.261327
27.950000 -0.237346
28.000000 -0.199661
28.050000 -0.151698
28.100000 -0.117439
28.150000 -0.110588
28.200000 -0.141421
28.250000 -0.199661
28.300000 -0.268179
28.350000 -0.340122
28.400000 -0.429196
28.450000 -0.514843
28.500000 -0.579935
28.550000 -0.607342
28.600000 -0.603916
28.650000 -0.579935
28.700000 -0.521695
28.750000 -0.415492
28.800000 -0.299012
28.850000 -0.209939
28.900000 -0.107162
28.950000 0.002466
29.000000 0.050429
29.050000 0.053855
29.100000 0.057281
29.150000 0.023022
29.200000 -0.059200
29.250000 -0.117439
29.300000 -0.151698
29.350000 -0.213365
29.400000 -0.264753
29.450000 -0.254475
29.500000 -0.227068
29.550000 -0.206513
29.600000 -0.179106
29.650000 -0.134569
29.700000 -0.103736
29.750000 -0.079755
29.800000 -0.052348
29.850000 -0.055774
29.900000 -0.103736
29.950000 -0.155124
30.000000 -0.185957
30.050000 -0.209939
30.100000 -0.254475
30.150000 -0.278456
30.200000 -0.240772
30.250000 -0.189383
30.300000 -0.155124
30.350000 -0.076329
30.400000 0.040151
30.450000 0.105243
30.500000 0.115521
30.550000 0.129224
30.600000 0.139502
30.650000 0.105244
30.700000 0.060707
30.750000 0.029874
30.800000 -0.004386
30.850000 -0.042070
30.900000 -0.042070
30.950000 -0.031792
31.000000 -0.018089
31.050000 0.012744
31.100000 0.047003
31.150000 0.053855
31.200000 0.050429
31.250000 0.043577
31.300000 0.005892
31.350000 -0.048922
31.400000 -0.090033
31.450000 -0.137995
31.500000 -0.192809
31.550000 -0.220216
31.600000 -0.196235
31.650000 -0.137995
31.700000 -0.038644
31.750000 0.074410
31.800000 0.170335
31.850000 0.255983
31.900000 0.345056
31.950000 0.413574
32.000000 0.437554
32.050000 0.420426
32.100000 0.362185
32.150000 0.290241
32.200000 0.228575
32.250000 0.173761
32.300000 0.129224
32.350000 0.118947
32.400000 0.132650
32.450000 0.139502
32.500000 0.166910
32.550000 0.225149
32.600000 0.266260
32.650000 0.283389
32.700000 0.310797
32.750000 0.324501
32.800000 0.262834
32.850000 0.173761
32.900000 0.108670
32.950000 0.067558
33.000000 0.023022
33.050000 -0.004385
33.100000 -0.000959
33.150000 0.043578
33.200000 0.118946
33.250000 0.170336
33.300000 0.184039
33.350000 0.204595
33.400000 0.211446
33.450000 0.166909
33.500000 0.094966
33.550000 -0.000959
33.600000 -0.134569
33.650000 -0.285308
33.700000 -0.408640
33.750000 -0.501139
33.800000 -0.573083
33.850000 -0.617619
33.900000 -0.631323
33.950000 -0.603916
34.000000 -0.545675
34.050000 -0.463455
34.100000 -0.394936
34.150000 -0.346974
34.200000 -0.312715
34.250000 -0.285308
34.300000 -0.275031
34.350000 -0.275031
34.400000 -0.278457
34.450000 -0.292160
34.500000 -0.309290
34.550000 -0.299012
34.600000 -0.275031
34.650000 -0.261327
34.700000 -0.240772
34.750000 -0.172253
34.800000 -0.096885
34.850000 -0.069477
34.900000 -0.083181
34.950000 -0.086607
35.000000 -0.093458
35.050000 -0.103736
35.100000 -0.103736
35.150000 -0.083181
35.200000 -0.052348
35.250000 -0.007811
35.300000 0.057281
35.350000 0.129225
35.400000 0.184039
35.450000 0.238854
35.500000 0.307371
35.550000 0.338204
35.600000 0.317648
35.650000 0.269686
35.700000 0.211446
35.750000 0.115521
35.800000 -0.000959
35.850000 -0.100310
35.900000 -0.172254
35.950000 -0.223642
36.000000 -0.237345
36.050000 -0.206513
36.100000 -0.161976
36.150000 -0.107162
36.200000 -0.038644
36.250000 0.019596
36.300000 0.050429
36.350000 0.043578
36.400000 -0.004386
36.450000 -0.062625
36.500000 -0.110588
36.550000 -0.151699
36.600000 -0.223642
36.650000 -0.288734
36.700000 -0.309289
36.750000 -0.285308
36.800000 -0.230494
36.850000 -0.134569
36.900000 -0.011237
36.950000 0.118947
37.000000 0.245705
37.050000 0.355333
37.100000 0.430702
37.150000 0.464962
37.200000 0.454684
37.250000 0.406721
37.300000 0.334778
37.350000 0.255982
37.400000 0.160057
37.450000 0.057281
37.500000 -0.024940
37.550000 -0.103736
37.600000 -0.165402
37.650000 -0.185957
37.700000 -0.161976
37.750000 -0.124291
37.800000 -0.066051
37.850000 -0.021514
37.900000 -0.014663
37.950000 -0.035218
38.000000 -0.048922
38.050000 -0.090032
38.100000 -0.185957
38.150000 -0.285309
38.200000 -0.370955
38.250000 -0.449751
38.300000 -0.494288
38.350000 -0.484010
38.400000 -0.432622
38.450000 -0.357251
38.500000 -0.247623
38.550000 -0.110587
38.600000 0.033299
38.650000 0.163483
38.700000 0.238853
38.750000 0.232001
38.800000 0.163483
38.850000 0.026448
38.900000 -0.189384
38.950000 -0.418918
39.000000 -0.617619
39.050000 -0.795766
39.100000 -0.943079
39.150000 -1.015023
39.200000 -1.004745
39.250000 -0.946505
39.300000 -0.833451
39.350000 -0.651879
39.400000 -0.446325
39.450000 -0.268179
39.500000 -0.107161
39.550000 0.023022
39.600000 0.088113
39.650000 0.070985
39.700000 -0.014663
39.750000 -0.137995
39.800000 -0.271604
39.850000 -0.418918
39.900000 -0.552528
39.950000 -0.662156
40.000000 -0.740952
40.050000 -0.795765
40.100000 -0.799192
40.150000 -0.768359
40.200000 -0.744378
40.250000 -0.744378
40.300000 -0.727248
40.350000 -0.696415
40.400000 -0.692989
40.450000 -0.710118
40.500000 -0.716971
40.550000 -0.703266
40.600000 -0.665582
40.650000 -0.614193
40.700000 -0.542250
40.750000 -0.449751
40.800000 -0.353825
40.850000 -0.288734
40.900000 -0.230494
40.950000 -0.175679
41.000000 -0.158550
41.050000 -0.185957
41.100000 -0.196235
41.150000 -0.192809
41.200000 -0.227068
41.250000 -0.254475
41.300000 -0.230494
41.350000 -0.185957
41.400000 -0.155124
41.450000 -0.093459
41.500000 -0.028366
41.550000 -0.014663
41.600000 -0.021514
41.650000 -0.011237
41.700000 -0.038645
41.750000 -0.120866
41.800000 -0.213365
41.850000 -0.316142
41.900000 -0.460028
41.950000 -0.576509
42.000000 -0.648453
42.050000 -0.727248
42.100000 -0.809469
42.150000 -0.809469
42.200000 -0.758081
42.250000 -0.716970
42.300000 -0.655305
42.350000 -0.542250
42.400000 -0.418918
42.450000 -0.316141
42.500000 -0.216790
42.550000 -0.114014
42.600000 -0.028366
42.650000 0.026448
42.700000 0.060707
42.750000 0.084688
42.800000 0.081262
42.850000 0.050429
42.900000 0.019596
42.950000 -0.000959
43.000000 -0.055773
43.050000 -0.127717
43.100000 -0.161976
43.150000 -0.141421
43.200000 -0.134569
43.250000 -0.144847
43.300000 -0.127717
43.350000 -0.083180
43.400000 -0.042070
43.450000 -0.014663
43.500000 0.009318
43.550000 0.023022
43.600000 0.019596
43.650000 0.005893
43.700000 -0.038644
43.750000 -0.117440
43.800000 -0.213364
43.850000 -0.299012
43.900000 -0.370955
43.950000 -0.405215
44.000000 -0.425770
44.050000 -0.463454
44.100000 -0.497713
44.150000 -0.497714
44.200000 -0.463455
44.250000 -0.439473
44.300000 -0.436047
44.350000 -0.439474
44.400000 -0.442899
44.450000 -0.439474
44.500000 -0.446325
44.550000 -0.480584
44.600000 -0.511417
44.650000 -0.504565
44.700000 -0.490862
44.750000 -0.484010
44.800000 -0.477158
44.850000 -0.453177
44.900000 -0.415492
44.950000 -0.336697
45.000000 -0.261327
45.050000 -0.220216
45.100000 -0.192809
45.150000 -0.120865
45.200000 -0.048921
45.250000 -0.024941
45.300000 -0.021515
45.350000 -0.004385
45.400000 -0.000959
45.450000 -0.028366
45.500000 -0.066051
45.550000 -0.117440
45.600000 -0.192809
45.650000 -0.281883
45.700000 -0.360678
45.750000 -0.446325
45.800000 -0.525120
45.850000 -0.586787
45.900000 -0.627898
45.950000 -0.651879
46.000000 -0.651878
46.050000 -0.607342
46.100000 -0.518268
46.150000 -0.405215
46.200000 -0.285308
46.250000 -0.168828
46.300000 -0.079755
46.350000 -0.028367
46.400000 -0.004385
46.450000 0.009318
46.500000 -0.007811
46.550000 -0.076329
46.600000 -0.172254
46.650000 -0.261327
46.700000 -0.350400
46.750000 -0.429196
46.800000 -0.477158
46.850000 -0.497713
46.900000 -0.477158
46.950000 -0.422344
47.000000 -0.340122
47.050000 -0.237346
47.100000 -0.134569
47.150000 -0.055774
47.200000 0.005893
47.250000 0.067558
47.300000 0.105243
47.350000 0.094965
47.400000 0.033300
47.450000 -0.066051
47.500000 -0.199661
47.550000 -0.319567
47.600000 -0.432621
47.650000 -0.573083
47.700000 -0.727248
47.750000 -0.840302
47.800000 -0.915672
47.850000 -0.987616
47.900000 -1.032153
47.950000 -1.015023
48.000000 -0.960209
48.050000 -0.881413
48.100000 -0.768358
48.150000 -0.651878
48.200000 -0.559380
48.250000 -0.466880
48.300000 -0.367529
48.350000 -0.288734
48.400000 -0.237346
48.450000 -0.209938
48.500000 -0.216790
48.550000 -0.247623
48.600000 -0.278457
48.650000 -0.305864
48.700000 -0.340122
48.750000 -0.377807
48.800000 -0.422344
48.850000 -0.473732
48.900000 -0.518269
48.950000 -0.542249
49.000000 -0.555954
49.050000 -0.549102
49.100000 -0.521695
49.150000 -0.487436
49.200000 -0.446325
49.250000 -0.381233
49.300000 -0.319567
49.350000 -0.285308
49.400000 -0.251049
49.450000 -0.192809
49.500000 -0.144846
49.550000 -0.141421
49.600000 -0.158550
49.650000 -0.168828
49.700000 -0.185957
49.750000 -0.227068
49.800000 -0.271605
49.850000 -0.299011
49.900000 -0.322993
49.950000 -0.329844
50.000000 -0.288734
50.050000 -0.227068
50.100000 -0.189383
50.150000 -0.151699
50.200000 -0.076329
50.250000 -0.000960
50.300000 0.036725
50.350000 0.060707
50.400000 0.084688
50.450000 0.098392
50.500000 0.077836
50.550000 0.036725
50.600000 0.002466
50.650000 -0.018089
50.700000 -0.042070
50.750000 -0.076329
50.800000 -0.100310
50.850000 -0.110588
50.900000 -0.137994
50.950000 -0.168827
51.000000 -0.179106
51.050000 -0.182531
51.100000 -0.209939
51.150000 -0.240772
51.200000 -0.275030
51.250000 -0.312715
51.300000 -0.333271
51.350000 -0.329845
51.400000 -0.305863
51.450000 -0.275030
51.500000 -0.240771
51.550000 -0.203087
51.600000 -0.168828
51.650000 -0.117440
51.700000 -0.066051
51.750000 -0.035218
51.800000 -0.021515
51.850000 -0.028366
51.900000 -0.062625
51.950000 -0.120866
52.000000 -0.175680
52.050000 -0.244198
52.100000 -0.346974
52.150000 -0.429196
52.200000 -0.480584
52.250000 -0.538824
52.300000 -0.586786
52.350000 -0.586786
52.400000 -0.576509
52.450000 -0.573083
52.500000 -0.559379
52.550000 -0.525120
52.600000 -0.494287
52.650000 -0.470306
52.700000 -0.456603
52.750000 -0.473732
52.800000 -0.480584
52.850000 -0.470307
52.900000 -0.480584
52.950000 -0.504565
53.000000 -0.501139
53.050000 -0.473732
53.100000 -0.449751
53.150000 -0.384659
53.200000 -0.299012
53.250000 -0.233919
53.300000 -0.168828
53.350000 -0.086607
53.400000 -0.042070
53.450000 -0.045496
53.500000 -0.066051
53.550000 -0.117440
53.600000 -0.230494
53.650000 -0.370955
53.700000 -0.504565
53.750000 -0.634749
53.800000 -0.747803
53.850000 -0.823173
53.900000 -0.847154
53.950000 -0.812895
54.000000 -0.744378
54.050000 -0.662156
54.100000 -0.549102
54.150000 -0.398363
54.200000 -0.261327
54.250000 -0.182532
54.300000 -0.110588
54.350000 -0.052348
54.400000 -0.066051
54.450000 -0.131143
54.500000 -0.185958
54.550000 -0.227068
54.600000 -0.295586
54.650000 -0.346974
54.700000 -0.353826
54.750000 -0.333270
54.800000 -0.309290
54.850000 -0.257901
54.900000 -0.175679
54.950000 -0.076329
55.000000 -0.000960
55.050000 0.043577
55.100000 0.070985
55.150000 0.094965
55.200000 0.098391
55.250000 0.053855
55.300000 -0.007811
55.350000 -0.059199
55.400000 -0.120865
55.450000 -0.189383
55.500000 -0.240772
55.550000 -0.264753
55.600000 -0.275030
55.650000 -0.281882
55.700000 -0.278456
55.750000 -0.264752
55.800000 -0.247623
55.850000 -0.237345
55.900000 -0.233920
55.950000 -0.237346
56.000000 -0.251049
56.050000 -0.278456
56.100000 -0.302437
56.150000 -0.346974
56.200000 -0.394937
56.250000 -0.425769
56.300000 -0.432621
56.350000 -0.466880
56.400000 -0.525120
56.450000 -0.562805
56.500000 -0.600490
56.550000 -0.641601
56.600000 -0.669007
56.650000 -0.692989
56.700000 -0.737526
56.750000 -0.737526
56.800000 -0.710118
56.850000 -0.706692
56.900000 -0.713545
56.950000 -0.669008
57.000000 -0.600490
57.050000 -0.562806
57.100000 -0.538824
57.150000 -0.494287
57.200000 -0.453177
57.250000 -0.429196
57.300000 -0.408640
57.350000 -0.398363
57.400000 -0.401788
57.450000 -0.401789
57.500000 -0.405214
57.550000 -0.432622
57.600000 -0.473732
57.650000 -0.514843
57.700000 -0.559379
57.750000 -0.600490
57.800000 -0.655304
57.850000 -0.706693
57.900000 -0.734100
57.950000 -0.730674
58.000000 -0.699841
58.050000 -0.627897
58.100000 -0.507991
58.150000 -0.374382
58.200000 -0.264753
58.250000 -0.168828
58.300000 -0.076329
58.350000 -0.011237
58.400000 0.019596
58.450000 0.029873
58.500000 0.012745
58.550000 -0.062625
58.600000 -0.196235
58.650000 -0.343548
58.700000 -0.477158
58.750000 -0.603916
58.800000 -0.716971
58.850000 -0.809470
58.900000 -0.871135
58.950000 -0.898542
59.000000 -0.901969
59.050000 -0.874561
59.100000 -0.795766
59.150000 -0.686137
59.200000 -0.597064
59.250000 -0.497713
59.300000 -0.374381
59.350000 -0.257901
59.400000 -0.158550
59.450000 -0.086607
59.500000 -0.066051
59.550000 -0.066052
59.600000 -0.055773
59.650000 -0.093458
59.700000 -0.192809
59.750000 -0.275031
59.800000 -0.312716
59.850000 -0.377808
59.900000 -0.460028
59.950000 -0.497714
60.000000 -0.501139
60.050000 -0.514843
60.100000 -0.514843
60.150000 -0.494288
60.200000 -0.470306
60.250000 -0.449751
60.300000 -0.436047
60.350000 -0.442899
60.400000 -0.449751
60.450000 -0.439473
60.500000 -0.425770
60.550000 -0.442899
60.600000 -0.466880
60.650000 -0.473732
60.700000 -0.460029
60.750000 -0.463454
60.800000 -0.490861
60.850000 -0.514843
60.900000 -0.518268
60.950000 -0.545676
61.000000 -0.579934
61.050000 -0.555953
61.100000 -0.501140
61.150000 -0.460028
61.200000 -0.412066
61.250000 -0.340123
61.300000 -0.292160
61.350000 -0.237346
61.400000 -0.161976
61.450000 -0.103736
61.500000 -0.083181
61.550000 -0.048922
61.600000 -0.000959
61.650000 0.012744
61.700000 0.005892
61.750000 0.009319
61.800000 0.023022
61.850000 0.043578
61.900000 0.074410
61.950000 0.088114
62.000000 0.088114
62.050000 0.101818
62.100000 0.136076
62.150000 0.173761
62.200000 0.187465
62.250000 0.177187
62.300000 0.136077
62.350000 0.084688
62.400000 0.016170
62.450000 -0.083181
62.500000 -0.165402
62.550000 -0.220216
62.600000 -0.288734
62.650000 -0.360678
62.700000 -0.388084
62.750000 -0.377808
62.800000 -0.377807
62.850000 -0.346974
62.900000 -0.281882
62.950000 -0.257901
63.000000 -0.271605
63.050000 -0.299012
63.100000 -0.357251
63.150000 -0.456603
63.200000 -0.555953
63.250000 -0.665582
63.300000 -0.799192
63.350000 -0.901968
63.400000 -0.949931
63.450000 -0.980764
63.500000 -0.980764
63.550000 -0.922524
63.600000 -0.840302
63.650000 -0.747804
63.700000 -0.600490
63.750000 -0.442900
63.800000 -0.336697
63.850000 -0.247623
63.900000 -0.134569
63.950000 -0.038644
64.000000 0.002466
64.050000 0.029873
64.100000 0.057281
64.150000 0.064133
64.200000 0.050429
64.250000 0.029874
64.300000 -0.007811
64.350000 -0.042069
64.400000 -0.090032
64.450000 -0.137995
64.500000 -0.182532
64.550000 -0.233919
64.600000 -0.305863
64.650000 -0.353826
64.700000 -0.384659
64.750000 -0.429196
64.800000 -0.456603
64.850000 -0.453176
64.900000 -0.463454
64.950000 -0.497714
65.000000 -0.487436
65.050000 -0.473732
65.100000 -0.507991
65.150000 -0.549102
65.200000 -0.549102
65.250000 -0.545676
65.300000 -0.562805
65.350000 -0.569657
65.400000 -0.569657
65.450000 -0.566231
65.500000 -0.562805
65.550000 -0.555953
65.600000 -0.562805
65.650000 -0.576509
65.700000 -0.566231
65.750000 -0.559379
65.800000 -0.573083
65.850000 -0.593639
65.900000 -0.583361
65.950000 -0.555953
66.000000 -0.531972
66.050000 -0.518268
66.100000 -0.497713
66.150000 -0.460029
66.200000 -0.412066
66.250000 -0.367530
66.300000 -0.333270
66.350000 -0.316142
66.400000 -0.319567
66.450000 -0.319567
66.500000 -0.336697
66.550000 -0.381233
66.600000 -0.429196
66.650000 -0.463455
66.700000 -0.507991
66.750000 -0.549102
66.800000 -0.566231
66.850000 -0.559380
66.900000 -0.549102
66.950000 -0.549102
67.000000 -0.549101
67.050000 -0.525120
67.100000 -0.477158
67.150000 -0.466880
67.200000 -0.484009
67.250000 -0.470306
67.300000 -0.436048
67.350000 -0.436048
67.400000 -0.453177
67.450000 -0.470306
67.500000 -0.484009
67.550000 -0.490862
67.600000 -0.480584
67.650000 -0.449751
67.700000 -0.394937
67.750000 -0.329845
67.800000 -0.292160
67.850000 -0.281882
67.900000 -0.247624
67.950000 -0.196235
68.000000 -0.182532
68.050000 -0.179106
68.100000 -0.158550
68.150000 -0.158550
68.200000 -0.206513
68.250000 -0.278456
68.300000 -0.333271
68.350000 -0.370955
68.400000 -0.394937
68.450000 -0.405214
68.500000 -0.401789
68.550000 -0.360678
68.600000 -0.281882
68.650000 -0.182532
68.700000 -0.059200
68.750000 0.060707
68.800000 0.163483
68.850000 0.228575
68.900000 0.273112
68.950000 0.279964
69.000000 0.235428
69.050000 0.163483
69.100000 0.053855
69.150000 -0.093458
69.200000 -0.247624
69.250000 -0.381234
69.300000 -0.511417
69.350000 -0.627897
69.400000 -0.686137
69.450000 -0.696415
69.500000 -0.699840
69.550000 -0.692989
69.600000 -0.692989
69.650000 -0.713544
69.700000 -0.727248
69.750000 -0.727248
69.800000 -0.740952
69.850000 -0.761507
69.900000 -0.792340
69.950000 -0.826599
70.000000 -0.857432
70.050000 -0.864284
70.100000 -0.871135
70.150000 -0.874561
70.200000 -0.836876
70.250000 -0.764933
70.300000 -0.696415
70.350000 -0.607342
70.400000 -0.514843
70.450000 -0.473732
70.500000 -0.432621
70.550000 -0.357252
70.600000 -0.302438
70.650000 -0.302438
70.700000 -0.305864
70.750000 -0.278457
70.800000 -0.268179
70.850000 -0.292160
70.900000 -0.326418
70.950000 -0.340122
71.000000 -0.367529
71.050000 -0.401788
71.100000 -0.405214
71.150000 -0.350400
71.200000 -0.275030
71.250000 -0.216790
71.300000 -0.141421
71.350000 -0.031792
71.400000 0.070985
71.450000 0.153206
71.500000 0.214872
71.550000 0.255983
71.600000 0.252557
71.650000 0.201168
71.700000 0.108669
71.750000 -0.004385
71.800000 -0.158550
71.850000 -0.319567
71.900000 -0.436047
71.950000 -0.507991
72.000000 -0.549102
72.050000 -0.562806
72.100000 -0.525120
72.150000 -0.446325
72.200000 -0.353826
72.250000 -0.254475
72.300000 -0.144847
72.350000 -0.038644
72.400000 0.026447
72.450000 0.053855
72.500000 0.050429
72.550000 0.002467
72.600000 -0.100310
72.650000 -0.223642
72.700000 -0.357252
72.750000 -0.514843
72.800000 -0.682711
72.850000 -0.809469
72.900000 -0.905394
72.950000 -0.980763
73.000000 -1.008171
73.050000 -0.997894
73.100000 -0.994468
73.150000 -0.960209
73.200000 -0.854006
73.250000 -0.720396
73.300000 -0.590212
73.350000 -0.456603
73.400000 -0.322993
73.450000 -0.209939
73.500000 -0.131143
73.550000 -0.100310
73.600000 -0.107162
73.650000 -0.134569
73.700000 -0.203087
73.750000 -0.333270
73.800000 -0.477158
73.850000 -0.576509
73.900000 -0.662156
73.950000 -0.768358
74.000000 -0.854006
74.050000 -0.884839
74.100000 -0.871136
74.150000 -0.826599
74.200000 -0.764932
74.250000 -0.720396
74.300000 -0.669007
74.350000 -0.607341
74.400000 -0.559379
74.450000 -0.545676
74.500000 -0.559379
74.550000 -0.562805
74.600000 -0.566231
74.650000 -0.573083
74.700000 -0.555954
74.750000 -0.514842
74.800000 -0.466880
74.850000 -0.439474
74.900000 -0.415492
74.950000 -0.360678
75.000000 -0.281882
75.050000 -0.233920
75.100000 -0.230494
75.150000 -0.240771
75.200000 -0.244198
75.250000 -0.251050
75.300000 -0.247623
75.350000 -0.237345
75.400000 -0.233920
75.450000 -0.244198
75.500000 -0.233920
75.550000 -0.213365
75.600000 -0.209939
75.650000 -0.209939
75.700000 -0.196235
75.750000 -0.175680
75.800000 -0.179106
75.850000 -0.203087
75.900000 -0.233920
75.950000 -0.247623
76.000000 -0.254475
76.050000 -0.247623
76.100000 -0.227068
76.150000 -0.199661
76.200000 -0.175680
76.250000 -0.151698
76.300000 -0.127717
76.350000 -0.117440
76.400000 -0.148272
76.450000 -0.196235
76.500000 -0.227068
76.550000 -0.261327
76.600000 -0.322992
76.650000 -0.391511
76.700000 -0.439473
76.750000 -0.480584
76.800000 -0.535398
76.850000 -0.576508
76.900000 -0.579934
76.950000 -0.559379
77.000000 -0.545676
77.050000 -0.535398
77.100000 -0.507991
77.150000 -0.480584
77.200000 -0.470306
77.250000 -0.460028
77.300000 -0.446325
77.350000 -0.460029
77.400000 -0.494287
77.450000 -0.497714
77.500000 -0.494287
77.550000 -0.528546
77.600000 -0.566231
77.650000 -0.569657
77.700000 -0.583361
77.750000 -0.617620
77.800000 -0.638175
77.850000 -0.651878
77.900000 -0.696415
77.950000 -0.740951
78.000000 -0.754655
78.050000 -0.758081
78.100000 -0.764932
78.150000 -0.758081
78.200000 -0.734099
78.250000 -0.710118
78.300000 -0.665582
78.350000 -0.593638
78.400000 -0.514842
78.450000 -0.446324
78.500000 -0.374382
78.550000 -0.299012
78.600000 -0.251049
78.650000 -0.220216
78.700000 -0.185957
78.750000 -0.148273
78.800000 -0.134569
78.850000 -0.127717
78.900000 -0.093458
78.950000 -0.066051
79.000000 -0.059199
79.050000 -0.066052
79.100000 -0.062626
79.150000 -0.052348
79.200000 -0.024941
79.250000 -0.011237
79.300000 -0.007811
79.350000 -0.011237
79.400000 -0.011237
79.450000 -0.011236
79.500000 -0.000959
79.550000 0.002467
79.600000 -0.028366
79.650000 -0.076329
79.700000 -0.093459
79.750000 -0.096884
79.800000 -0.120865
79.850000 -0.134569
79.900000 -0.127717
79.950000 -0.114014
80.000000 -0.096884
80.050000 -0.055774
80.100000 -0.004385
80.150000 0.012744
80.200000 0.029874
80.250000 0.064133
80.300000 0.077836
80.350000 0.047003
80.400000 0.019596
80.450000 0.002466
80.500000 -0.042070
80.550000 -0.103736
80.600000 -0.161976
80.650000 -0.257901
80.700000 -0.357251
80.750000 -0.422344
80.800000 -0.463455
80.850000 -0.525120
80.900000 -0.562805
80.950000 -0.569657
81.000000 -0.573083
81.050000 -0.583360
81.100000 -0.569657
81.150000 -0.538824
81.200000 -0.518269
81.250000 -0.504565
81.300000 -0.484010
81.350000 -0.463454
81.400000 -0.480584
81.450000 -0.501139
81.500000 -0.480584
81.550000 -0.432621
81.600000 -0.415492
81.650000 -0.405215
81.700000 -0.360677
81.750000 -0.319567
81.800000 -0.285308
81.850000 -0.227068
81.900000 -0.179106
81.950000 -0.165402
82.000000 -0.151698
82.050000 -0.131143
82.100000 -0.137995
82.150000 -0.165402
82.200000 -0.182531
82.250000 -0.199660
82.300000 -0.216791
82.350000 -0.216790
82.400000 -0.223642
82.450000 -0.240771
82.500000 -0.244198
82.550000 -0.251049
82.600000 -0.278456
82.650000 -0.302437
82.700000 -0.333271
82.750000 -0.377807
82.800000 -0.422344
82.850000 -0.449751
82.900000 -0.470307
82.950000 -0.514843
83.000000 -0.576509
83.050000 -0.631323
83.100000 -0.658730
83.150000 -0.658730
83.200000 -0.658730
83.250000 -0.655304
83.300000 -0.617620
83.350000 -0.562806
83.400000 -0.525120
83.450000 -0.497713
83.500000 -0.446325
83.550000 -0.377808
83.600000 -0.302438
83.650000 -0.227068
83.700000 -0.155125
83.750000 -0.093458
83.800000 -0.031792
83.850000 0.019597
83.900000 0.040151
83.950000 0.053855
84.000000 0.074410
84.050000 0.067559
84.100000 0.019596
84.150000 -0.042070
84.200000 -0.086606
84.250000 -0.127717
84.300000 -0.165402
84.350000 -0.182532
84.400000 -0.175679
84.450000 -0.168828
84.500000 -0.161977
84.550000 -0.141420
84.600000 -0.124291
84.650000 -0.117439
84.700000 -0.127718
84.750000 -0.144846
84.800000 -0.172254
84.850000 -0.223642
84.900000 -0.281882
84.950000 -0.319567
85.000000 -0.350400
85.050000 -0.391510
85.100000 -0.425770
85.150000 -0.439473
85.200000 -0.446325
85.250000 -0.422344
85.300000 -0.381233
85.350000 -0.360678
85.400000 -0.357252
85.450000 -0.322993
85.500000 -0.271604
85.550000 -0.230494
85.600000 -0.209938
85.650000 -0.185958
85.700000 -0.182531
85.750000 -0.206512
85.800000 -0.247624
85.850000 -0.309290
85.900000 -0.388085
85.950000 -0.460029
86.000000 -0.514842
86.050000 -0.583361
86.100000 -0.651879
86.150000 -0.692989
86.200000 -0.689563
86.250000 -0.675860
86.300000 -0.645027
86.350000 -0.573083
86.400000 -0.484009
86.450000 -0.405214
86.500000 -0.329844
86.550000 -0.237345
86.600000 -0.165402
86.650000 -0.144847
86.700000 -0.158550
86.750000 -0.172254
86.800000 -0.203086
86.850000 -0.261327
86.900000 -0.350400
86.950000 -0.432621
87.000000 -0.494287
87.050000 -0.562805
87.100000 -0.631323
87.150000 -0.675860
87.200000 -0.710119
87.250000 -0.747804
87.300000 -0.751229
87.350000 -0.696415
87.400000 -0.641601
87.450000 -0.593638
87.500000 -0.514843
87.550000 -0.415492
87.600000 -0.346974
87.650000 -0.322993
87.700000 -0.309289
87.750000 -0.285308
87.800000 -0.275030
87.850000 -0.278456
87.900000 -0.295586
87.950000 -0.299012
88.000000 -0.309289
88.050000 -0.316141
88.100000 -0.302437
88.150000 -0.281882
88.200000 -0.281882
88.250000 -0.288734
88.300000 -0.264752
88.350000 -0.247624
88.400000 -0.257901
88.450000 -0.285309
88.500000 -0.309289
88.550000 -0.353826
88.600000 -0.412066
88.650000 -0.446325
88.700000 -0.449751
88.750000 -0.460028
88.800000 -0.480584
88.850000 -0.480584
88.900000 -0.463454
88.950000 -0.446325
89.000000 -0.432622
89.050000 -0.436047
89.100000 -0.473732
89.150000 -0.525120
89.200000 -0.566232
89.250000 -0.593638
89.300000 -0.617619
89.350000 -0.645027
89.400000 -0.645027
89.450000 -0.617619
89.500000 -0.576509
89.550000 -0.528546
89.600000 -0.463454
89.650000 -0.377807
89.700000 -0.305864
89.750000 -0.240771
89.800000 -0.185958
89.850000 -0.155125
89.900000 -0.144846
89.950000 -0.134569
90.000000 -0.137995
90.050000 -0.189383
90.100000 -0.257901
90.150000 -0.302438
90.200000 -0.364104
90.250000 -0.466880
90.300000 -0.573083
90.350000 -0.645027
90.400000 -0.713545
90.450000 -0.795766
90.500000 -0.860858
90.550000 -0.867710
90.600000 -0.830025
90.650000 -0.758081
90.700000 -0.648452
90.750000 -0.484010
90.800000 -0.305864
90.850000 -0.141420
90.900000 0.019596
90.950000 0.187465
91.000000 0.307371
91.050000 0.365611
91.100000 0.389592
91.150000 0.382741
91.200000 0.327927
91.250000 0.228575
91.300000 0.125799
91.350000 0.012744
91.400000 -0.114014
91.450000 -0.240772
91.500000 -0.346974
91.550000 -0.415492
91.600000 -0.453177
91.650000 -0.473732
91.700000 -0.494287
91.750000 -0.477158
91.800000 -0.425770
91.850000 -0.381233
91.900000 -0.350400
91.950000 -0.333271
92.000000 -0.326419
92.050000 -0.333270
92.100000 -0.322993
92.150000 -0.326419
92.200000 -0.346974
92.250000 -0.357252
92.300000 -0.350400
92.350000 -0.353826
92.400000 -0.350400
92.450000 -0.353826
92.500000 -0.350400
92.550000 -0.309290
92.600000 -0.230494
92.650000 -0.192809
92.700000 -0.216790
92.750000 -0.244197
92.800000 -0.261326
92.850000 -0.322993
92.900000 -0.405214
92.950000 -0.463454
93.000000 -0.497713
93.050000 -0.528547
93.100000 -0.559380
93.150000 -0.552528
93.200000 -0.511417
93.250000 -0.453176
93.300000 -0.388085
93.350000 -0.305864
93.400000 -0.230494
93.450000 -0.158550
93.500000 -0.107162
93.550000 -0.107162
93.600000 -0.161976
93.650000 -0.237346
93.700000 -0.322992
93.750000 -0.456603
93.800000 -0.621045
93.850000 -0.758081
93.900000 -0.847154
93.950000 -0.929376
94.000000 -0.997893
94.050000 -1.015023
94.100000 -1.001319
94.150000 -0.946505
94.200000 -0.816321
94.250000 -0.651878
94.300000 -0.514843
94.350000 -0.367529
94.400000 -0.189383
94.450000 -0.042070
94.500000 0.033300
94.550000 0.077836
94.600000 0.105243
94.650000 0.094966
94.700000 0.067558
94.750000 0.033299
94.800000 -0.042070
94.850000 -0.137995
94.900000 -0.192809
94.950000 -0.223642
95.000000 -0.261327
95.050000 -0.281882
95.100000 -0.251049
95.150000 -0.220216
95.200000 -0.223642
95.250000 -0.230494
95.300000 -0.237346
95.350000 -0.268179
95.400000 -0.322993
95.450000 -0.401788
95.500000 -0.480584
95.550000 -0.552528
95.600000 -0.614194
95.650000 -0.672434
95.700000 -0.689564
95.750000 -0.658730
95.800000 -0.600490
95.850000 -0.528546
95.900000 -0.418918
95.950000 -0.281882
96.000000 -0.141421
96.050000 -0.011237
96.100000 0.115521
96.150000 0.204594
96.200000 0.252557
96.250000 0.283389
96.300000 0.297093
96.350000 0.269686
96.400000 0.211446
96.450000 0.156631
96.500000 0.084688
96.550000 -0.004385
96.600000 -0.076329
96.650000 -0.120866
96.700000 -0.179105
96.750000 -0.237345
96.800000 -0.254475
96.850000 -0.247623
96.900000 -0.247624
96.950000 -0.251049
97.000000 -0.251049
97.050000 -0.251049
97.100000 -0.240771
97.150000 -0.213364
97.200000 -0.189383
97.250000 -0.175680
97.300000 -0.165402
97.350000 -0.172254
97.400000 -0.206513
97.450000 -0.264753
97.500000 -0.340122
97.550000 -0.418917
97.600000 -0.490861
97.650000 -0.562806
97.700000 -0.607342
97.750000 -0.610768
97.800000 -0.576509
97.850000 -0.518269
97.900000 -0.422344
97.950000 -0.288734
98.000000 -0.161976
98.050000 -0.048922
98.100000 0.070985
98.150000 0.166909
98.200000 0.201168
98.250000 0.197742
98.300000 0.177187
98.350000 0.122373
98.400000 0.023022
98.450000 -0.072903
98.500000 -0.144846
98.550000 -0.230494
98.600000 -0.316141
98.650000 -0.346974
98.700000 -0.316141
98.750000 -0.295585
98.800000 -0.288734
98.850000 -0.257901
98.900000 -0.209938
98.950000 -0.185957
99.000000 -0.182531
99.050000 -0.192809
99.100000 -0.251049
99.150000 -0.326419
99.200000 -0.391511
99.250000 -0.456603
99.300000 -0.538824
99.350000 -0.607342
99.400000 -0.645027
99.450000 -0.655305
99.500000 -0.631323
99.550000 -0.579935
99.600000 -0.511417
99.650000 -0.425770
99.700000 -0.302438
99.750000 -0.192810
99.800000 -0.127717
99.850000 -0.069477
99.900000 -0.004386
99.950000 0.047003
100.000000 0.081262
100.050000 0.091539
100.100000 0.074411
100.150000 0.047003
100.200000 0.023022
100.250000 0.002467
100.300000 0.002467
100.350000 -0.004385
100.400000 -0.052348
100.450000 -0.100310
100.500000 -0.096884
100.550000 -0.093459
100.600000 -0.151699
100.650000 -0.247624
100.700000 -0.299011
100.750000 -0.326419
100.800000 -0.364104
100.850000 -0.405214
100.900000 -0.422344
100.950000 -0.394936
101.000000 -0.350400
101.050000 -0.299011
101.100000 -0.223642
101.150000 -0.117440
101.200000 -0.024940
101.250000 0.036725
101.300000 0.098392
101.350000 0.163483
101.400000 0.204594
101.450000 0.177187
101.500000 0.088114
101.550000 -0.011237
101.600000 -0.096884
101.650000 -0.196235
101.700000 -0.309290
101.750000 -0.381233
101.800000 -0.394937
101.850000 -0.405214
101.900000 -0.429196
101.950000 -0.401789
102.000000 -0.316141
102.050000 -0.233920
102.100000 -0.185957
102.150000 -0.151698
102.200000 -0.127717
102.250000 -0.117439
102.300000 -0.131143
102.350000 -0.165402
102.400000 -0.206513
102.450000 -0.254475
102.500000 -0.285309
102.550000 -0.316141
102.600000 -0.374381
102.650000 -0.453177
102.700000 -0.507991
102.750000 -0.545676
102.800000 -0.614193
102.850000 -0.699840
102.900000 -0.771785
102.950000 -0.836876
103.000000 -0.891690
103.050000 -0.925950
103.100000 -0.946505
103.150000 -0.956783
103.200000 -0.943079
103.250000 -0.881413
103.300000 -0.782062
103.350000 -0.682712
103.400000 -0.600490
103.450000 -0.521694
103.500000 -0.425769
103.550000 -0.329844
103.600000 -0.251050
103.650000 -0.203087
103.700000 -0.179105
103.750000 -0.165402
103.800000 -0.148272
103.850000 -0.141420
103.900000 -0.155124
103.950000 -0.158550
104.000000 -0.141421
104.050000 -0.124291
104.100000 -0.124291
104.150000 -0.117439
104.200000 -0.124291
104.250000 -0.161976
104.300000 -0.213365
104.350000 -0.257901
104.400000 -0.319567
104.450000 -0.405214
104.500000 -0.501139
104.550000 -0.576509
104.600000 -0.631323
104.650000 -0.689564
104.700000 -0.754656
104.750000 -0.778636
104.800000 -0.782062
104.850000 -0.788914
104.900000 -0.778636
104.950000 -0.720396
105.000000 -0.665582
105.050000 -0.645027
105.100000 -0.624471
105.150000 -0.586787
105.200000 -0.566231
105.250000 -0.555953
105.300000 -0.528546
105.350000 -0.525120
105.400000 -0.552528
105.450000 -0.603916
105.500000 -0.665582
105.550000 -0.754655
105.600000 -0.854006
105.650000 -0.956783
105.700000 -1.059559
105.750000 -1.141781
105.800000 -1.179465
105.850000 -1.176040
105.900000 -1.121225
105.950000 -1.015023
106.000000 -0.871135
106.050000 -0.699841
106.100000 -0.484010
106.150000 -0.223642
106.200000 0.036725
106.250000 0.255982
106.300000 0.437555
106.350000 0.578016
106.400000 0.649960
106.450000 0.643108
106.500000 0.581443
106.550000 0.458110
106.600000 0.290241
106.650000 0.115521
106.700000 -0.045496
106.750000 -0.196235
106.800000 -0.322993
106.850000 -0.415492
106.900000 -0.463455
106.950000 -0.453177
107.000000 -0.418918
107.050000 -0.377807
107.100000 -0.292160
107.150000 -0.182532
107.200000 -0.103736
107.250000 -0.072903
107.300000 -0.048922
107.350000 -0.052348
107.400000 -0.079755
107.450000 -0.114014
107.500000 -0.165402
107.550000 -0.223642
107.600000 -0.251049
107.650000 -0.257901
107.700000 -0.264753
107.750000 -0.261327
107.800000 -0.223643
107.850000 -0.172254
107.900000 -0.120866
107.950000 -0.072903
108.000000 -0.045496
108.050000 -0.031792
108.100000 0.002467
108.150000 0.029874
108.200000 0.005893
108.250000 -0.021515
108.300000 -0.011237
108.350000 -0.011237
108.400000 -0.042070
108.450000 -0.062625
108.500000 -0.072903
108.550000 -0.093458
108.600000 -0.127717
108.650000 -0.158550
108.700000 -0.185958
108.750000 -0.206513
108.800000 -0.223642
108.850000 -0.220216
108.900000 -0.199661
108.950000 -0.168828
109.000000 -0.137994
109.050000 -0.117440
109.100000 -0.114013
109.150000 -0.120865
109.200000 -0.137995
109.250000 -0.148273
109.300000 -0.172254
109.350000 -0.220216
109.400000 -0.257901
109.450000 -0.275030
109.500000 -0.268179
109.550000 -0.240772
109.600000 -0.199661
109.650000 -0.144846
109.700000 -0.062625
109.750000 0.033299
109.800000 0.098392
109.850000 0.132650
109.900000 0.163483
109.950000 0.180613
110.000000 0.153206
110.050000 0.088114
110.100000 -0.004385
110.150000 -0.107161
110.200000 -0.213365
110.250000 -0.319567
110.300000 -0.432622
110.350000 -0.521694
110.400000 -0.586786
110.450000 -0.645026
110.500000 -0.686138
110.550000 -0.692989
110.600000 -0.689563
110.650000 -0.686137
110.700000 -0.655305
110.750000 -0.586786
110.800000 -0.528546
110.850000 -0.466880
110.900000 -0.374381
110.950000 -0.264753
111.000000 -0.165402
111.050000 -0.079755
111.100000 -0.007811
111.150000 0.057281
111.200000 0.101817
111.250000 0.112095
111.300000 0.101818
111.350000 0.074410
111.400000 0.019596
111.450000 -0.045495
111.500000 -0.100310
111.550000 -0.151699
111.600000 -0.206513
111.650000 -0.261327
111.700000 -0.316141
111.750000 -0.360678
111.800000 -0.377808
111.850000 -0.346974
111.900000 -0.299012
111.950000 -0.251049
112.000000 -0.192809
112.050000 -0.107162
112.100000 -0.031793
112.150000 0.047003
112.200000 0.139502
112.250000 0.232001
112.300000 0.297093
112.350000 0.338204
112.400000 0.351908
112.450000 0.338203
112.500000 0.314223
112.550000 0.269686
112.600000 0.184039
112.650000 0.077836
112.700000 -0.018089
112.750000 -0.120866
112.800000 -0.237345
112.850000 -0.326419
112.900000 -0.367529
112.950000 -0.377807
113.000000 -0.357252
113.050000 -0.322993
113.100000 -0.295586
113.150000 -0.240771
113.200000 -0.148272
113.250000 -0.062625
113.300000 0.016170
113.350000 0.098392
113.400000 0.160058
113.450000 0.194317
113.500000 0.208020
113.550000 0.187465
113.600000 0.129225
113.650000 0.043578
113.700000 -0.062625
113.750000 -0.185958
113.800000 -0.281882
113.850000 -0.346974
113.900000 -0.401789
113.950000 -0.446325
114.000000 -0.453177
114.050000 -0.429196
114.100000 -0.401788
114.150000 -0.360677
114.200000 -0.312715
114.250000 -0.271604
114.300000 -0.233920
114.350000 -0.196235
114.400000 -0.199661
114.450000 -0.251049
114.500000 -0.305863
114.550000 -0.336696
114.600000 -0.388085
114.650000 -0.466880
114.700000 -0.531972
114.750000 -0.555953
114.800000 -0.559379
114.850000 -0.559380
114.900000 -0.535398
114.950000 -0.494287
115.000000 -0.449751
115.050000 -0.422344
115.100000 -0.388085
115.150000 -0.309289
115.200000 -0.209938
115.250000 -0.117440
115.300000 -0.035219
115.350000 0.040152
115.400000 0.070985
115.450000 0.067558
115.500000 0.067559
115.550000 0.043577
115.600000 -0.024941
115.650000 -0.103736
115.700000 -0.165402
115.750000 -0.251050
115.800000 -0.353826
115.850000 -0.425770
115.900000 -0.487435
115.950000 -0.538824
116.000000 -0.566231
116.050000 -0.552527
116.100000 -0.514842
116.150000 -0.453177
116.200000 -0.367529
116.250000 -0.292160
116.300000 -0.240772
116.350000 -0.168828
116.400000 -0.076329
116.450000 -0.018089
116.500000 -0.007811
116.550000 0.005893
116.600000 0.026448
116.650000 0.016170
116.700000 -0.021514
116.750000 -0.062625
116.800000 -0.103736
116.850000 -0.137995
116.900000 -0.185958
116.950000 -0.244197
117.000000 -0.292160
117.050000 -0.336696
117.100000 -0.377808
117.150000 -0.394937
117.200000 -0.405214
117.250000 -0.446325
117.300000 -0.504565
117.350000 -0.525120
117.400000 -0.531973
117.450000 -0.590212
117.500000 -0.645026
117.550000 -0.658730
117.600000 -0.686137
117.650000 -0.723822
117.700000 -0.703267
117.750000 -0.631323
117.800000 -0.569657
117.850000 -0.497713
117.900000 -0.398363
117.950000 -0.299012
118.000000 -0.213364
118.050000 -0.120866
118.100000 -0.014663
118.150000 0.060707
118.200000 0.094966
118.250000 0.105243
118.300000 0.101817
118.350000 0.064132
118.400000 -0.011237
118.450000 -0.072903
118.500000 -0.100310
118.550000 -0.124292
118.600000 -0.161976
118.650000 -0.182532
118.700000 -0.182532
118.750000 -0.189383
118.800000 -0.216790
118.850000 -0.230494
118.900000 -0.216791
118.950000 -0.206512
119.000000 -0.220216
119.050000 -0.233920
119.100000 -0.233920
119.150000 -0.223642
119.200000 -0.203087
119.250000 -0.137995
119.300000 -0.045496
119.350000 0.067559
119.400000 0.177187
119.450000 0.276538
119.500000 0.351907
119.550000 0.399870
119.600000 0.396444
119.650000 0.345056
119.700000 0.259409
119.750000 0.156632
119.800000 0.029874
119.850000 -0.124291
119.900000 -0.251050
119.950000 -0.333271
120.000000 -0.381233
120.050000 -0.394937
120.100000 -0.360678
120.150000 -0.275031
120.200000 -0.179105
120.250000 -0.086607
120.300000 0.019596
120.350000 0.125798
120.400000 0.190891
120.450000 0.208020
120.500000 0.194316
120.550000 0.136077
120.600000 0.023022
120.650000 -0.110588
120.700000 -0.230494
120.750000 -0.350400
120.800000 -0.453176
120.850000 -0.531972
120.900000 -0.576509
120.950000 -0.583361
121.000000 -0.555953
121.050000 -0.504565
121.100000 -0.446325
121.150000 -0.394937
121.200000 -0.353826
121.250000 -0.302438
121.300000 -0.261327
121.350000 -0.244198
121.400000 -0.240772
121.450000 -0.227068
121.500000 -0.220216
121.550000 -0.227068
121.600000 -0.223643
121.650000 -0.196235
121.700000 -0.144847
121.750000 -0.086607
121.800000 -0.038644
121.850000 -0.014662
121.900000 0.002467
121.950000 0.023022
122.000000 0.012745
122.050000 -0.038644
122.100000 -0.117440
122.150000 -0.196235
122.200000 -0.244197
122.250000 -0.271604
122.300000 -0.288734
122.350000 -0.257901
122.400000 -0.182532
122.450000 -0.114013
122.500000 -0.038644
122.550000 0.067559
122.600000 0.149780
122.650000 0.160057
122.700000 0.122373
122.750000 0.070985
122.800000 -0.028366
122.850000 -0.165402
122.900000 -0.326418
122.950000 -0.484010
123.000000 -0.641601
123.050000 -0.771784
123.100000 -0.850580
123.150000 -0.857432
123.200000 -0.816321
123.250000 -0.740952
123.300000 -0.617620
123.350000 -0.449750
123.400000 -0.295586
123.450000 -0.155124
123.500000 -0.014663
123.550000 0.094966
123.600000 0.118947
123.650000 0.115521
123.700000 0.129224
123.750000 0.112095
123.800000 0.040152
123.850000 -0.014663
123.900000 -0.042070
123.950000 -0.110588
124.000000 -0.199661
124.050000 -0.240771
124.100000 -0.261327
124.150000 -0.309290
124.200000 -0.340122
124.250000 -0.346974
124.300000 -0.367530
124.350000 -0.391511
124.400000 -0.391511
124.450000 -0.394937
124.500000 -0.422344
124.550000 -0.422344
124.600000 -0.405214
124.650000 -0.394937
124.700000 -0.381233
124.750000 -0.364103
124.800000 -0.370955
124.850000 -0.374381
124.900000 -0.357252
124.950000 -0.364104
125.000000 -0.370956
125.050000 -0.343548
125.100000 -0.309289
125.150000 -0.305864
125.200000 -0.302437
125.250000 -0.285308
125.300000 -0.278456
125.350000 -0.264753
125.400000 -0.261326
125.450000 -0.281882
125.500000 -0.285309
125.550000 -0.261327
125.600000 -0.257901
125.650000 -0.281883
125.700000 -0.275030
125.750000 -0.247623
125.800000 -0.240771
125.850000 -0.227068
125.900000 -0.192809
125.950000 -0.175680
126.000000 -0.179106
126.050000 -0.161976
126.100000 -0.151699
126.150000 -0.175680
126.200000 -0.209938
126.250000 -0.237346
126.300000 -0.254475
126.350000 -0.261327
126.400000 -0.264753
126.450000 -0.299012
126.500000 -0.340123
126.550000 -0.353826
126.600000 -0.364103
126.650000 -0.408640
126.700000 -0.480584
126.750000 -0.549102
126.800000 -0.610767
126.850000 -0.665582
126.900000 -0.713544
126.950000 -0.740952
127.000000 -0.740952
127.050000 -0.744377
127.100000 -0.737525
127.150000 -0.689563
127.200000 -0.597065
127.250000 -0.487436
127.300000 -0.364103
127.350000 -0.237346
127.400000 -0.148272
127.450000 -0.107162
127.500000 -0.069477
127.550000 -0.035219
127.600000 -0.038644
127.650000 -0.090032
127.700000 -0.155124
127.750000 -0.206513
127.800000 -0.261327
127.850000 -0.329845
127.900000 -0.408640
127.950000 -0.436048
128.000000 -0.429195
128.050000 -0.432622
128.100000 -0.415492
128.150000 -0.346974
128.200000 -0.257901
128.250000 -0.206512
128.300000 -0.155124
128.350000 -0.090033
128.400000 -0.045496
128.450000 -0.024940
128.500000 -0.007811
128.550000 -0.018088
128.600000 -0.052347
128.650000 -0.069477
128.700000 -0.096884
128.750000 -0.165402
128.800000 -0.233920
128.850000 -0.261327
128.900000 -0.288734
128.950000 -0.340123
129.000000 -0.398362
129.050000 -0.446325
129.100000 -0.497713
129.150000 -0.552527
129.200000 -0.597064
129.250000 -0.614193
129.300000 -0.600490
129.350000 -0.569657
129.400000 -0.507991
129.450000 -0.391510
129.500000 -0.268178
129.550000 -0.151699
129.600000 -0.018089
129.650000 0.122373
129.700000 0.204594
129.750000 0.249131
129.800000 0.314222
129.850000 0.348482
129.900000 0.290241
129.950000 0.190891
130.000000 0.091540
130.050000 -0.014663
130.100000 -0.131143
130.150000 -0.216790
130.200000 -0.275030
130.250000 -0.312715
130.300000 -0.329845
130.350000 -0.319567
130.400000 -0.278456
130.450000 -0.220216
130.500000 -0.168828
130.550000 -0.127717
130.600000 -0.086607
130.650000 -0.048922
130.700000 -0.035218
130.750000 -0.024940
130.800000 -0.014663
130.850000 -0.021514
130.900000 -0.055774
130.950000 -0.100310
131.000000 -0.151699
131.050000 -0.192809
131.100000 -0.213364
131.150000 -0.247623
131.200000 -0.288734
131.250000 -0.312715
131.300000 -0.316141
131.350000 -0.333271
131.400000 -0.364103
131.450000 -0.384659
131.500000 -0.391510
131.550000 -0.394937
131.600000 -0.377807
131.650000 -0.346974
131.700000 -0.305863
131.750000 -0.247624
131.800000 -0.182531
131.850000 -0.117440
131.900000 -0.062625
131.950000 -0.014663
132.000000 0.029873
132.050000 0.070984
132.100000 0.122373
132.150000 0.132650
132.200000 0.098391
132.250000 0.043577
132.300000 -0.038644
132.350000 -0.161976
132.400000 -0.292160
132.450000 -0.418918
132.500000 -0.566231
132.550000 -0.710119
132.600000 -0.795766
132.650000 -0.830025
132.700000 -0.823173
132.750000 -0.754655
132.800000 -0.634749
132.850000 -0.497713
132.900000 -0.326419
132.950000 -0.144846
133.000000 0.002466
133.050000 0.101818
133.100000 0.153206
133.150000 0.142928
133.200000 0.081262
133.250000 -0.021515
133.300000 -0.168828
133.350000 -0.326418
133.400000 -0.453177
133.450000 -0.559379
133.500000 -0.686137
133.550000 -0.764933
133.600000 -0.771784
133.650000 -0.720396
133.700000 -0.641601
133.750000 -0.538824
133.800000 -0.418917
133.850000 -0.292160
133.900000 -0.168828
133.950000 -0.066051
134.000000 0.012744
134.050000 0.070984
134.100000 0.112095
134.150000 0.136077
134.200000 0.142928
134.250000 0.132650
134.300000 0.132650
134.350000 0.136076
134.400000 0.125799
134.450000 0.112095
134.500000 0.115521
134.550000 0.108669
134.600000 0.101818
134.650000 0.108670
134.700000 0.125798
134.750000 0.125799
134.800000 0.132650
134.850000 0.139502
134.900000 0.139503
134.950000 0.129225
135.000000 0.112095
135.050000 0.067559
135.100000 -0.000960
135.150000 -0.045496
135.200000 -0.076329
135.250000 -0.134569
135.300000 -0.206513
135.350000 -0.233920
135.400000 -0.230494
135.450000 -0.244197
135.500000 -0.254475
135.550000 -0.244198
135.600000 -0.209939
135.650000 -0.179106
135.700000 -0.161976
135.750000 -0.158551
135.800000 -0.155124
135.850000 -0.172254
135.900000 -0.237346
135.950000 -0.319567
136.000000 -0.394936
136.050000 -0.487435
136.100000 -0.614194
136.150000 -0.720396
136.200000 -0.782063
136.250000 -0.854006
136.300000 -0.922523
136.350000 -0.932801
136.400000 -0.895117
136.450000 -0.881413
136.500000 -0.871135
136.550000 -0.826598
136.600000 -0.758081
136.650000 -0.682711
136.700000 -0.597064
136.750000 -0.518269
136.800000 -0.446325
136.850000 -0.374381
136.900000 -0.326418
136.950000 -0.319567
137.000000 -0.329844
137.050000 -0.357252
137.100000 -0.391511
137.150000 -0.415492
137.200000 -0.429195
137.250000 -0.463455
137.300000 -0.487436
137.350000 -0.480584
137.400000 -0.446325
137.450000 -0.394937
137.500000 -0.333271
137.550000 -0.268178
137.600000 -0.206512
137.650000 -0.165402
137.700000 -0.148272
137.750000 -0.134569
137.800000 -0.134569
137.850000 -0.161977
137.900000 -0.203087
137.950000 -0.237346
138.000000 -0.278456
138.050000 -0.319567
138.100000 -0.353826
138.150000 -0.370955
138.200000 -0.405215
138.250000 -0.432621
138.300000 -0.432622
138.350000 -0.408640
138.400000 -0.394936
138.450000 -0.394937
138.500000 -0.381233
138.550000 -0.340122
138.600000 -0.302438
138.650000 -0.254475
138.700000 -0.189383
138.750000 -0.137995
138.800000 -0.103735
138.850000 -0.069477
138.900000 -0.042070
138.950000 -0.035218
139.000000 -0.028367
139.050000 -0.011237
139.100000 -0.021514
139.150000 -0.069477
139.200000 -0.103736
139.250000 -0.117439
139.300000 -0.144847
139.350000 -0.168828
139.400000 -0.175680
139.450000 -0.192809
139.500000 -0.206513
139.550000 -0.203086
139.600000 -0.223642
139.650000 -0.278457
139.700000 -0.309289
139.750000 -0.316141
139.800000 -0.346974
139.850000 -0.391511
139.900000 -0.398362
139.950000 -0.388085
140.000000 -0.370956
140.050000 -0.346974
140.100000 -0.309290
140.150000 -0.254475
140.200000 -0.175680
140.250000 -0.107162
140.300000 -0.086607
140.350000 -0.083180
140.400000 -0.076329
140.450000 -0.096884
140.500000 -0.151698
140.550000 -0.199661
140.600000 -0.244197
140.650000 -0.299011
140.700000 -0.316141
140.750000 -0.295586
140.800000 -0.295586
140.850000 -0.285309
140.900000 -0.223643
140.950000 -0.148273
141.000000 -0.107162
141.050000 -0.055774
141.100000 0.005892
141.150000 0.047003
141.200000 0.070984
141.250000 0.101818
141.300000 0.118947
141.350000 0.125798
141.400000 0.139502
141.450000 0.156632
141.500000 0.163483
141.550000 0.170335
141.600000 0.184039
141.650000 0.190891
141.700000 0.166909
141.750000 0.118947
141.800000 0.060706
141.850000 0.005893
141.900000 -0.076329
141.950000 -0.192810
142.000000 -0.299011
142.050000 -0.370955
142.100000 -0.425769
142.150000 -0.466881
142.200000 -0.473732
142.250000 -0.466880
142.300000 -0.449751
142.350000 -0.377807
142.400000 -0.268178
142.450000 -0.189383
142.500000 -0.114013
142.550000 -0.011237
142.600000 0.070985
142.650000 0.118947
142.700000 0.160058
142.750000 0.163483
142.800000 0.084688
142.850000 -0.028366
142.900000 -0.131143
142.950000 -0.244198
143.000000 -0.353826
143.050000 -0.453177
143.100000 -0.531973
143.150000 -0.573083
143.200000 -0.573082
143.250000 -0.545676
143.300000 -0.494288
143.350000 -0.401789
143.400000 -0.278456
143.450000 -0.172254
143.500000 -0.086607
143.550000 0.005892
143.600000 0.094966
143.650000 0.149780
143.700000 0.160058
143.750000 0.149780
143.800000 0.146354
143.850000 0.142928
143.900000 0.132651
143.950000 0.125799
144.000000 0.115521
144.050000 0.088113
144.100000 0.070985
144.150000 0.101818
144.200000 0.136076
144.250000 0.129225
144.300000 0.105243
144.350000 0.108669
144.400000 0.115521
144.450000 0.094966
144.500000 0.070985
144.550000 0.043577
144.600000 -0.000959
144.650000 -0.045496
144.700000 -0.093458
144.750000 -0.137995
144.800000 -0.165402
144.850000 -0.168828
144.900000 -0.175680
144.950000 -0.192809
145.000000 -0.182531
145.050000 -0.144846
145.100000 -0.117439
145.150000 -0.083181
145.200000 -0.028366
145.250000 0.009319
145.300000 0.047003
145.350000 0.112095
145.400000 0.149780
145.450000 0.160058
145.500000 0.197742
145.550000 0.235427
145.600000 0.218297
145.650000 0.190891
145.700000 0.184039
145.750000 0.156632
145.800000 0.118947
145.850000 0.094966
145.900000 0.050429
145.950000 -0.007811
146.000000 -0.035218
146.050000 -0.062625
146.100000 -0.158550
146.150000 -0.268179
146.200000 -0.329845
146.250000 -0.367530
146.300000 -0.405215
146.350000 -0.432622
146.400000 -0.439473
146.450000 -0.422344
146.500000 -0.384659
146.550000 -0.340123
146.600000 -0.316141
146.650000 -0.281882
146.700000 -0.233920
146.750000 -0.185958
146.800000 -0.158550
146.850000 -0.127717
146.900000 -0.100310
146.950000 -0.103736
147.000000 -0.120866
147.050000 -0.120865
147.100000 -0.131143
147.150000 -0.141421
147.200000 -0.131143
147.250000 -0.127717
147.300000 -0.131143
147.350000 -0.110588
147.400000 -0.096884
147.450000 -0.117439
147.500000 -0.144846
147.550000 -0.131144
147.600000 -0.110588
147.650000 -0.110587
147.700000 -0.096884
147.750000 -0.059200
147.800000 -0.007811
147.850000 0.033299
147.900000 0.060707
147.950000 0.070985
148.000000 0.070984
148.050000 0.077836
148.100000 0.074410
148.150000 0.057281
148.200000 0.019596
148.250000 -0.031792
148.300000 -0.066051
148.350000 -0.100310
148.400000 -0.148273
148.450000 -0.182532
148.500000 -0.182531
148.550000 -0.168828
148.600000 -0.155124
148.650000 -0.151699
148.700000 -0.158550
148.750000 -0.168828
148.800000 -0.172254
148.850000 -0.185957
148.900000 -0.220216
148.950000 -0.257901
149.000000 -0.302438
149.050000 -0.326419
149.100000 -0.322993
149.150000 -0.302437
149.200000 -0.278456
149.250000 -0.244198
149.300000 -0.196235
149.350000 -0.141421
149.400000 -0.086607
149.450000 -0.035218
149.500000 0.016170
149.550000 0.043577
149.600000 0.050429
149.650000 0.047003
149.700000 0.029874
149.750000 0.012744
149.800000 -0.004385
149.850000 -0.045495
149.900000 -0.096884
149.950000 -0.127718
150.000000 -0.144847
150.050000 -0.189383
150.100000 -0.223642
150.150000 -0.237345
150.200000 -0.261327
150.250000 -0.302438
150.300000 -0.316142
150.350000 -0.292160
150.400000 -0.275031
150.450000 -0.261327
150.500000 -0.227068
150.550000 -0.192809
150.600000 -0.175680
150.650000 -0.161976
150.700000 -0.134569
150.750000 -0.144847
150.800000 -0.196235
150.850000 -0.244197
150.900000 -0.278456
150.950000 -0.333270
151.000000 -0.394937
151.050000 -0.449750
151.100000 -0.497713
151.150000 -0.528547
151.200000 -0.528546
151.250000 -0.518268
151.300000 -0.525120
151.350000 -0.521694
151.400000 -0.480583
151.450000 -0.436047
151.500000 -0.405214
151.550000 -0.357252
151.600000 -0.288734
151.650000 -0.220216
151.700000 -0.161976
151.750000 -0.114013
151.800000 -0.086606
151.850000 -0.079755
151.900000 -0.090033
151.950000 -0.120865
152.000000 -0.185957
152.050000 -0.285308
152.100000 -0.377808
152.150000 -0.432621
152.200000 -0.470306
152.250000 -0.490862
152.300000 -0.473732
152.350000 -0.412066
152.400000 -0.340123
152.450000 -0.281883
152.500000 -0.206513
152.550000 -0.124291
152.600000 -0.069477
152.650000 -0.062625
152.700000 -0.107162
152.750000 -0.175680
152.800000 -0.257901
152.850000 -0.360678
152.900000 -0.477158
152.950000 -0.586786
153.000000 -0.669008
153.050000 -0.716971
153.100000 -0.727248
153.150000 -0.686138
153.200000 -0.610768
153.250000 -0.531972
153.300000 -0.453176
153.350000 -0.353826
153.400000 -0.264752
153.450000 -0.203086
153.500000 -0.158551
153.550000 -0.120865
153.600000 -0.114014
153.650000 -0.131143
153.700000 -0.141421
153.750000 -0.165402
153.800000 -0.206513
153.850000 -0.227068
153.900000 -0.206513
153.950000 -0.179106
154.000000 -0.155124
154.050000 -0.120866
154.100000 -0.079755
154.150000 -0.052347
154.200000 -0.031792
154.250000 -0.024941
154.300000 -0.048921
154.350000 -0.083181
154.400000 -0.093458
154.450000 -0.096884
154.500000 -0.096884
154.550000 -0.083180
154.600000 -0.055774
154.650000 -0.042070
154.700000 -0.014663
154.750000 0.029873
154.800000 0.053855
154.850000 0.033300
154.900000 0.016170
154.950000 0.002467
155.000000 -0.055774
155.050000 -0.144846
155.100000 -0.223642
155.150000 -0.305863
155.200000 -0.401789
155.250000 -0.456602
155.300000 -0.487436
155.350000 -0.494287
155.400000 -0.460028
155.450000 -0.381233
155.500000 -0.316141
155.550000 -0.254475
155.600000 -0.165402
155.650000 -0.079755
155.700000 -0.021515
155.750000 0.023022
155.800000 0.040151
155.850000 0.040152
155.900000 0.029874
155.950000 -0.007811
156.000000 -0.069477
156.050000 -0.137995
156.100000 -0.199661
156.150000 -0.271605
156.200000 -0.333270
156.250000 -0.388085
156.300000 -0.442899
156.350000 -0.487435
156.400000 -0.521695
156.450000 -0.552528
156.500000 -0.593638
156.550000 -0.607342
156.600000 -0.586786
156.650000 -0.569657
156.700000 -0.545676
156.750000 -0.487436
156.800000 -0.401788
156.850000 -0.322993
156.900000 -0.230493
156.950000 -0.114013
157.000000 -0.004385
157.050000 0.077836
157.100000 0.139503
157.150000 0.194316
157.200000 0.232001
157.250000 0.235427
157.300000 0.225149
157.350000 0.187465
157.400000 0.125799
157.450000 0.057281
157.500000 -0.000959
157.550000 -0.100310
157.600000 -0.223642
157.650000 -0.305864
157.700000 -0.343548
157.750000 -0.391510
157.800000 -0.436047
157.850000 -0.432622
157.900000 -0.388085
157.950000 -0.346975
158.000000 -0.299012
158.050000 -0.233919
158.100000 -0.165402
158.150000 -0.134569
158.200000 -0.131143
158.250000 -0.144847
158.300000 -0.175680
158.350000 -0.237345
158.400000 -0.329845
158.450000 -0.425770
158.500000 -0.514843
158.550000 -0.597064
158.600000 -0.641600
158.650000 -0.648452
158.700000 -0.631323
158.750000 -0.590213
158.800000 -0.514842
158.850000 -0.422344
158.900000 -0.346974
158.950000 -0.281882
159.000000 -0.220216
159.050000 -0.182531
159.100000 -0.161976
159.150000 -0.144847
159.200000 -0.165402
159.250000 -0.233920
159.300000 -0.305863
159.350000 -0.346974
159.400000 -0.391511
159.450000 -0.439473
159.500000 -0.480584
159.550000 -0.504565
159.600000 -0.507991
159.650000 -0.484009
159.700000 -0.429195
159.750000 -0.350401
159.800000 -0.257901
159.850000 -0.144846
159.900000 -0.018089
159.950000 0.084688
160.000000 0.118947
160.050000 0.108669
160.100000 0.067558
160.150000 -0.024941
160.200000 -0.165402
160.250000 -0.316142
160.300000 -0.484009
160.350000 -0.648453
160.400000 -0.758081
160.450000 -0.833450
160.500000 -0.895117
160.550000 -0.871136
160.600000 -0.768359
160.650000 -0.665582
160.700000 -0.562805
160.750000 -0.418918
160.800000 -0.292160
160.850000 -0.233920
160.900000 -0.213365
160.950000 -0.196235
161.000000 -0.227068
161.050000 -0.302437
161.100000 -0.367529
161.150000 -0.398363
161.200000 -0.408640
161.250000 -0.415492
161.300000 -0.401789
161.350000 -0.360677
161.400000 -0.302438
161.450000 -0.230494
161.500000 -0.134569
161.550000 -0.028367
161.600000 0.043578
161.650000 0.064133
161.700000 0.050429
161.750000 0.009318
161.800000 -0.062626
161.850000 -0.155124
161.900000 -0.244197
161.950000 -0.350400
162.000000 -0.460029
162.050000 -0.542250
162.100000 -0.600490
162.150000 -0.645026
162.200000 -0.665582
162.250000 -0.641601
162.300000 -0.566231
162.350000 -0.466880
162.400000 -0.357252
162.450000 -0.227068
162.500000 -0.083180
162.550000 0.029874
162.600000 0.098391
162.650000 0.156632
162.700000 0.201168
162.750000 0.221724
162.800000 0.221723
162.850000 0.208020
162.900000 0.190891
162.950000 0.170336
163.000000 0.139502
163.050000 0.094965
163.100000 0.053855
163.150000 0.019596
163.200000 -0.014663
163.250000 -0.055773
163.300000 -0.090032
163.350000 -0.117440
163.400000 -0.185957
163.450000 -0.292160
163.500000 -0.357252
163.550000 -0.394937
163.600000 -0.460029
163.650000 -0.531972
163.700000 -0.579935
163.750000 -0.631323
163.800000 -0.699841
163.850000 -0.737525
163.900000 -0.730673
163.950000 -0.689563
164.000000 -0.638175
164.050000 -0.549101
164.100000 -0.432622
164.150000 -0.312715
164.200000 -0.227068
164.250000 -0.168828
164.300000 -0.100310
164.350000 -0.042070
164.400000 -0.035218
164.450000 -0.035218
164.500000 -0.035218
164.550000 -0.093459
164.600000 -0.189383
164.650000 -0.240772
164.700000 -0.244198
164.750000 -0.254475
164.800000 -0.240772
164.850000 -0.189384
164.900000 -0.120865
164.950000 -0.042070
165.000000 0.043577
165.050000 0.098392
165.100000 0.118947
165.150000 0.153206
165.200000 0.173761
165.250000 0.136077
165.300000 0.060707
165.350000 0.002467
165.400000 -0.042070
165.450000 -0.090032
165.500000 -0.131143
165.550000 -0.155124
165.600000 -0.155125
165.650000 -0.151698
165.700000 -0.137995
165.750000 -0.096884
165.800000 -0.042070
165.850000 -0.014663
165.900000 -0.000959
165.950000 0.036726
166.000000 0.074411
166.050000 0.084688
166.100000 0.088114
166.150000 0.108669
166.200000 0.132650
166.250000 0.146354
166.300000 0.142928
166.350000 0.125798
166.400000 0.077837
166.450000 0.009319
166.500000 -0.048922
166.550000 -0.093458
166.600000 -0.148273
166.650000 -0.213364
166.700000 -0.271605
166.750000 -0.312716
166.800000 -0.343549
166.850000 -0.367530
166.900000 -0.343548
166.950000 -0.292160
167.000000 -0.247624
167.050000 -0.216790
167.100000 -0.151699
167.150000 -0.059199
167.200000 -0.004386
167.250000 0.009318
167.300000 0.023022
167.350000 0.033300
167.400000 0.019596
167.450000 0.002467
167.500000 -0.004385
167.550000 -0.000959
167.600000 0.016170
167.650000 0.060707
167.700000 0.112095
167.750000 0.153205
167.800000 0.177187
167.850000 0.204594
167.900000 0.225150
167.950000 0.225150
168.000000 0.211446
168.050000 0.190891
168.100000 0.170335
168.150000 0.160058
168.200000 0.129225
168.250000 0.081262
168.300000 0.043578
168.350000 0.029874
168.400000 0.005893
168.450000 -0.031792
168.500000 -0.048922
168.550000 -0.062625
168.600000 -0.093459
168.650000 -0.148272
168.700000 -0.185958
168.750000 -0.199661
168.800000 -0.213364
168.850000 -0.240772
168.900000 -0.275030
168.950000 -0.288734
169.000000 -0.278457
169.050000 -0.275031
169.100000 -0.302438
169.150000 -0.333271
169.200000 -0.350400
169.250000 -0.357252
169.300000 -0.367530
169.350000 -0.384658
169.400000 -0.394936
169.450000 -0.408640
169.500000 -0.401788
169.550000 -0.388085
169.600000 -0.374382
169.650000 -0.377808
169.700000 -0.381233
169.750000 -0.381233
169.800000 -0.418918
169.850000 -0.466881
169.900000 -0.487436
169.950000 -0.484009
170.000000 -0.497713
170.050000 -0.514843
170.100000 -0.497713
170.150000 -0.442899
170.200000 -0.360677
170.250000 -0.268179
170.300000 -0.172254
170.350000 -0.072903
170.400000 0.023022
170.450000 0.074411
170.500000 0.084688
170.550000 0.098392
170.600000 0.088114
170.650000 0.023022
170.700000 -0.062625
170.750000 -0.117440
170.800000 -0.175680
170.850000 -0.227068
170.900000 -0.247623
170.950000 -0.268178
171.000000 -0.312715
171.050000 -0.340122
171.100000 -0.322993
171.150000 -0.319567
171.200000 -0.322993
171.250000 -0.305864
171.300000 -0.309289
171.350000 -0.340122
171.400000 -0.350400
171.450000 -0.350400
171.500000 -0.357251
171.550000 -0.350400
171.600000 -0.333271
171.650000 -0.322993
171.700000 -0.299012
171.750000 -0.251049
171.800000 -0.233920
171.850000 -0.240771
171.900000 -0.244197
171.950000 -0.247623
172.000000 -0.281882
172.050000 -0.329845
172.100000 -0.381233
172.150000 -0.412066
172.200000 -0.412066
172.250000 -0.394937
172.300000 -0.374381
172.350000 -0.340122
172.400000 -0.295586
172.450000 -0.268178
172.500000 -0.240771
172.550000 -0.192809
172.600000 -0.165402
172.650000 -0.179106
172.700000 -0.213365
172.750000 -0.251049
172.800000 -0.281882
172.850000 -0.295586
172.900000 -0.288735
172.950000 -0.271604
173.000000 -0.230494
173.050000 -0.182532
173.100000 -0.137995
173.150000 -0.076329
173.200000 -0.014662
173.250000 -0.007811
173.300000 -0.038644
173.350000 -0.052348
173.400000 -0.086606
173.450000 -0.175679
173.500000 -0.268179
173.550000 -0.312716
173.600000 -0.340122
173.650000 -0.360677
173.700000 -0.336696
173.750000 -0.295586
173.800000 -0.247624
173.850000 -0.161976
173.900000 -0.066051
173.950000 0.002467
174.000000 0.050429
174.050000 0.115521
174.100000 0.160058
174.150000 0.173761
174.200000 0.177187
174.250000 0.163483
174.300000 0.125799
174.350000 0.094965
174.400000 0.067558
174.450000 0.023022
174.500000 -0.035219
174.550000 -0.086606
174.600000 -0.134569
174.650000 -0.185957
174.700000 -0.237346
174.750000 -0.305864
174.800000 -0.374382
174.850000 -0.425770
174.900000 -0.449751
174.950000 -0.466880
175.000000 -0.466880
175.050000 -0.446325
175.100000 -0.415492
175.150000 -0.381233
175.200000 -0.316141
175.250000 -0.213365
175.300000 -0.100310
175.350000 0.005892
175.400000 0.101817
175.450000 0.208020
175.500000 0.310796
175.550000 0.379314
175.600000 0.410147
175.650000 0.410148
175.700000 0.379315
175.750000 0.324500
175.800000 0.269686
175.850000 0.194316
175.900000 0.101818
175.950000 0.023022
176.000000 -0.031792
176.050000 -0.072903
176.100000 -0.066052
176.150000 -0.007811
176.200000 0.047003
176.250000 0.084688
176.300000 0.156631
176.350000 0.225150
176.400000 0.235427
176.450000 0.218298
176.500000 0.208020
176.550000 0.173761
176.600000 0.098392
176.650000 0.033300
176.700000 -0.018089
176.750000 -0.052348
176.800000 -0.031793
176.850000 0.036725
176.900000 0.091540
176.950000 0.142928
177.000000 0.235427
177.050000 0.317648
177.100000 0.355333
177.150000 0.372463
177.200000 0.372463
177.250000 0.334778
177.300000 0.266260
177.350000 0.201168
177.400000 0.122372
177.450000 0.053855
177.500000 0.029873
177.550000 0.016170
177.600000 0.002467
177.650000 0.012745
177.700000 0.040151
177.750000 0.047003
177.800000 0.043578
177.850000 0.029874
177.900000 -0.011237
177.950000 -0.079754
178.000000 -0.151699
178.050000 -0.216790
178.100000 -0.281883
178.150000 -0.350400
178.200000 -0.415492
178.250000 -0.470306
178.300000 -0.501139
178.350000 -0.501139
178.400000 -0.477158
178.450000 -0.439473
178.500000 -0.415492
178.550000 -0.429195
178.600000 -0.429195
178.650000 -0.398362
178.700000 -0.381233
178.750000 -0.394936
178.800000 -0.408640
178.850000 -0.408640
178.900000 -0.422344
178.950000 -0.425770
179.000000 -0.432622
179.050000 -0.470306
179.100000 -0.511417
179.150000 -0.521694
179.200000 -0.511417
179.250000 -0.528546
179.300000 -0.569657
179.350000 -0.607342
179.400000 -0.617619
179.450000 -0.603916
179.500000 -0.603916
179.550000 -0.607342
179.600000 -0.593639
179.650000 -0.579935
179.700000 -0.579934
179.750000 -0.569657
179.800000 -0.542250
179.850000 -0.538825
179.900000 -0.542250
179.950000 -0.545675
180.000000 -0.552528
180.050000 -0.562805
180.100000 -0.562805
180.150000 -0.562805
180.200000 -0.583361
180.250000 -0.610767
180.300000 -0.617619
180.350000 -0.617619
180.400000 -0.617620
180.450000 -0.610767
180.500000 -0.583360
180.550000 -0.528547
180.600000 -0.466880
180.650000 -0.401788
180.700000 -0.333270
180.750000 -0.244197
180.800000 -0.161977
180.850000 -0.117440
180.900000 -0.093458
180.950000 -0.072903
181.000000 -0.055773
181.050000 -0.052348
181.100000 -0.066051
181.150000 -0.107162
181.200000 -0.134569
181.250000 -0.158550
181.300000 -0.223642
181.350000 -0.309290
181.400000 -0.350400
181.450000 -0.377807
181.500000 -0.432622
181.550000 -0.484010
181.600000 -0.518268
181.650000 -0.566231
181.700000 -0.617619
181.750000 -0.610768
181.800000 -0.569657
181.850000 -0.545676
181.900000 -0.511417
181.950000 -0.442899
182.000000 -0.360677
182.050000 -0.278456
182.100000 -0.189383
182.150000 -0.100310
182.200000 -0.024940
182.250000 0.060707
182.300000 0.129224
182.350000 0.160057
182.400000 0.177187
182.450000 0.190890
182.500000 0.187464
182.550000 0.160058
182.600000 0.125799
182.650000 0.064133
182.700000 -0.024940
182.750000 -0.096884
182.800000 -0.155124
182.850000 -0.233920
182.900000 -0.312716
182.950000 -0.350400
183.000000 -0.388085
183.050000 -0.429196
183.100000 -0.418918
183.150000 -0.357252
183.200000 -0.295586
183.250000 -0.233920
183.300000 -0.151699
183.350000 -0.079754
183.400000 -0.021514
183.450000 0.026447
183.500000 0.040151
183.550000 -0.014663
183.600000 -0.103736
183.650000 -0.199661
183.700000 -0.329844
183.750000 -0.484009
183.800000 -0.614194
183.850000 -0.713545
183.900000 -0.764933
183.950000 -0.782063
184.000000 -0.758081
184.050000 -0.689563
184.100000 -0.555954
184.150000 -0.394936
184.200000 -0.244197
184.250000 -0.093459
184.300000 0.057280
184.350000 0.166910
184.400000 0.232001
184.450000 0.269686
184.500000 0.276538
184.550000 0.249130
184.600000 0.204594
184.650000 0.156632
184.700000 0.101817
184.750000 0.043577
184.800000 -0.011237
184.850000 -0.072903
184.900000 -0.103736
184.950000 -0.093459
185.000000 -0.076329
185.050000 -0.086606
185.100000 -0.103736
185.150000 -0.114013
185.200000 -0.141421
185.250000 -0.179105
185.300000 -0.192809
185.350000 -0.206513
185.400000 -0.247624
185.450000 -0.302438
185.500000 -0.360677
185.550000 -0.415492
185.600000 -0.453177
185.650000 -0.477158
185.700000 -0.504565
185.750000 -0.511417
185.800000 -0.501140
185.850000 -0.490862
185.900000 -0.470306
185.950000 -0.408640
186.000000 -0.333270
186.050000 -0.285308
186.100000 -0.220216
186.150000 -0.131143
186.200000 -0.052348
186.250000 0.002467
186.300000 0.067559
186.350000 0.112095
186.400000 0.108669
186.450000 0.101817
186.500000 0.112095
186.550000 0.088114
186.600000 0.036725
186.650000 -0.035218
186.700000 -0.120865
186.750000 -0.203086
186.800000 -0.278456
186.850000 -0.364104
186.900000 -0.446325
186.950000 -0.504566
187.000000 -0.538824
187.050000 -0.552527
187.100000 -0.535398
187.150000 -0.484010
187.200000 -0.412066
187.250000 -0.322993
187.300000 -0.223642
187.350000 -0.127717
187.400000 -0.042070
187.450000 0.029874
187.500000 0.088113
187.550000 0.115521
187.600000 0.101817
187.650000 0.064132
187.700000 0.002466
187.750000 -0.120866
187.800000 -0.285308
187.850000 -0.425770
187.900000 -0.538824
187.950000 -0.655304
188.000000 -0.754655
188.050000 -0.792340
188.100000 -0.775210
188.150000 -0.720396
188.200000 -0.638175
188.250000 -0.542250
188.300000 -0.422344
188.350000 -0.299012
188.400000 -0.199661
188.450000 -0.131143
188.500000 -0.069477
188.550000 -0.035218
188.600000 -0.052348
188.650000 -0.096884
188.700000 -0.134569
188.750000 -0.168828
188.800000 -0.220216
188.850000 -0.264753
188.900000 -0.257901
