time[ns] Raw_signal[mV]
-11.100000 -0.187328
-11.050000 -0.046867
-11.000000 0.079892
-10.950000 0.182668
-10.900000 0.288871
-10.850000 0.391647
-10.800000 0.446462
-10.750000 0.477295
-10.700000 0.494424
-10.650000 0.484147
-10.600000 0.443036
-10.550000 0.395073
-10.500000 0.319704
-10.450000 0.216927
-10.400000 0.131280
-10.350000 0.059336
-10.300000 -0.029737
-10.250000 -0.118811
-10.200000 -0.190754
-10.150000 -0.269550
-10.100000 -0.362048
-10.050000 -0.420288
-10.000000 -0.461399
-9.950000 -0.488806
-9.900000 -0.488807
-9.850000 -0.464825
-9.800000 -0.420288
-9.750000 -0.331215
-9.700000 -0.245568
-9.650000 -0.218161
-9.600000 -0.197606
-9.550000 -0.146217
-9.500000 -0.094829
-9.450000 -0.070848
-9.400000 -0.043441
-9.350000 -0.005756
-9.300000 0.007948
-9.250000 0.001096
-9.200000 0.007948
-9.150000 0.025077
-9.100000 0.031929
-9.050000 0.031929
-9.000000 0.059336
-8.950000 0.117576
-8.900000 0.155261
-8.850000 0.138132
-8.800000 0.107299
-8.750000 0.100447
-8.700000 0.083317
-8.650000 0.025078
-8.600000 -0.050292
-8.550000 -0.132513
-8.500000 -0.225013
-8.450000 -0.324364
-8.400000 -0.399733
-8.350000 -0.430567
-8.300000 -0.447696
-8.250000 -0.481954
-8.200000 -0.475103
-8.150000 -0.413437
-8.100000 -0.372326
-8.050000 -0.379178
-8.000000 -0.362049
-7.950000 -0.324364
-7.900000 -0.327789
-7.850000 -0.355197
-7.800000 -0.372326
-7.750000 -0.379177
-7.700000 -0.372326
-7.650000 -0.344919
-7.600000 -0.290104
-7.550000 -0.180476
-7.500000 -0.016034
-7.450000 0.141558
-7.400000 0.288871
-7.350000 0.439610
-7.300000 0.556090
-7.250000 0.590349
-7.200000 0.556090
-7.150000 0.480721
-7.100000 0.347111
-7.050000 0.168965
-7.000000 -0.022885
-6.950000 -0.207883
-6.900000 -0.372326
-6.850000 -0.499084
-6.800000 -0.571028
-6.750000 -0.588157
-6.700000 -0.540195
-6.650000 -0.423714
-6.600000 -0.290104
-6.550000 -0.163347
-6.500000 -0.057144
-6.450000 0.001096
-6.400000 0.021651
-6.350000 0.004522
-6.300000 -0.053718
-6.250000 -0.173624
-6.200000 -0.317512
-6.150000 -0.454547
-6.100000 -0.571028
-6.050000 -0.666953
-6.000000 -0.711489
-5.950000 -0.701211
-5.900000 -0.653249
-5.850000 -0.557324
-5.800000 -0.416862
-5.750000 -0.266124
-5.700000 -0.125662
-5.650000 -0.002330
-5.600000 0.097021
-5.550000 0.148409
-5.500000 0.148409
-5.450000 0.093596
-5.400000 0.001097
-5.350000 -0.108532
-5.300000 -0.211310
-5.250000 -0.307234
-5.200000 -0.372326
-5.150000 -0.399733
-5.100000 -0.379178
-5.050000 -0.331216
-5.000000 -0.272975
-4.950000 -0.183902
-4.900000 -0.070848
-4.850000 0.025077
-4.800000 0.083317
-4.750000 0.117576
-4.700000 0.131280
-4.650000 0.127854
-4.600000 0.114151
-4.550000 0.093595
-4.500000 0.066188
-4.450000 0.045633
-4.400000 0.038781
-4.350000 0.055910
-4.300000 0.103873
-4.250000 0.165539
-4.200000 0.216927
-4.150000 0.312852
-4.100000 0.436184
-4.050000 0.511553
-4.000000 0.538960
-3.950000 0.576645
-3.900000 0.614330
-3.850000 0.600626
-3.800000 0.580071
-3.750000 0.586923
-3.700000 0.583497
-3.650000 0.562942
-3.600000 0.528683
-3.550000 0.504702
-3.500000 0.508128
-3.450000 0.504702
-3.400000 0.456740
-3.350000 0.432758
-3.300000 0.494425
-3.250000 0.480720
-3.200000 0.309426
-3.150000 0.234057
-3.100000 0.343685
-3.050000 0.340260
-3.000000 0.203224
-2.950000 0.247760
-2.900000 0.401925
-2.850000 0.412203
-2.800000 0.405351
-2.750000 0.538961
-2.700000 0.583497
-2.650000 0.559516
-2.600000 0.744514
-2.550000 0.902105
-2.500000 0.741089
-2.450000 0.610905
-2.400000 0.693126
-2.350000 0.590349
-2.300000 0.292296
-2.250000 0.203224
-2.200000 0.165538
-2.150000 -0.108532
-2.100000 -0.286679
-2.050000 -0.190753
-2.000000 -0.221587
-1.950000 -0.471677
-1.900000 -0.605286
-1.850000 -0.557325
-1.800000 -0.457974
-1.750000 -0.310660
-1.700000 -0.197606
-1.650000 -0.225013
-1.600000 -0.180476
-1.550000 0.035355
-1.500000 0.151835
-1.450000 0.158687
-1.400000 0.364241
-1.350000 0.652015
-1.300000 0.720533
-1.250000 0.693126
-1.200000 0.699977
-1.150000 0.617756
-1.100000 0.545812
-1.050000 0.614331
-1.000000 0.473869
-0.950000 0.035355
-0.900000 -0.194180
-0.850000 -0.166772
-0.800000 -0.303808
-0.750000 -0.526491
-0.700000 -0.519640
-0.650000 -0.505936
-0.600000 -0.625842
-0.550000 -0.595009
-0.500000 -0.420289
-0.450000 -0.358622
-0.400000 -0.303808
-0.350000 -0.101681
-0.300000 0.083317
-0.250000 0.151835
-0.200000 0.213501
-0.150000 0.285445
-0.100000 0.336833
-0.050000 0.395074
0.000000 0.460166
0.050000 0.528683
0.100000 0.648589
0.150000 0.720533
0.200000 0.686274
0.250000 0.730810
0.300000 0.891828
0.350000 0.884976
0.400000 0.669144
0.450000 0.586923
0.500000 0.628034
0.550000 0.501276
0.600000 0.251186
0.650000 0.100447
0.700000 -0.040015
0.750000 -0.245568
0.800000 -0.303808
0.850000 -0.091403
0.900000 0.347111
0.950000 1.111084
1.000000 2.430052
1.050000 4.355402
1.100000 6.948798
1.150000 10.374692
1.200000 14.670758
1.250000 19.775334
1.300000 25.657589
1.350000 32.245570
1.400000 39.316609
1.450000 46.658290
1.500000 54.126734
1.550000 61.581468
1.600000 68.930003
1.650000 76.066133
1.700000 82.852823
1.750000 89.221553
1.800000 95.182603
1.850000 100.585233
1.900000 105.316383
1.950000 109.420593
2.000000 112.897883
2.050000 115.600903
2.100000 117.444033
2.150000 118.468383
2.200000 118.694483
2.250000 118.070973
2.300000 116.587553
2.350000 114.227123
2.400000 111.054753
2.450000 107.214323
2.500000 102.801773
2.550000 97.882203
2.600000 92.592633
2.650000 87.073523
2.700000 81.437923
2.750000 75.768083
2.800000 70.163323
2.850000 64.627083
2.900000 59.217603
2.950000 54.140433
3.000000 49.505203
3.050000 45.291363
3.100000 41.581123
3.150000 38.573193
3.200000 36.312103
3.250000 34.722483
3.300000 33.831753
3.350000 33.629630
3.400000 33.992774
3.450000 34.852677
3.500000 36.199051
3.550000 37.901713
3.600000 39.785953
3.650000 41.762693
3.700000 43.718883
3.750000 45.514043
3.800000 47.076253
3.850000 48.384943
3.900000 49.361313
3.950000 49.902613
4.000000 50.019093
4.050000 49.741593
4.100000 49.052993
4.150000 47.925873
4.200000 46.404773
4.250000 44.547943
4.300000 42.403333
4.350000 40.008643
4.400000 37.384403
4.450000 34.612873
4.500000 31.796783
4.550000 28.980693
4.600000 26.195443
4.650000 23.536963
4.700000 21.090873
4.750000 18.898309
4.800000 17.024342
4.850000 15.527228
4.900000 14.413813
4.950000 13.708080
5.000000 13.403176
5.050000 13.430587
5.100000 13.708084
5.150000 14.225396
5.200000 14.934548
5.250000 15.760190
5.300000 16.647497
5.350000 17.541651
5.400000 18.391270
5.450000 19.186082
5.500000 19.912374
5.550000 20.535880
5.600000 21.063467
5.650000 21.522541
5.700000 21.878833
5.750000 22.077531
5.800000 22.111786
5.850000 22.002163
5.900000 21.738366
5.950000 21.306705
6.000000 20.686624
6.050000 19.898665
6.100000 18.977103
6.150000 17.901373
6.200000 16.692030
6.250000 15.431305
6.300000 14.150020
6.350000 12.817349
6.400000 11.498388
6.450000 10.299322
6.500000 9.182482
6.550000 8.123882
6.600000 7.240002
6.650000 6.541121
6.700000 5.934738
6.750000 5.475669
6.800000 5.263263
6.850000 5.259838
6.900000 5.369466
6.950000 5.588727
7.000000 5.910759
7.050000 6.308158
7.100000 6.736395
7.150000 7.185191
7.200000 7.627124
7.250000 8.062211
7.300000 8.469893
7.350000 8.829611
7.400000 9.134523
7.450000 9.381187
7.500000 9.552481
7.550000 9.655256
7.600000 9.730629
7.650000 9.788861
7.700000 9.788865
7.750000 9.689517
7.800000 9.483963
7.850000 9.220166
7.900000 8.915264
7.950000 8.534993
8.000000 8.051938
8.050000 7.541480
8.100000 7.041301
8.150000 6.513713
8.200000 5.955293
8.250000 5.427706
8.300000 4.951507
8.350000 4.506141
8.400000 4.081331
8.450000 3.704483
8.500000 3.382449
8.550000 3.098100
8.600000 2.820603
8.650000 2.580791
8.700000 2.392368
8.750000 2.224499
8.800000 2.066908
8.850000 1.974409
8.900000 1.953854
8.950000 1.970983
9.000000 2.046353
9.050000 2.200518
9.100000 2.402645
9.150000 2.652735
9.200000 2.978195
9.250000 3.341339
9.300000 3.687353
9.350000 4.026517
9.400000 4.355402
9.450000 4.619196
9.500000 4.817898
9.550000 4.972063
9.600000 5.044006
9.650000 5.026877
9.700000 4.965211
9.750000 4.838452
9.800000 4.629473
9.850000 4.393087
9.900000 4.132719
9.950000 3.796982
10.000000 3.423561
10.050000 3.087823
10.100000 2.728105
10.150000 2.310146
10.200000 1.923020
10.250000 1.597561
10.300000 1.254972
10.350000 0.895253
10.400000 0.610904
10.450000 0.388221
10.500000 0.186094
10.550000 0.011374
10.600000 -0.087977
10.650000 -0.125662
10.700000 -0.122236
10.750000 -0.094829
10.800000 -0.029737
10.850000 0.066188
10.900000 0.172391
10.950000 0.275167
11.000000 0.384796
11.050000 0.494425
11.100000 0.576645
11.150000 0.648589
11.200000 0.747940
11.250000 0.864421
11.300000 0.960345
11.350000 1.025437
11.400000 1.087103
11.450000 1.145343
11.500000 1.200157
11.550000 1.213861
11.600000 1.186454
11.650000 1.148769
11.700000 1.104232
11.750000 1.028863
11.800000 0.929513
11.850000 0.843865
11.900000 0.751366
11.950000 0.628034
12.000000 0.490998
12.050000 0.347111
12.100000 0.144983
12.150000 -0.098255
12.200000 -0.341493
12.250000 -0.598434
12.300000 -0.872506
12.350000 -1.126021
12.400000 -1.341853
12.450000 -1.540554
12.500000 -1.722127
12.550000 -1.848884
12.600000 -1.883143
12.650000 -1.824903
12.700000 -1.698146
12.750000 -1.530276
12.800000 -1.311020
12.850000 -1.012968
12.900000 -0.697785
12.950000 -0.420288
13.000000 -0.139365
13.050000 0.182668
13.100000 0.460165
13.150000 0.634886
13.200000 0.754792
13.250000 0.830161
13.300000 0.850717
13.350000 0.809606
13.400000 0.727385
13.450000 0.593775
13.500000 0.432759
13.550000 0.261464
13.600000 0.073040
13.650000 -0.118810
13.700000 -0.272975
13.750000 -0.392882
13.800000 -0.495658
13.850000 -0.560750
13.900000 -0.591583
13.950000 -0.629268
14.000000 -0.677230
14.050000 -0.714915
14.100000 -0.766303
14.150000 -0.851950
14.200000 -0.961579
14.250000 -1.074634
14.300000 -1.215095
14.350000 -1.365834
14.400000 -1.492592
14.450000 -1.585092
14.500000 -1.636479
14.550000 -1.622776
14.600000 -1.543981
14.650000 -1.444630
14.700000 -1.345279
14.750000 -1.239076
14.800000 -1.105467
14.850000 -0.975283
14.900000 -0.889636
14.950000 -0.855376
15.000000 -0.834821
15.050000 -0.821118
15.100000 -0.838247
15.150000 -0.875932
15.200000 -0.879358
15.250000 -0.855376
15.300000 -0.838247
15.350000 -0.797136
15.400000 -0.708063
15.450000 -0.615565
15.500000 -0.557324
15.550000 -0.505936
15.600000 -0.488806
15.650000 -0.553898
15.700000 -0.697786
15.750000 -0.869080
15.800000 -1.088337
15.850000 -1.331575
15.900000 -1.540554
15.950000 -1.718701
16.000000 -1.886569
16.050000 -1.979068
16.100000 -1.975643
16.150000 -1.931106
16.200000 -1.828330
16.250000 -1.660460
16.300000 -1.492592
16.350000 -1.355557
16.400000 -1.194539
16.450000 -1.023246
16.500000 -0.917043
16.550000 -0.858803
16.600000 -0.817692
16.650000 -0.814265
16.700000 -0.858802
16.750000 -0.906765
16.800000 -0.917043
16.850000 -0.896487
16.900000 -0.879358
16.950000 -0.865654
17.000000 -0.827969
17.050000 -0.745748
17.100000 -0.684082
17.150000 -0.704637
17.200000 -0.780006
17.250000 -0.875931
17.300000 -1.023245
17.350000 -1.263057
17.400000 -1.554258
17.450000 -1.848885
17.500000 -2.140085
17.550000 -2.424434
17.600000 -2.667672
17.650000 -2.832115
17.700000 -2.928040
17.750000 -2.958873
17.800000 -2.928040
17.850000 -2.825263
17.900000 -2.691654
17.950000 -2.582025
18.000000 -2.486100
18.050000 -2.379898
18.100000 -2.287398
18.150000 -2.249714
18.200000 -2.225732
18.250000 -2.174344
18.300000 -2.116104
18.350000 -2.061290
18.400000 -1.979069
18.450000 -1.866014
18.500000 -1.739256
18.550000 -1.581666
18.600000 -1.420648
18.650000 -1.273336
18.700000 -1.139725
18.750000 -1.043800
18.800000 -1.006116
18.850000 -0.999264
18.900000 -1.016393
18.950000 -1.088337
19.000000 -1.187688
19.050000 -1.273335
19.100000 -1.369260
19.150000 -1.509721
19.200000 -1.663887
19.250000 -1.814626
19.300000 -1.975642
19.350000 -2.129808
19.400000 -2.280546
19.450000 -2.434712
19.500000 -2.547767
19.550000 -2.595728
19.600000 -2.636840
19.650000 -2.674525
19.700000 -2.681376
19.750000 -2.677950
19.800000 -2.671098
19.850000 -2.647117
19.900000 -2.609432
19.950000 -2.585451
20.000000 -2.551192
20.050000 -2.465545
20.100000 -2.345639
20.150000 -2.212029
20.200000 -2.064716
20.250000 -1.900273
20.300000 -1.732404
20.350000 -1.557684
20.400000 -1.376111
20.450000 -1.218521
20.500000 -1.095189
20.550000 -1.019820
20.600000 -0.978709
20.650000 -0.951301
20.700000 -0.944450
20.750000 -0.985560
20.800000 -1.071208
20.850000 -1.132873
20.900000 -1.173985
20.950000 -1.242502
21.000000 -1.328150
21.050000 -1.382963
21.100000 -1.444629
21.150000 -1.540555
21.200000 -1.622776
21.250000 -1.681016
21.300000 -1.759812
21.350000 -1.835181
21.400000 -1.855736
21.450000 -1.831756
21.500000 -1.814626
21.550000 -1.804348
21.600000 -1.773515
21.650000 -1.704997
21.700000 -1.639905
21.750000 -1.612498
21.800000 -1.588517
21.850000 -1.540554
21.900000 -1.520000
21.950000 -1.571388
22.000000 -1.622776
22.050000 -1.646757
22.100000 -1.701571
22.150000 -1.783793
22.200000 -1.838607
22.250000 -1.855736
22.300000 -1.859162
22.350000 -1.814626
22.400000 -1.715275
22.450000 -1.571388
22.500000 -1.413797
22.550000 -1.259631
22.600000 -1.122596
22.650000 -0.975283
22.700000 -0.841673
22.750000 -0.783433
22.800000 -0.821118
22.850000 -0.882784
22.900000 -0.975282
22.950000 -1.143151
23.000000 -1.365834
23.050000 -1.547406
23.100000 -1.677590
23.150000 -1.783792
23.200000 -1.848884
23.250000 -1.818052
23.300000 -1.722127
23.350000 -1.622776
23.400000 -1.489166
23.450000 -1.317871
23.500000 -1.191113
23.550000 -1.136300
23.600000 -1.115744
23.650000 -1.119171
23.700000 -1.177410
23.750000 -1.269909
23.800000 -1.345279
23.850000 -1.382963
23.900000 -1.406945
23.950000 -1.413797
24.000000 -1.406945
24.050000 -1.393242
24.100000 -1.386389
24.150000 -1.393241
24.200000 -1.406945
24.250000 -1.424075
24.300000 -1.478889
24.350000 -1.605646
24.400000 -1.746108
24.450000 -1.872866
24.500000 -2.016754
24.550000 -2.160640
24.600000 -2.232585
24.650000 -2.270269
24.700000 -2.304528
24.750000 -2.280546
24.800000 -2.198325
24.850000 -2.109252
24.900000 -2.023605
24.950000 -1.913977
25.000000 -1.835181
25.050000 -1.814625
25.100000 -1.828329
25.150000 -1.848885
25.200000 -1.883144
25.250000 -1.941383
25.300000 -2.020179
25.350000 -2.105826
25.400000 -2.153788
25.450000 -2.167493
25.500000 -2.177770
25.550000 -2.181196
25.600000 -2.126382
25.650000 -2.027031
25.700000 -1.941384
25.750000 -1.869440
25.800000 -1.766663
25.850000 -1.629628
25.900000 -1.492592
25.950000 -1.365834
26.000000 -1.232225
26.050000 -1.102041
26.100000 -0.985560
26.150000 -0.910191
26.200000 -0.855377
26.250000 -0.803988
26.300000 -0.786858
26.350000 -0.841673
26.400000 -0.947876
26.450000 -1.071208
26.500000 -1.204817
26.550000 -1.372686
26.600000 -1.567962
26.650000 -1.749534
26.700000 -1.893421
26.750000 -2.020179
26.800000 -2.119530
26.850000 -2.188047
26.900000 -2.229159
26.950000 -2.239436
27.000000 -2.201752
27.050000 -2.150363
27.100000 -2.098975
27.150000 -2.020179
27.200000 -1.900273
27.250000 -1.759811
27.300000 -1.612498
27.350000 -1.472037
27.400000 -1.369260
27.450000 -1.293890
27.500000 -1.225373
27.550000 -1.187688
27.600000 -1.201391
27.650000 -1.211669
27.700000 -1.215095
27.750000 -1.266483
27.800000 -1.348705
27.850000 -1.430926
27.900000 -1.478889
27.950000 -1.506296
28.000000 -1.516573
28.050000 -1.530277
28.100000 -1.554258
28.150000 -1.581665
28.200000 -1.595369
28.250000 -1.591942
28.300000 -1.581665
28.350000 -1.595368
28.400000 -1.643331
28.450000 -1.711849
28.500000 -1.787218
28.550000 -1.879717
28.600000 -1.951661
28.650000 -2.006476
28.700000 -2.092123
28.750000 -2.194899
28.800000 -2.239436
28.850000 -2.256565
28.900000 -2.311380
28.950000 -2.383323
29.000000 -2.390176
29.050000 -2.359342
29.100000 -2.345638
29.150000 -2.355917
29.200000 -2.369620
29.250000 -2.369620
29.300000 -2.352491
29.350000 -2.338787
29.400000 -2.331936
29.450000 -2.294250
29.500000 -2.236010
29.550000 -2.198325
29.600000 -2.170918
29.650000 -2.105826
29.700000 -2.027031
29.750000 -1.961939
29.800000 -1.913977
29.850000 -1.879718
29.900000 -1.862588
29.950000 -1.896848
30.000000 -1.975643
30.050000 -2.064716
30.100000 -2.146937
30.150000 -2.256565
30.200000 -2.383323
30.250000 -2.465545
30.300000 -2.492952
30.350000 -2.489526
30.400000 -2.451841
30.450000 -2.376472
30.500000 -2.277121
30.550000 -2.167492
30.600000 -2.051012
30.650000 -1.975642
30.700000 -1.934531
30.750000 -1.903699
30.800000 -1.903699
30.850000 -1.961939
30.900000 -2.044161
30.950000 -2.116104
31.000000 -2.194900
31.050000 -2.277121
31.100000 -2.331935
31.150000 -2.359342
31.200000 -2.349065
31.250000 -2.307954
31.300000 -2.253140
31.350000 -2.201752
31.400000 -2.129807
31.450000 -2.037309
31.500000 -1.965365
31.550000 -1.920828
31.600000 -1.869440
31.650000 -1.787219
31.700000 -1.728978
31.750000 -1.718701
31.800000 -1.711850
31.850000 -1.691294
31.900000 -1.694720
31.950000 -1.735830
32.000000 -1.797496
32.050000 -1.848885
32.100000 -1.872866
32.150000 -1.913977
32.200000 -1.989346
32.250000 -2.074993
32.300000 -2.150363
32.350000 -2.205177
32.400000 -2.246288
32.450000 -2.273695
32.500000 -2.287399
32.550000 -2.263418
32.600000 -2.218881
32.650000 -2.205177
32.700000 -2.222307
32.750000 -2.242862
32.800000 -2.270269
32.850000 -2.307953
32.900000 -2.342213
32.950000 -2.400453
33.000000 -2.458693
33.050000 -2.468971
33.100000 -2.444990
33.150000 -2.451842
33.200000 -2.441564
33.250000 -2.366194
33.300000 -2.263417
33.350000 -2.188048
33.400000 -2.122955
33.450000 -2.054438
33.500000 -2.016753
33.550000 -2.013327
33.600000 -2.030457
33.650000 -2.074994
33.700000 -2.143511
33.750000 -2.198325
33.800000 -2.259991
33.850000 -2.349065
33.900000 -2.400453
33.950000 -2.417582
34.000000 -2.455267
34.050000 -2.479248
34.100000 -2.455267
34.150000 -2.444989
34.200000 -2.451842
34.250000 -2.431286
34.300000 -2.403879
34.350000 -2.376472
34.400000 -2.335361
34.450000 -2.280547
34.500000 -2.242862
34.550000 -2.208603
34.600000 -2.174344
34.650000 -2.164067
34.700000 -2.177770
34.750000 -2.229159
34.800000 -2.328509
34.850000 -2.444990
34.900000 -2.540915
34.950000 -2.657395
35.000000 -2.787578
35.050000 -2.842392
35.100000 -2.832116
35.150000 -2.808134
35.200000 -2.725912
35.250000 -2.537488
35.300000 -2.318231
35.350000 -2.116104
35.400000 -1.907124
35.450000 -1.732404
35.500000 -1.633054
35.550000 -1.578240
35.600000 -1.557684
35.650000 -1.605647
35.700000 -1.694720
35.750000 -1.797497
35.800000 -1.917403
35.850000 -2.061290
35.900000 -2.198325
35.950000 -2.321658
36.000000 -2.414156
36.050000 -2.448416
36.100000 -2.458693
36.150000 -2.472397
36.200000 -2.455267
36.250000 -2.400453
36.300000 -2.352491
36.350000 -2.321657
36.400000 -2.277121
36.450000 -2.239436
36.500000 -2.229159
36.550000 -2.236010
36.600000 -2.242862
36.650000 -2.246288
36.700000 -2.249713
36.750000 -2.256566
36.800000 -2.290824
36.850000 -2.328509
36.900000 -2.349064
36.950000 -2.376472
37.000000 -2.397027
37.050000 -2.369620
37.100000 -2.318232
37.150000 -2.259992
37.200000 -2.157214
37.250000 -2.016753
37.300000 -1.893421
37.350000 -1.794071
37.400000 -1.715275
37.450000 -1.660461
37.500000 -1.622776
37.550000 -1.609072
37.600000 -1.670739
37.650000 -1.766663
37.700000 -1.852311
37.750000 -1.958513
37.800000 -2.119530
37.850000 -2.263417
37.900000 -2.359343
37.950000 -2.441563
38.000000 -2.496378
38.050000 -2.496378
38.100000 -2.448415
38.150000 -2.366194
38.200000 -2.253140
38.250000 -2.126382
38.300000 -1.992772
38.350000 -1.845459
38.400000 -1.711849
38.450000 -1.639905
38.500000 -1.629628
38.550000 -1.660461
38.600000 -1.725553
38.650000 -1.814626
38.700000 -1.913976
38.750000 -2.020179
38.800000 -2.133233
38.850000 -2.236011
38.900000 -2.304528
38.950000 -2.325084
39.000000 -2.335361
39.050000 -2.352490
39.100000 -2.362768
39.150000 -2.355917
39.200000 -2.331936
39.250000 -2.318232
39.300000 -2.345639
39.350000 -2.379898
39.400000 -2.400453
39.450000 -2.421008
39.500000 -2.465545
39.550000 -2.530637
39.600000 -2.606007
39.650000 -2.684802
39.700000 -2.763598
39.750000 -2.849244
39.800000 -2.928040
39.850000 -2.989706
39.900000 -3.054798
39.950000 -3.116464
40.000000 -3.123316
40.050000 -3.061650
40.100000 -3.003409
40.150000 -2.914337
40.200000 -2.756745
40.250000 -2.588877
40.300000 -2.468971
40.350000 -2.366194
40.400000 -2.259991
40.450000 -2.194900
40.500000 -2.177770
40.550000 -2.201751
40.600000 -2.273695
40.650000 -2.366194
40.700000 -2.451841
40.750000 -2.530637
40.800000 -2.592303
40.850000 -2.609432
40.900000 -2.571747
40.950000 -2.482675
41.000000 -2.338787
41.050000 -2.174344
41.100000 -2.016753
41.150000 -1.869440
41.200000 -1.742682
41.250000 -1.674165
41.300000 -1.681016
41.350000 -1.742682
41.400000 -1.845459
41.450000 -1.958513
41.500000 -2.074993
41.550000 -2.205177
41.600000 -2.318231
41.650000 -2.376472
41.700000 -2.369620
41.750000 -2.331935
41.800000 -2.266844
41.850000 -2.167493
41.900000 -2.054438
41.950000 -1.979068
42.000000 -1.924255
42.050000 -1.859163
42.100000 -1.821477
42.150000 -1.835181
42.200000 -1.889995
42.250000 -1.941384
42.300000 -1.999624
42.350000 -2.061290
42.400000 -2.098975
42.450000 -2.085271
42.500000 -2.054438
42.550000 -2.030457
42.600000 -1.985920
42.650000 -1.910551
42.700000 -1.824904
42.750000 -1.766664
42.800000 -1.722126
42.850000 -1.684442
42.900000 -1.660460
42.950000 -1.667312
43.000000 -1.691294
43.050000 -1.715275
43.100000 -1.722127
43.150000 -1.704997
43.200000 -1.701572
43.250000 -1.728979
43.300000 -1.766663
43.350000 -1.814626
43.400000 -1.896847
43.450000 -1.996198
43.500000 -2.092122
43.550000 -2.194899
43.600000 -2.311380
43.650000 -2.424434
43.700000 -2.516933
43.750000 -2.568322
43.800000 -2.588877
43.850000 -2.609432
43.900000 -2.599154
43.950000 -2.554618
44.000000 -2.520359
44.050000 -2.496377
44.100000 -2.465545
44.150000 -2.455267
44.200000 -2.496377
44.250000 -2.558044
44.300000 -2.619710
44.350000 -2.674524
44.400000 -2.698506
44.450000 -2.681376
44.500000 -2.629987
44.550000 -2.540915
44.600000 -2.403879
44.650000 -2.242862
44.700000 -2.078419
44.750000 -1.900273
44.800000 -1.728979
44.850000 -1.626202
44.900000 -1.605646
44.950000 -1.633054
45.000000 -1.698145
45.050000 -1.811200
45.100000 -1.961939
45.150000 -2.146937
45.200000 -2.345639
45.250000 -2.513508
45.300000 -2.643691
45.350000 -2.760171
45.400000 -2.866374
45.450000 -2.904058
45.500000 -2.883504
45.550000 -2.869800
45.600000 -2.849245
45.650000 -2.794430
45.700000 -2.712208
45.750000 -2.623136
45.800000 -2.516934
45.850000 -2.397027
45.900000 -2.287399
45.950000 -2.177770
46.000000 -2.037309
46.050000 -1.900272
46.100000 -1.804348
46.150000 -1.742683
46.200000 -1.681016
46.250000 -1.609072
46.300000 -1.574813
46.350000 -1.588517
46.400000 -1.619350
46.450000 -1.653608
46.500000 -1.691294
46.550000 -1.728978
46.600000 -1.759812
46.650000 -1.824903
46.700000 -1.917403
46.750000 -2.009902
46.800000 -2.119530
46.850000 -2.249713
46.900000 -2.373045
46.950000 -2.492952
47.000000 -2.623136
47.050000 -2.708783
47.100000 -2.739616
47.150000 -2.763597
47.200000 -2.756746
47.250000 -2.667673
47.300000 -2.551192
47.350000 -2.489526
47.400000 -2.462119
47.450000 -2.424434
47.500000 -2.397027
47.550000 -2.417582
47.600000 -2.499804
47.650000 -2.623135
47.700000 -2.732764
47.750000 -2.804708
47.800000 -2.859522
47.850000 -2.893781
47.900000 -2.828689
47.950000 -2.674524
48.000000 -2.492952
48.050000 -2.290825
48.100000 -2.044160
48.150000 -1.811200
48.200000 -1.626202
48.250000 -1.465185
48.300000 -1.341852
48.350000 -1.307594
48.400000 -1.335001
48.450000 -1.365834
48.500000 -1.437778
48.550000 -1.595369
48.600000 -1.787219
48.650000 -1.965365
48.700000 -2.112678
48.750000 -2.249714
48.800000 -2.379898
48.850000 -2.496378
48.900000 -2.578599
48.950000 -2.619710
49.000000 -2.657395
49.050000 -2.681376
49.100000 -2.688228
49.150000 -2.705357
49.200000 -2.719061
49.250000 -2.698506
49.300000 -2.674524
49.350000 -2.688228
49.400000 -2.681376
49.450000 -2.626562
49.500000 -2.595729
49.550000 -2.629988
49.600000 -2.647117
49.650000 -2.636839
49.700000 -2.653968
49.750000 -2.684802
49.800000 -2.671099
49.850000 -2.612858
49.900000 -2.554618
49.950000 -2.499804
50.000000 -2.451841
50.050000 -2.376472
50.100000 -2.270269
50.150000 -2.194899
50.200000 -2.177770
50.250000 -2.167492
50.300000 -2.160641
50.350000 -2.205177
50.400000 -2.287399
50.450000 -2.342213
50.500000 -2.403878
50.550000 -2.506656
50.600000 -2.595729
50.650000 -2.616284
50.700000 -2.595729
50.750000 -2.554618
50.800000 -2.489526
50.850000 -2.403879
50.900000 -2.280547
50.950000 -2.129808
51.000000 -1.999624
51.050000 -1.920828
51.100000 -1.869440
51.150000 -1.869440
51.200000 -1.941384
51.250000 -2.064716
51.300000 -2.222307
51.350000 -2.424435
51.400000 -2.612858
51.450000 -2.743042
51.500000 -2.866374
51.550000 -2.976002
51.600000 -3.006835
51.650000 -2.945169
51.700000 -2.883503
51.750000 -2.814986
51.800000 -2.719061
51.850000 -2.619710
51.900000 -2.544340
51.950000 -2.503230
52.000000 -2.499804
52.050000 -2.523785
52.100000 -2.568322
52.150000 -2.636839
52.200000 -2.715635
52.250000 -2.777301
52.300000 -2.852670
52.350000 -2.928040
52.400000 -2.969151
52.450000 -2.989706
52.500000 -3.044520
52.550000 -3.106186
52.600000 -3.150722
52.650000 -3.184982
52.700000 -3.222667
52.750000 -3.253500
52.800000 -3.263778
52.850000 -3.260352
52.900000 -3.246648
52.950000 -3.229518
53.000000 -3.222666
53.050000 -3.188407
53.100000 -3.116464
53.150000 -3.034242
53.200000 -2.945170
53.250000 -2.832115
53.300000 -2.691654
53.350000 -2.568321
53.400000 -2.462119
53.450000 -2.342213
53.500000 -2.232584
53.550000 -2.188047
53.600000 -2.194899
53.650000 -2.191474
53.700000 -2.188047
53.750000 -2.232584
53.800000 -2.287398
53.850000 -2.287398
53.900000 -2.256565
53.950000 -2.242862
54.000000 -2.208603
54.050000 -2.112678
54.100000 -1.992772
54.150000 -1.907125
54.200000 -1.838607
54.250000 -1.759812
54.300000 -1.708423
54.350000 -1.698145
54.400000 -1.715275
54.450000 -1.746108
54.500000 -1.821478
54.550000 -1.931106
54.600000 -2.051012
54.650000 -2.164067
54.700000 -2.259991
54.750000 -2.342212
54.800000 -2.407305
54.850000 -2.462119
54.900000 -2.489526
54.950000 -2.492952
55.000000 -2.468971
55.050000 -2.414156
55.100000 -2.345639
55.150000 -2.301102
55.200000 -2.246288
55.250000 -2.181196
55.300000 -2.136660
55.350000 -2.105827
55.400000 -2.078420
55.450000 -2.085271
55.500000 -2.126381
55.550000 -2.164066
55.600000 -2.188047
55.650000 -2.212029
55.700000 -2.253140
55.750000 -2.318231
55.800000 -2.373045
55.850000 -2.373046
55.900000 -2.355917
55.950000 -2.379898
56.000000 -2.403879
56.050000 -2.407305
56.100000 -2.417582
56.150000 -2.462119
56.200000 -2.503229
56.250000 -2.530637
56.300000 -2.568322
56.350000 -2.612858
56.400000 -2.612858
56.450000 -2.558044
56.500000 -2.516934
56.550000 -2.499804
56.600000 -2.468970
56.650000 -2.421008
56.700000 -2.376471
56.750000 -2.362768
56.800000 -2.369620
56.850000 -2.386749
56.900000 -2.417583
56.950000 -2.486101
57.000000 -2.585451
57.050000 -2.688227
57.100000 -2.787578
57.150000 -2.900632
57.200000 -3.003409
57.250000 -3.071927
57.300000 -3.102760
57.350000 -3.095909
57.400000 -3.051372
57.450000 -2.986281
57.500000 -2.917762
57.550000 -2.835541
57.600000 -2.753320
57.650000 -2.712209
57.700000 -2.705357
57.750000 -2.695080
57.800000 -2.698505
57.850000 -2.729338
57.900000 -2.770449
57.950000 -2.784152
58.000000 -2.763597
58.050000 -2.736190
58.100000 -2.712209
58.150000 -2.653969
58.200000 -2.554618
58.250000 -2.441563
58.300000 -2.345639
58.350000 -2.277121
58.400000 -2.242862
58.450000 -2.246288
58.500000 -2.266843
58.550000 -2.311379
58.600000 -2.379897
58.650000 -2.431286
58.700000 -2.434712
58.750000 -2.393601
58.800000 -2.321658
58.850000 -2.225732
58.900000 -2.071568
58.950000 -1.866014
59.000000 -1.674164
59.050000 -1.516573
59.100000 -1.369260
59.150000 -1.269909
59.200000 -1.266483
59.250000 -1.314446
59.300000 -1.393242
59.350000 -1.550832
59.400000 -1.763237
59.450000 -1.968790
59.500000 -2.184622
59.550000 -2.400453
59.600000 -2.554618
59.650000 -2.626561
59.700000 -2.671098
59.750000 -2.681376
59.800000 -2.588877
59.850000 -2.431286
59.900000 -2.294251
59.950000 -2.184621
60.000000 -2.040735
60.050000 -1.879717
60.100000 -1.749533
60.150000 -1.687868
60.200000 -1.681016
60.250000 -1.715274
60.300000 -1.797496
60.350000 -1.934532
60.400000 -2.119530
60.450000 -2.338787
60.500000 -2.561470
60.550000 -2.784153
60.600000 -2.996558
60.650000 -3.198685
60.700000 -3.363128
60.750000 -3.459053
60.800000 -3.493312
60.850000 -3.465904
60.900000 -3.387110
60.950000 -3.263778
61.000000 -3.116464
61.050000 -2.955448
61.100000 -2.797857
61.150000 -2.671099
61.200000 -2.551192
61.250000 -2.434712
61.300000 -2.355917
61.350000 -2.318232
61.400000 -2.294250
61.450000 -2.280547
61.500000 -2.287398
61.550000 -2.307954
61.600000 -2.318231
61.650000 -2.297677
61.700000 -2.249714
61.750000 -2.201751
61.800000 -2.184622
61.850000 -2.150363
61.900000 -2.081845
61.950000 -2.023605
62.000000 -1.979068
62.050000 -1.903699
62.100000 -1.821478
62.150000 -1.797496
62.200000 -1.794071
62.250000 -1.780367
62.300000 -1.800923
62.350000 -1.855736
62.400000 -1.903699
62.450000 -1.965365
62.500000 -2.051012
62.550000 -2.116104
62.600000 -2.164067
62.650000 -2.222307
62.700000 -2.266843
62.750000 -2.263418
62.800000 -2.229158
62.850000 -2.208603
62.900000 -2.184622
62.950000 -2.129807
63.000000 -2.057864
63.050000 -1.989346
63.100000 -1.934532
63.150000 -1.886570
63.200000 -1.831755
63.250000 -1.752960
63.300000 -1.694719
63.350000 -1.674164
63.400000 -1.663886
63.450000 -1.639906
63.500000 -1.615924
63.550000 -1.605647
63.600000 -1.619350
63.650000 -1.646757
63.700000 -1.674164
63.750000 -1.698146
63.800000 -1.718701
63.850000 -1.752959
63.900000 -1.800922
63.950000 -1.872866
64.000000 -1.955087
64.050000 -2.023605
64.100000 -2.098974
64.150000 -2.184621
64.200000 -2.222307
64.250000 -2.215455
64.300000 -2.215455
64.350000 -2.212029
64.400000 -2.177770
64.450000 -2.126382
64.500000 -2.085271
64.550000 -2.040735
64.600000 -2.006475
64.650000 -2.003049
64.700000 -2.023605
64.750000 -2.037309
64.800000 -2.054438
64.850000 -2.088697
64.900000 -2.146937
64.950000 -2.198326
65.000000 -2.236010
65.050000 -2.270269
65.100000 -2.321657
65.150000 -2.369620
65.200000 -2.434712
65.250000 -2.520359
65.300000 -2.612858
65.350000 -2.712209
65.400000 -2.835541
65.450000 -2.945169
65.500000 -3.023964
65.550000 -3.099335
65.600000 -3.150722
65.650000 -3.099335
65.700000 -2.982854
65.750000 -2.876652
65.800000 -2.719061
65.850000 -2.475823
65.900000 -2.232584
65.950000 -2.030457
66.000000 -1.831756
66.050000 -1.650183
66.100000 -1.530276
66.150000 -1.492592
66.200000 -1.543980
66.250000 -1.660460
66.300000 -1.814626
66.350000 -2.006476
66.400000 -2.215455
66.450000 -2.383324
66.500000 -2.496378
66.550000 -2.582025
66.600000 -2.623136
66.650000 -2.561469
66.700000 -2.410731
66.750000 -2.215455
66.800000 -1.985920
66.850000 -1.756386
66.900000 -1.554258
66.950000 -1.393242
67.000000 -1.317872
67.050000 -1.328149
67.100000 -1.396667
67.150000 -1.509721
67.200000 -1.694719
67.250000 -1.927680
67.300000 -2.181196
67.350000 -2.458693
67.400000 -2.722487
67.450000 -2.914337
67.500000 -3.085631
67.550000 -3.270629
67.600000 -3.376831
67.650000 -3.376832
67.700000 -3.363128
67.750000 -3.345999
67.800000 -3.263777
67.850000 -3.143871
67.900000 -3.027391
67.950000 -2.883503
68.000000 -2.722486
68.050000 -2.602580
68.100000 -2.475823
68.150000 -2.321657
68.200000 -2.208604
68.250000 -2.140085
68.300000 -2.088697
68.350000 -2.098975
68.400000 -2.160640
68.450000 -2.212029
68.500000 -2.273695
68.550000 -2.393601
68.600000 -2.534062
68.650000 -2.650543
68.700000 -2.767024
68.750000 -2.849244
68.800000 -2.873226
68.850000 -2.876652
68.900000 -2.869800
68.950000 -2.804708
69.000000 -2.684802
69.050000 -2.554618
69.100000 -2.431286
69.150000 -2.318231
69.200000 -2.198326
69.250000 -2.064716
69.300000 -1.965365
69.350000 -1.934532
69.400000 -1.924254
69.450000 -1.900273
69.500000 -1.927680
69.550000 -2.020179
69.600000 -2.122956
69.650000 -2.212029
69.700000 -2.314806
69.750000 -2.431286
69.800000 -2.534062
69.850000 -2.612858
69.900000 -2.657395
69.950000 -2.657395
70.000000 -2.626562
70.050000 -2.561470
70.100000 -2.468971
70.150000 -2.376471
70.200000 -2.304528
70.250000 -2.236010
70.300000 -2.194899
70.350000 -2.194900
70.400000 -2.239436
70.450000 -2.314805
70.500000 -2.410731
70.550000 -2.506656
70.600000 -2.588877
70.650000 -2.664247
70.700000 -2.719060
70.750000 -2.722487
70.800000 -2.667672
70.850000 -2.578599
70.900000 -2.486100
70.950000 -2.379898
71.000000 -2.259992
71.050000 -2.140086
71.100000 -2.044160
71.150000 -1.961939
71.200000 -1.869440
71.250000 -1.776941
71.300000 -1.725553
71.350000 -1.728979
71.400000 -1.763238
71.450000 -1.807774
71.500000 -1.876292
71.550000 -1.961939
71.600000 -2.047586
71.650000 -2.129807
71.700000 -2.208603
71.750000 -2.266844
71.800000 -2.283972
71.850000 -2.256565
71.900000 -2.191474
71.950000 -2.116104
72.000000 -2.071568
72.050000 -2.044160
72.100000 -2.030457
72.150000 -2.057864
72.200000 -2.140085
72.250000 -2.270269
72.300000 -2.417582
72.350000 -2.554618
72.400000 -2.671098
72.450000 -2.767023
72.500000 -2.845818
72.550000 -2.859522
72.600000 -2.791004
72.650000 -2.684802
72.700000 -2.578599
72.750000 -2.468971
72.800000 -2.345638
72.850000 -2.249713
72.900000 -2.208604
72.950000 -2.188048
73.000000 -2.194899
73.050000 -2.266843
73.100000 -2.390175
73.150000 -2.506656
73.200000 -2.606006
73.250000 -2.695079
73.300000 -2.760172
73.350000 -2.797856
73.400000 -2.814985
73.450000 -2.814986
73.500000 -2.814986
73.550000 -2.828689
73.600000 -2.825263
73.650000 -2.808133
73.700000 -2.838967
73.750000 -2.907485
73.800000 -2.962299
73.850000 -3.013687
73.900000 -3.082205
73.950000 -3.116464
74.000000 -3.092483
74.050000 -3.041095
74.100000 -2.955448
74.150000 -2.818412
74.200000 -2.616284
74.250000 -2.400453
74.300000 -2.201751
74.350000 -2.016753
74.400000 -1.831755
74.450000 -1.684442
74.500000 -1.612498
74.550000 -1.595368
74.600000 -1.605646
74.650000 -1.653609
74.700000 -1.746107
74.750000 -1.876292
74.800000 -2.023605
74.850000 -2.143512
74.900000 -2.232584
74.950000 -2.325083
75.000000 -2.397027
75.050000 -2.407304
75.100000 -2.373046
75.150000 -2.352490
75.200000 -2.325083
75.250000 -2.249714
75.300000 -2.174344
75.350000 -2.126381
75.400000 -2.095549
75.450000 -2.057864
75.500000 -2.006475
75.550000 -1.985920
75.600000 -2.006475
75.650000 -2.027031
75.700000 -2.023605
75.750000 -2.054438
75.800000 -2.129808
75.850000 -2.177771
75.900000 -2.194900
75.950000 -2.232584
76.000000 -2.259991
76.050000 -2.225732
76.100000 -2.177770
76.150000 -2.136660
76.200000 -2.074994
76.250000 -1.982494
76.300000 -1.907124
76.350000 -1.866014
76.400000 -1.821477
76.450000 -1.773515
76.500000 -1.735830
76.550000 -1.742682
76.600000 -1.797497
76.650000 -1.855736
76.700000 -1.920828
76.750000 -2.054438
76.800000 -2.239437
76.850000 -2.400453
76.900000 -2.527211
76.950000 -2.657394
77.000000 -2.760172
77.050000 -2.787578
77.100000 -2.756746
77.150000 -2.701931
77.200000 -2.619710
77.250000 -2.510081
77.300000 -2.349065
77.350000 -2.164067
77.400000 -2.013327
77.450000 -1.903698
77.500000 -1.821477
77.550000 -1.814626
77.600000 -1.913976
77.650000 -2.037308
77.700000 -2.157215
77.750000 -2.325083
77.800000 -2.530636
77.850000 -2.677950
77.900000 -2.749893
77.950000 -2.780727
78.000000 -2.770449
78.050000 -2.681376
78.100000 -2.527211
78.150000 -2.331935
78.200000 -2.126381
78.250000 -1.958513
78.300000 -1.821478
78.350000 -1.711849
78.400000 -1.660461
78.450000 -1.681016
78.500000 -1.759812
78.550000 -1.886569
78.600000 -2.040734
78.650000 -2.205177
78.700000 -2.359342
78.750000 -2.482674
78.800000 -2.571747
78.850000 -2.660820
78.900000 -2.743042
78.950000 -2.770449
79.000000 -2.736190
79.050000 -2.684802
79.100000 -2.643691
79.150000 -2.606006
79.200000 -2.561470
79.250000 -2.499804
79.300000 -2.438138
79.350000 -2.359343
79.400000 -2.242862
79.450000 -2.092123
79.500000 -1.924254
79.550000 -1.773516
79.600000 -1.653609
79.650000 -1.550832
79.700000 -1.465185
79.750000 -1.441203
79.800000 -1.513147
79.850000 -1.626202
79.900000 -1.735831
79.950000 -1.879718
80.000000 -2.047587
80.050000 -2.181196
80.100000 -2.283973
80.150000 -2.400453
80.200000 -2.482674
80.250000 -2.492952
80.300000 -2.496378
80.350000 -2.523785
80.400000 -2.558043
80.450000 -2.595729
80.500000 -2.681376
80.550000 -2.811559
80.600000 -2.945169
80.650000 -3.044521
80.700000 -3.113038
80.750000 -3.164426
80.800000 -3.181556
80.850000 -3.116464
80.900000 -2.993132
80.950000 -2.880077
81.000000 -2.760172
81.050000 -2.588877
81.100000 -2.424435
81.150000 -2.321657
81.200000 -2.239436
81.250000 -2.198326
81.300000 -2.242862
81.350000 -2.301102
81.400000 -2.338787
81.450000 -2.424434
81.500000 -2.578599
81.550000 -2.701931
81.600000 -2.780727
81.650000 -2.876651
81.700000 -2.986280
81.750000 -3.051373
81.800000 -3.075353
81.850000 -3.085631
81.900000 -3.075353
81.950000 -3.034242
82.000000 -2.952021
82.050000 -2.856096
82.100000 -2.767023
82.150000 -2.667672
82.200000 -2.523785
82.250000 -2.366195
82.300000 -2.225733
82.350000 -2.105826
82.400000 -1.992772
82.450000 -1.893421
82.500000 -1.821477
82.550000 -1.790644
82.600000 -1.787219
82.650000 -1.790644
82.700000 -1.821477
82.750000 -1.879718
82.800000 -1.958513
82.850000 -2.044161
82.900000 -2.143511
82.950000 -2.229158
83.000000 -2.263417
83.050000 -2.253140
83.100000 -2.212029
83.150000 -2.143511
83.200000 -2.054438
83.250000 -1.951661
83.300000 -1.807774
83.350000 -1.643331
83.400000 -1.519999
83.450000 -1.444630
83.500000 -1.382964
83.550000 -1.355557
83.600000 -1.376112
83.650000 -1.396667
83.700000 -1.403519
83.750000 -1.427500
83.800000 -1.475462
83.850000 -1.523425
83.900000 -1.581665
83.950000 -1.653608
84.000000 -1.715275
84.050000 -1.794071
84.100000 -1.896847
84.150000 -1.992772
84.200000 -2.095548
84.250000 -2.212029
84.300000 -2.304528
84.350000 -2.369620
84.400000 -2.431286
84.450000 -2.431286
84.500000 -2.328509
84.550000 -2.208603
84.600000 -2.112678
84.650000 -1.961939
84.700000 -1.776941
84.750000 -1.650183
84.800000 -1.571388
84.850000 -1.492592
84.900000 -1.478889
84.950000 -1.564536
85.000000 -1.670738
85.050000 -1.766663
85.100000 -1.889995
85.150000 -2.023605
85.200000 -2.143511
85.250000 -2.225732
85.300000 -2.242862
85.350000 -2.225732
85.400000 -2.212029
85.450000 -2.157215
85.500000 -2.054438
85.550000 -1.992772
85.600000 -1.972217
85.650000 -1.948235
85.700000 -1.955087
85.750000 -2.020179
85.800000 -2.074993
85.850000 -2.133233
85.900000 -2.246288
85.950000 -2.355917
86.000000 -2.421008
86.050000 -2.475822
86.100000 -2.544341
86.150000 -2.578599
86.200000 -2.585451
86.250000 -2.592303
86.300000 -2.578599
86.350000 -2.551192
86.400000 -2.534062
86.450000 -2.510081
86.500000 -2.455268
86.550000 -2.407305
86.600000 -2.369620
86.650000 -2.314806
86.700000 -2.273695
86.750000 -2.287399
86.800000 -2.325083
86.850000 -2.362768
86.900000 -2.417582
86.950000 -2.513507
87.000000 -2.647117
87.050000 -2.791004
87.100000 -2.928040
87.150000 -3.044520
87.200000 -3.143871
87.250000 -3.219241
87.300000 -3.243221
87.350000 -3.212389
87.400000 -3.164427
87.450000 -3.068501
87.500000 -2.934892
87.550000 -2.821838
87.600000 -2.739616
87.650000 -2.650543
87.700000 -2.578599
87.750000 -2.554618
87.800000 -2.544340
87.850000 -2.523785
87.900000 -2.530637
87.950000 -2.540914
88.000000 -2.506655
88.050000 -2.441564
88.100000 -2.369620
88.150000 -2.283973
88.200000 -2.181196
88.250000 -2.085271
88.300000 -1.999624
88.350000 -1.941384
88.400000 -1.913977
88.450000 -1.893422
88.500000 -1.900273
88.550000 -1.955088
88.600000 -2.033883
88.650000 -2.119530
88.700000 -2.222307
88.750000 -2.314806
88.800000 -2.383323
88.850000 -2.448415
88.900000 -2.503229
88.950000 -2.503229
89.000000 -2.475823
89.050000 -2.451841
89.100000 -2.414156
89.150000 -2.349065
89.200000 -2.270270
89.250000 -2.184622
89.300000 -2.119530
89.350000 -2.095549
89.400000 -2.098975
89.450000 -2.109252
89.500000 -2.126382
89.550000 -2.157215
89.600000 -2.184622
89.650000 -2.198326
89.700000 -2.191474
89.750000 -2.167492
89.800000 -2.140086
89.850000 -2.112678
89.900000 -2.078420
89.950000 -2.037309
90.000000 -1.992772
90.050000 -1.941383
90.100000 -1.889995
90.150000 -1.852310
90.200000 -1.831755
90.250000 -1.831755
90.300000 -1.855736
90.350000 -1.889995
90.400000 -1.931106
90.450000 -1.968791
90.500000 -2.013327
90.550000 -2.071568
90.600000 -2.122956
90.650000 -2.153789
90.700000 -2.184622
90.750000 -2.236010
90.800000 -2.294250
90.850000 -2.318232
90.900000 -2.338787
90.950000 -2.397027
91.000000 -2.458693
91.050000 -2.479249
91.100000 -2.516933
91.150000 -2.588877
91.200000 -2.629988
91.250000 -2.636839
91.300000 -2.667673
91.350000 -2.677950
91.400000 -2.629988
91.450000 -2.575173
91.500000 -2.530636
91.550000 -2.427860
91.600000 -2.280547
91.650000 -2.150363
91.700000 -2.023605
91.750000 -1.883143
91.800000 -1.780367
91.850000 -1.708423
91.900000 -1.650183
91.950000 -1.629628
92.000000 -1.667312
92.050000 -1.698146
92.100000 -1.722127
92.150000 -1.800923
92.200000 -1.920828
92.250000 -2.020179
92.300000 -2.126382
92.350000 -2.266843
92.400000 -2.386749
92.450000 -2.455267
92.500000 -2.499804
92.550000 -2.530637
92.600000 -2.506656
92.650000 -2.444989
92.700000 -2.383323
92.750000 -2.335361
92.800000 -2.290824
92.850000 -2.236010
92.900000 -2.201751
92.950000 -2.208604
93.000000 -2.259991
93.050000 -2.331935
93.100000 -2.407305
93.150000 -2.482674
93.200000 -2.561469
93.250000 -2.595728
93.300000 -2.588877
93.350000 -2.558044
93.400000 -2.496378
93.450000 -2.366194
93.500000 -2.198325
93.550000 -2.071567
93.600000 -1.958513
93.650000 -1.828329
93.700000 -1.722127
93.750000 -1.691294
93.800000 -1.687868
93.850000 -1.698146
93.900000 -1.742683
93.950000 -1.790645
94.000000 -1.824903
94.050000 -1.848884
94.100000 -1.859163
94.150000 -1.811200
94.200000 -1.742682
94.250000 -1.670739
94.300000 -1.588517
94.350000 -1.530277
94.400000 -1.506295
94.450000 -1.485741
94.500000 -1.502869
94.550000 -1.588517
94.600000 -1.691294
94.650000 -1.770089
94.700000 -1.866014
94.750000 -1.972217
94.800000 -2.006476
94.850000 -1.982495
94.900000 -1.968791
94.950000 -1.948235
95.000000 -1.896847
95.050000 -1.835181
95.100000 -1.814625
95.150000 -1.824904
95.200000 -1.845459
95.250000 -1.866014
95.300000 -1.948235
95.350000 -2.112679
95.400000 -2.273695
95.450000 -2.376472
95.500000 -2.468971
95.550000 -2.568321
95.600000 -2.602581
95.650000 -2.571747
95.700000 -2.551192
95.750000 -2.530636
95.800000 -2.468970
95.850000 -2.383324
95.900000 -2.338787
95.950000 -2.352490
96.000000 -2.383324
96.050000 -2.421008
96.100000 -2.465545
96.150000 -2.527211
96.200000 -2.582026
96.250000 -2.606007
96.300000 -2.595729
96.350000 -2.554618
96.400000 -2.468970
96.450000 -2.328509
96.500000 -2.181196
96.550000 -2.051012
96.600000 -1.924254
96.650000 -1.800922
96.700000 -1.722127
96.750000 -1.698146
96.800000 -1.718701
96.850000 -1.756386
96.900000 -1.818051
96.950000 -1.903699
97.000000 -2.020179
97.050000 -2.122956
97.100000 -2.170918
97.150000 -2.201751
97.200000 -2.246288
97.250000 -2.259991
97.300000 -2.229158
97.350000 -2.201751
97.400000 -2.191473
97.450000 -2.157215
97.500000 -2.129807
97.550000 -2.157215
97.600000 -2.170918
97.650000 -2.140086
97.700000 -2.136659
97.750000 -2.157215
97.800000 -2.119530
97.850000 -2.054438
97.900000 -2.033883
97.950000 -2.040735
98.000000 -2.033882
98.050000 -2.020179
98.100000 -2.016753
98.150000 -2.016753
98.200000 -2.047586
98.250000 -2.105826
98.300000 -2.184622
98.350000 -2.273695
98.400000 -2.373046
98.450000 -2.441563
98.500000 -2.503229
98.550000 -2.585451
98.600000 -2.633413
98.650000 -2.626561
98.700000 -2.616284
98.750000 -2.612858
98.800000 -2.582025
98.850000 -2.530637
98.900000 -2.492952
98.950000 -2.441564
99.000000 -2.369619
99.050000 -2.266844
99.100000 -2.167493
99.150000 -2.088696
99.200000 -2.030457
99.250000 -1.961939
99.300000 -1.917402
99.350000 -1.934532
99.400000 -1.979069
99.450000 -1.999624
99.500000 -2.003050
99.550000 -2.044161
99.600000 -2.088697
99.650000 -2.098975
99.700000 -2.092123
99.750000 -2.088696
99.800000 -2.068142
99.850000 -2.013327
99.900000 -1.937957
99.950000 -1.848885
100.000000 -1.722126
100.050000 -1.561110
100.100000 -1.406945
100.150000 -1.269909
100.200000 -1.160281
100.250000 -1.078059
100.300000 -1.026671
100.350000 -1.002690
100.400000 -1.016393
100.450000 -1.074633
100.500000 -1.180836
100.550000 -1.321298
100.600000 -1.475463
100.650000 -1.622776
100.700000 -1.818052
100.750000 -2.071567
100.800000 -2.304528
100.850000 -2.465545
100.900000 -2.612858
100.950000 -2.763597
101.000000 -2.862949
101.050000 -2.900633
101.100000 -2.907485
101.150000 -2.890355
101.200000 -2.818411
101.250000 -2.705357
101.300000 -2.585451
101.350000 -2.458693
101.400000 -2.311380
101.450000 -2.174345
101.500000 -2.088697
101.550000 -2.061290
101.600000 -2.074993
101.650000 -2.129807
101.700000 -2.225732
101.750000 -2.379897
101.800000 -2.568321
101.850000 -2.753320
101.900000 -2.921189
101.950000 -3.034242
102.000000 -3.044520
102.050000 -2.986280
102.100000 -2.904059
102.150000 -2.773875
102.200000 -2.558044
102.250000 -2.335361
102.300000 -2.160640
102.350000 -2.023605
102.400000 -1.931106
102.450000 -1.913976
102.500000 -1.955087
102.550000 -2.054438
102.600000 -2.194900
102.650000 -2.338787
102.700000 -2.441564
102.750000 -2.510082
102.800000 -2.527211
102.850000 -2.475822
102.900000 -2.369620
102.950000 -2.232584
103.000000 -2.051013
103.050000 -1.862588
103.100000 -1.728978
103.150000 -1.639905
103.200000 -1.598795
103.250000 -1.633054
103.300000 -1.742682
103.350000 -1.910551
103.400000 -2.102400
103.450000 -2.287398
103.500000 -2.427860
103.550000 -2.520359
103.600000 -2.564896
103.650000 -2.537489
103.700000 -2.434712
103.750000 -2.297676
103.800000 -2.153788
103.850000 -1.992772
103.900000 -1.821478
103.950000 -1.704997
104.000000 -1.653609
104.050000 -1.633054
104.100000 -1.646757
104.150000 -1.725553
104.200000 -1.814626
104.250000 -1.855737
104.300000 -1.866014
104.350000 -1.883144
104.400000 -1.872866
104.450000 -1.804348
104.500000 -1.691294
104.550000 -1.585091
104.600000 -1.523425
104.650000 -1.516573
104.700000 -1.543981
104.750000 -1.602221
104.800000 -1.694720
104.850000 -1.814626
104.900000 -1.934532
104.950000 -2.037308
105.000000 -2.122956
105.050000 -2.157215
105.100000 -2.126382
105.150000 -2.061290
105.200000 -1.958513
105.250000 -1.821478
105.300000 -1.687867
105.350000 -1.574813
105.400000 -1.475462
105.450000 -1.413797
105.500000 -1.417222
105.550000 -1.496018
105.600000 -1.636479
105.650000 -1.804348
105.700000 -2.003050
105.750000 -2.215455
105.800000 -2.421008
105.850000 -2.595729
105.900000 -2.715635
105.950000 -2.784152
106.000000 -2.784153
106.050000 -2.705357
106.100000 -2.585451
106.150000 -2.434711
106.200000 -2.239436
106.250000 -2.030456
106.300000 -1.872866
106.350000 -1.749534
106.400000 -1.619350
106.450000 -1.513147
106.500000 -1.485741
106.550000 -1.513148
106.600000 -1.547406
106.650000 -1.591943
106.700000 -1.653609
106.750000 -1.746108
106.800000 -1.835181
106.850000 -1.879718
106.900000 -1.903698
106.950000 -1.961939
107.000000 -2.044160
107.050000 -2.098975
107.100000 -2.140085
107.150000 -2.208603
107.200000 -2.294251
107.250000 -2.331935
107.300000 -2.328509
107.350000 -2.328510
107.400000 -2.297677
107.450000 -2.212029
107.500000 -2.102401
107.550000 -2.006476
107.600000 -1.900273
107.650000 -1.783792
107.700000 -1.698146
107.750000 -1.639905
107.800000 -1.591943
107.850000 -1.588517
107.900000 -1.629628
107.950000 -1.674164
108.000000 -1.715275
108.050000 -1.794071
108.100000 -1.896847
108.150000 -1.989347
108.200000 -2.078419
108.250000 -2.184622
108.300000 -2.283973
108.350000 -2.362768
108.400000 -2.410731
108.450000 -2.427860
108.500000 -2.438138
108.550000 -2.465545
108.600000 -2.458693
108.650000 -2.410731
108.700000 -2.342213
108.750000 -2.270269
108.800000 -2.177770
108.850000 -2.078419
108.900000 -1.958513
108.950000 -1.821477
109.000000 -1.708423
109.050000 -1.657035
109.100000 -1.643331
109.150000 -1.643332
109.200000 -1.670739
109.250000 -1.742682
109.300000 -1.831755
109.350000 -1.951661
109.400000 -2.098974
109.450000 -2.239437
109.500000 -2.373046
109.550000 -2.523785
109.600000 -2.643691
109.650000 -2.701931
109.700000 -2.722487
109.750000 -2.708783
109.800000 -2.619710
109.850000 -2.458694
109.900000 -2.253139
109.950000 -2.023605
110.000000 -1.783793
110.050000 -1.543980
110.100000 -1.293890
110.150000 -1.081485
110.200000 -0.951302
110.250000 -0.882784
110.300000 -0.896487
110.350000 -1.009542
110.400000 -1.177410
110.450000 -1.355556
110.500000 -1.564536
110.550000 -1.794070
110.600000 -2.013327
110.650000 -2.188048
110.700000 -2.318231
110.750000 -2.390176
110.800000 -2.417583
110.850000 -2.390175
110.900000 -2.314805
110.950000 -2.215455
111.000000 -2.109252
111.050000 -1.972216
111.100000 -1.821477
111.150000 -1.691294
111.200000 -1.567962
111.250000 -1.427500
111.300000 -1.300742
111.350000 -1.197966
111.400000 -1.091763
111.450000 -0.995838
111.500000 -0.944450
111.550000 -0.934172
111.600000 -0.937598
111.650000 -0.947875
111.700000 -0.975282
111.750000 -1.030097
111.800000 -1.112318
111.850000 -1.194540
111.900000 -1.263057
111.950000 -1.335001
112.000000 -1.379538
112.050000 -1.389815
112.100000 -1.396667
112.150000 -1.427500
112.200000 -1.441204
112.250000 -1.424074
112.300000 -1.420648
112.350000 -1.434352
112.400000 -1.448056
112.450000 -1.451482
112.500000 -1.461759
112.550000 -1.492592
112.600000 -1.543981
112.650000 -1.588517
112.700000 -1.643332
112.750000 -1.735830
112.800000 -1.818052
112.850000 -1.872866
112.900000 -1.937957
112.950000 -2.037308
113.000000 -2.119530
113.050000 -2.181196
113.100000 -2.232584
113.150000 -2.270269
113.200000 -2.283973
113.250000 -2.287398
113.300000 -2.287398
113.350000 -2.280547
113.400000 -2.266843
113.450000 -2.222306
113.500000 -2.143511
113.550000 -2.064715
113.600000 -1.996198
113.650000 -1.927680
113.700000 -1.879718
113.750000 -1.869440
113.800000 -1.872866
113.850000 -1.872866
113.900000 -1.903699
113.950000 -1.958513
114.000000 -1.982495
114.050000 -2.013327
114.100000 -2.068142
114.150000 -2.088697
114.200000 -2.051012
114.250000 -1.996198
114.300000 -1.931106
114.350000 -1.835181
114.400000 -1.718701
114.450000 -1.605646
114.500000 -1.516574
114.550000 -1.468611
114.600000 -1.444630
114.650000 -1.448055
114.700000 -1.516573
114.750000 -1.633053
114.800000 -1.711849
114.850000 -1.776941
114.900000 -1.886570
114.950000 -1.992772
115.000000 -2.033883
115.050000 -2.044161
115.100000 -2.061290
115.150000 -2.057864
115.200000 -2.027031
115.250000 -1.999623
115.300000 -1.972217
115.350000 -1.951661
115.400000 -1.951661
115.450000 -1.979068
115.500000 -2.033883
115.550000 -2.116104
115.600000 -2.225733
115.650000 -2.355916
115.700000 -2.499804
115.750000 -2.629988
115.800000 -2.736190
115.850000 -2.821838
115.900000 -2.880077
115.950000 -2.897207
116.000000 -2.890356
116.050000 -2.832115
116.100000 -2.712209
116.150000 -2.561470
116.200000 -2.417582
116.250000 -2.263418
116.300000 -2.105826
116.350000 -1.972216
116.400000 -1.889995
116.450000 -1.872866
116.500000 -1.903699
116.550000 -1.972217
116.600000 -2.054438
116.650000 -2.136660
116.700000 -2.191474
116.750000 -2.229158
116.800000 -2.263418
116.850000 -2.263417
116.900000 -2.239437
116.950000 -2.232585
117.000000 -2.246288
117.050000 -2.236010
117.100000 -2.212029
117.150000 -2.232584
117.200000 -2.273695
117.250000 -2.301103
117.300000 -2.349064
117.350000 -2.424435
117.400000 -2.482675
117.450000 -2.510082
117.500000 -2.561470
117.550000 -2.619710
117.600000 -2.629988
117.650000 -2.626562
117.700000 -2.636839
117.750000 -2.606007
117.800000 -2.513508
117.850000 -2.410731
117.900000 -2.307954
117.950000 -2.167492
118.000000 -1.989346
118.050000 -1.794070
118.100000 -1.598794
118.150000 -1.441204
118.200000 -1.307594
118.250000 -1.191114
118.300000 -1.139725
118.350000 -1.177410
118.400000 -1.239076
118.450000 -1.304168
118.500000 -1.400093
118.550000 -1.516573
118.600000 -1.629628
118.650000 -1.722126
118.700000 -1.776941
118.750000 -1.776940
118.800000 -1.752960
118.850000 -1.698146
118.900000 -1.615924
118.950000 -1.543981
119.000000 -1.482314
119.050000 -1.410371
119.100000 -1.372686
119.150000 -1.400093
119.200000 -1.461759
119.250000 -1.520000
119.300000 -1.626201
119.350000 -1.780367
119.400000 -1.951661
119.450000 -2.119530
119.500000 -2.270269
119.550000 -2.403879
119.600000 -2.520359
119.650000 -2.599154
119.700000 -2.619710
119.750000 -2.616284
119.800000 -2.626562
119.850000 -2.626562
119.900000 -2.575173
119.950000 -2.516933
120.000000 -2.496378
120.050000 -2.492952
120.100000 -2.475822
120.150000 -2.472397
120.200000 -2.486101
120.250000 -2.489526
120.300000 -2.492952
120.350000 -2.516934
120.400000 -2.510081
120.450000 -2.472397
120.500000 -2.448415
120.550000 -2.410730
120.600000 -2.307954
120.650000 -2.191474
120.700000 -2.102401
120.750000 -2.006475
120.800000 -1.883144
120.850000 -1.770089
120.900000 -1.653609
120.950000 -1.530277
121.000000 -1.430926
121.050000 -1.348705
121.100000 -1.293891
121.150000 -1.283613
121.200000 -1.300743
121.250000 -1.328149
121.300000 -1.393242
121.350000 -1.496018
121.400000 -1.622776
121.450000 -1.756386
121.500000 -1.886569
121.550000 -2.033882
121.600000 -2.170918
121.650000 -2.259992
121.700000 -2.283973
121.750000 -2.297676
121.800000 -2.280546
121.850000 -2.188048
121.900000 -2.057864
121.950000 -1.937958
122.000000 -1.780367
122.050000 -1.588517
122.100000 -1.427500
122.150000 -1.341853
122.200000 -1.307594
122.250000 -1.321298
122.300000 -1.376112
122.350000 -1.468611
122.400000 -1.636480
122.450000 -1.859162
122.500000 -2.068142
122.550000 -2.256566
122.600000 -2.424434
122.650000 -2.530637
122.700000 -2.578599
122.750000 -2.626561
122.800000 -2.660821
122.850000 -2.633413
122.900000 -2.588877
122.950000 -2.582025
123.000000 -2.578599
123.050000 -2.564896
123.100000 -2.588877
123.150000 -2.643691
123.200000 -2.681376
123.250000 -2.705357
123.300000 -2.732764
123.350000 -2.739616
123.400000 -2.705357
123.450000 -2.657395
123.500000 -2.568321
123.550000 -2.434712
123.600000 -2.297676
123.650000 -2.150363
123.700000 -1.951661
123.750000 -1.735831
123.800000 -1.581665
123.850000 -1.461759
123.900000 -1.352130
123.950000 -1.314445
124.000000 -1.338427
124.050000 -1.355557
124.100000 -1.386389
124.150000 -1.482314
124.200000 -1.619350
124.250000 -1.739256
124.300000 -1.838607
124.350000 -1.934532
124.400000 -2.003050
124.450000 -2.020179
124.500000 -1.992772
124.550000 -1.944809
124.600000 -1.879717
124.650000 -1.800922
124.700000 -1.728978
124.750000 -1.663887
124.800000 -1.595369
124.850000 -1.564536
124.900000 -1.591943
124.950000 -1.633054
125.000000 -1.694720
125.050000 -1.831756
125.100000 -1.999624
125.150000 -2.112678
125.200000 -2.212029
125.250000 -2.338786
125.300000 -2.421008
125.350000 -2.431286
125.400000 -2.421009
125.450000 -2.403879
125.500000 -2.355916
125.550000 -2.301102
125.600000 -2.283973
125.650000 -2.259992
125.700000 -2.236010
125.750000 -2.253140
125.800000 -2.287398
125.850000 -2.287399
125.900000 -2.266843
125.950000 -2.259991
126.000000 -2.246288
126.050000 -2.198326
126.100000 -2.119530
126.150000 -2.016753
126.200000 -1.889995
126.250000 -1.728978
126.300000 -1.554258
126.350000 -1.413797
126.400000 -1.324723
126.450000 -1.256206
126.500000 -1.204818
126.550000 -1.201392
126.600000 -1.252780
126.650000 -1.311020
126.700000 -1.372686
126.750000 -1.482315
126.800000 -1.609073
126.850000 -1.694719
126.900000 -1.766663
126.950000 -1.855737
127.000000 -1.948236
127.050000 -2.030457
127.100000 -2.119530
127.150000 -2.174344
127.200000 -2.194899
127.250000 -2.212029
127.300000 -2.225732
127.350000 -2.215454
127.400000 -2.212029
127.450000 -2.225733
127.500000 -2.232584
127.550000 -2.225733
127.600000 -2.229158
127.650000 -2.229159
127.700000 -2.218881
127.750000 -2.215455
127.800000 -2.212029
127.850000 -2.208603
127.900000 -2.194899
127.950000 -2.150363
128.000000 -2.071567
128.050000 -1.972217
128.100000 -1.886569
128.150000 -1.804348
128.200000 -1.701572
128.250000 -1.605647
128.300000 -1.554258
128.350000 -1.578239
128.400000 -1.646757
128.450000 -1.718701
128.500000 -1.821477
128.550000 -1.985920
128.600000 -2.167493
128.650000 -2.301103
128.700000 -2.386750
128.750000 -2.451841
128.800000 -2.468970
128.850000 -2.403879
128.900000 -2.297676
128.950000 -2.184622
129.000000 -2.037309
129.050000 -1.859162
129.100000 -1.677590
129.150000 -1.547406
129.200000 -1.492592
129.250000 -1.492592
129.300000 -1.523425
129.350000 -1.612498
129.400000 -1.749534
129.450000 -1.879717
129.500000 -2.006476
129.550000 -2.164066
129.600000 -2.294250
129.650000 -2.376472
129.700000 -2.451841
129.750000 -2.551192
129.800000 -2.616284
129.850000 -2.629988
129.900000 -2.629988
129.950000 -2.647117
130.000000 -2.664247
130.050000 -2.671098
130.100000 -2.667673
130.150000 -2.647117
130.200000 -2.619710
130.250000 -2.568322
130.300000 -2.496377
130.350000 -2.421008
130.400000 -2.335361
130.450000 -2.239436
130.500000 -2.164067
130.550000 -2.095549
130.600000 -2.023605
130.650000 -1.965365
130.700000 -1.941384
130.750000 -1.948235
130.800000 -1.955087
130.850000 -1.931106
130.900000 -1.913977
130.950000 -1.907125
131.000000 -1.886569
131.050000 -1.828329
131.100000 -1.770090
131.150000 -1.715274
131.200000 -1.619350
131.250000 -1.519999
131.300000 -1.492592
131.350000 -1.519999
131.400000 -1.530277
131.450000 -1.526851
131.500000 -1.540555
131.550000 -1.581665
131.600000 -1.633053
131.650000 -1.667313
131.700000 -1.691294
131.750000 -1.732405
131.800000 -1.783793
131.850000 -1.804348
131.900000 -1.818051
131.950000 -1.866014
132.000000 -1.920828
132.050000 -1.958513
132.100000 -2.020179
132.150000 -2.129807
132.200000 -2.229159
132.250000 -2.294250
132.300000 -2.349064
132.350000 -2.400453
132.400000 -2.431286
132.450000 -2.438138
132.500000 -2.427860
132.550000 -2.407305
132.600000 -2.376471
132.650000 -2.335361
132.700000 -2.259992
132.750000 -2.225732
132.800000 -2.256565
132.850000 -2.277121
132.900000 -2.266843
132.950000 -2.328509
133.000000 -2.465545
133.050000 -2.554618
133.100000 -2.588877
133.150000 -2.643691
133.200000 -2.677950
133.250000 -2.660820
133.300000 -2.616284
133.350000 -2.534063
133.400000 -2.393601
133.450000 -2.253140
133.500000 -2.146937
133.550000 -2.051012
133.600000 -1.951661
133.650000 -1.872866
133.700000 -1.835182
133.750000 -1.831755
133.800000 -1.842033
133.850000 -1.862588
133.900000 -1.917403
133.950000 -1.989346
134.000000 -2.037308
134.050000 -2.081845
134.100000 -2.164067
134.150000 -2.246288
134.200000 -2.294250
134.250000 -2.335361
134.300000 -2.390176
134.350000 -2.424434
134.400000 -2.424434
134.450000 -2.390176
134.500000 -2.314806
134.550000 -2.229158
134.600000 -2.122955
134.650000 -1.961939
134.700000 -1.783792
134.750000 -1.663887
134.800000 -1.567961
134.850000 -1.475463
134.900000 -1.430926
134.950000 -1.427500
135.000000 -1.437777
135.050000 -1.482314
135.100000 -1.581665
135.150000 -1.684442
135.200000 -1.766663
135.250000 -1.838607
135.300000 -1.852311
135.350000 -1.811200
135.400000 -1.728978
135.450000 -1.595369
135.500000 -1.437778
135.550000 -1.280187
135.600000 -1.126022
135.650000 -0.971856
135.700000 -0.862229
135.750000 -0.814266
135.800000 -0.793711
135.850000 -0.817692
135.900000 -0.923894
135.950000 -1.074633
136.000000 -1.221946
136.050000 -1.382963
136.100000 -1.571387
136.150000 -1.763237
136.200000 -1.927680
136.250000 -2.064716
136.300000 -2.191473
136.350000 -2.294250
136.400000 -2.355917
136.450000 -2.355916
136.500000 -2.297677
136.550000 -2.225732
136.600000 -2.157215
136.650000 -2.085271
136.700000 -1.979069
136.750000 -1.879718
136.800000 -1.831755
136.850000 -1.807774
136.900000 -1.800922
136.950000 -1.838607
137.000000 -1.924255
137.050000 -2.013327
137.100000 -2.109252
137.150000 -2.253140
137.200000 -2.397027
137.250000 -2.472397
137.300000 -2.516933
137.350000 -2.564895
137.400000 -2.544340
137.450000 -2.441564
137.500000 -2.307954
137.550000 -2.184621
137.600000 -2.071568
137.650000 -1.992772
137.700000 -1.958513
137.750000 -1.979068
137.800000 -2.068141
137.850000 -2.201751
137.900000 -2.373046
137.950000 -2.578600
138.000000 -2.753319
138.050000 -2.852671
138.100000 -2.897207
138.150000 -2.917763
138.200000 -2.866374
138.250000 -2.746468
138.300000 -2.602580
138.350000 -2.465545
138.400000 -2.335361
138.450000 -2.218881
138.500000 -2.122956
138.550000 -2.071568
138.600000 -2.088697
138.650000 -2.133234
138.700000 -2.167492
138.750000 -2.215455
138.800000 -2.259991
138.850000 -2.263417
138.900000 -2.266844
138.950000 -2.297676
139.000000 -2.290824
139.050000 -2.222307
139.100000 -2.188048
139.150000 -2.184622
139.200000 -2.143512
139.250000 -2.081846
139.300000 -2.033882
139.350000 -1.951662
139.400000 -1.848885
139.450000 -1.773515
139.500000 -1.725552
139.550000 -1.667312
139.600000 -1.643331
139.650000 -1.691294
139.700000 -1.780367
139.750000 -1.903699
139.800000 -2.064715
139.850000 -2.239437
139.900000 -2.410731
139.950000 -2.558044
140.000000 -2.660820
140.050000 -2.712209
140.100000 -2.705358
140.150000 -2.633413
140.200000 -2.503229
140.250000 -2.359343
140.300000 -2.236011
140.350000 -2.136660
140.400000 -2.044161
140.450000 -1.968791
140.500000 -1.931106
140.550000 -1.934532
140.600000 -1.948235
140.650000 -1.951661
140.700000 -1.955087
140.750000 -1.961939
140.800000 -1.937957
140.850000 -1.889996
140.900000 -1.869440
140.950000 -1.879718
141.000000 -1.889996
141.050000 -1.934532
141.100000 -2.027031
141.150000 -2.119529
141.200000 -2.174344
141.250000 -2.218881
141.300000 -2.249714
141.350000 -2.246288
141.400000 -2.191474
141.450000 -2.074993
141.500000 -1.920828
141.550000 -1.783792
141.600000 -1.667312
141.650000 -1.540555
141.700000 -1.434352
141.750000 -1.403519
141.800000 -1.410371
141.850000 -1.417223
141.900000 -1.468611
141.950000 -1.561110
142.000000 -1.643331
142.050000 -1.718700
142.100000 -1.800922
142.150000 -1.876291
142.200000 -1.931106
142.250000 -1.996198
142.300000 -2.054438
142.350000 -2.098975
142.400000 -2.146937
142.450000 -2.205178
142.500000 -2.239436
142.550000 -2.249713
142.600000 -2.266843
142.650000 -2.280546
142.700000 -2.259992
142.750000 -2.194899
142.800000 -2.126381
142.850000 -2.081845
142.900000 -2.030456
142.950000 -1.958513
143.000000 -1.893422
143.050000 -1.859162
143.100000 -1.859163
143.150000 -1.889996
143.200000 -1.944810
143.250000 -1.999624
143.300000 -2.023605
143.350000 -2.033883
143.400000 -2.051012
143.450000 -2.051012
143.500000 -2.040734
143.550000 -2.044160
143.600000 -2.033882
143.650000 -1.992772
143.700000 -1.961939
143.750000 -1.948235
143.800000 -1.927681
143.850000 -1.907125
143.900000 -1.903699
143.950000 -1.876291
144.000000 -1.800922
144.050000 -1.725552
144.100000 -1.643331
144.150000 -1.540554
144.200000 -1.444630
144.250000 -1.379538
144.300000 -1.311020
144.350000 -1.256206
144.400000 -1.242502
144.450000 -1.252780
144.500000 -1.293890
144.550000 -1.393241
144.600000 -1.523425
144.650000 -1.598794
144.700000 -1.670738
144.750000 -1.770089
144.800000 -1.818052
144.850000 -1.804348
144.900000 -1.787218
144.950000 -1.752960
145.000000 -1.687868
145.050000 -1.643331
145.100000 -1.619350
145.150000 -1.595369
145.200000 -1.598795
145.250000 -1.650183
145.300000 -1.701571
145.350000 -1.742682
145.400000 -1.811200
145.450000 -1.889995
145.500000 -1.934532
145.550000 -1.968791
145.600000 -1.982494
145.650000 -1.951662
145.700000 -1.903699
145.750000 -1.842032
145.800000 -1.756386
145.850000 -1.681016
145.900000 -1.650183
145.950000 -1.639905
146.000000 -1.639905
146.050000 -1.667313
146.100000 -1.715275
146.150000 -1.766664
146.200000 -1.845459
146.250000 -1.944810
146.300000 -2.047587
146.350000 -2.153789
146.400000 -2.273695
146.450000 -2.373046
146.500000 -2.427860
146.550000 -2.441564
146.600000 -2.403879
146.650000 -2.328510
146.700000 -2.246288
146.750000 -2.143511
146.800000 -2.013327
146.850000 -1.872866
146.900000 -1.746108
146.950000 -1.639905
147.000000 -1.571387
147.050000 -1.557684
147.100000 -1.585091
147.150000 -1.636479
147.200000 -1.701571
147.250000 -1.790645
147.300000 -1.917403
147.350000 -2.068142
147.400000 -2.188047
147.450000 -2.266843
147.500000 -2.352490
147.550000 -2.424434
147.600000 -2.438138
147.650000 -2.427860
147.700000 -2.417583
147.750000 -2.386750
147.800000 -2.342213
147.850000 -2.318232
147.900000 -2.283972
147.950000 -2.218881
148.000000 -2.153789
148.050000 -2.071568
148.100000 -1.965365
148.150000 -1.872866
148.200000 -1.800922
148.250000 -1.715275
148.300000 -1.633054
148.350000 -1.585091
148.400000 -1.519999
148.450000 -1.444630
148.500000 -1.413797
148.550000 -1.406945
148.600000 -1.372686
148.650000 -1.355556
148.700000 -1.389816
148.750000 -1.437778
148.800000 -1.509722
148.850000 -1.626201
148.900000 -1.739256
148.950000 -1.831755
149.000000 -1.951661
149.050000 -2.085271
149.100000 -2.181196
149.150000 -2.273695
149.200000 -2.379897
149.250000 -2.479248
149.300000 -2.561469
149.350000 -2.643692
149.400000 -2.705358
149.450000 -2.739616
149.500000 -2.760171
149.550000 -2.763597
149.600000 -2.725912
149.650000 -2.660821
149.700000 -2.561470
149.750000 -2.424435
149.800000 -2.239436
149.850000 -2.044161
149.900000 -1.859162
149.950000 -1.684442
150.000000 -1.526851
150.050000 -1.396667
150.100000 -1.321298
150.150000 -1.297317
150.200000 -1.304169
150.250000 -1.331575
150.300000 -1.393241
150.350000 -1.454907
150.400000 -1.513147
150.450000 -1.585091
150.500000 -1.657035
150.550000 -1.687868
150.600000 -1.691293
150.650000 -1.698146
150.700000 -1.698146
150.750000 -1.684442
150.800000 -1.701571
150.850000 -1.739256
150.900000 -1.790645
150.950000 -1.876292
151.000000 -1.985920
151.050000 -2.071567
151.100000 -2.167492
151.150000 -2.304528
151.200000 -2.424434
151.250000 -2.486100
151.300000 -2.527211
151.350000 -2.540914
151.400000 -2.506655
151.450000 -2.431286
151.500000 -2.362768
151.550000 -2.314805
151.600000 -2.266844
151.650000 -2.246288
151.700000 -2.283973
151.750000 -2.359342
151.800000 -2.427860
151.850000 -2.499804
151.900000 -2.575174
151.950000 -2.602581
152.000000 -2.561469
152.050000 -2.503229
152.100000 -2.414157
152.150000 -2.287399
152.200000 -2.143512
152.250000 -2.013328
152.300000 -1.883143
152.350000 -1.742682
152.400000 -1.636479
152.450000 -1.574813
152.500000 -1.543980
152.550000 -1.530277
152.600000 -1.540554
152.650000 -1.554259
152.700000 -1.557684
152.750000 -1.557684
152.800000 -1.561110
152.850000 -1.585091
152.900000 -1.639905
152.950000 -1.694720
153.000000 -1.759812
153.050000 -1.872866
153.100000 -2.023605
153.150000 -2.164067
153.200000 -2.294250
153.250000 -2.421008
153.300000 -2.510082
153.350000 -2.537488
153.400000 -2.520359
153.450000 -2.438138
153.500000 -2.287398
153.550000 -2.085271
153.600000 -1.886570
153.650000 -1.684442
153.700000 -1.475463
153.750000 -1.297316
153.800000 -1.191114
153.850000 -1.143151
153.900000 -1.146577
153.950000 -1.242502
154.000000 -1.434352
154.050000 -1.626202
154.100000 -1.811200
154.150000 -2.023605
154.200000 -2.236010
154.250000 -2.397027
154.300000 -2.523785
154.350000 -2.633414
154.400000 -2.695079
154.450000 -2.736190
154.500000 -2.787579
154.550000 -2.832115
154.600000 -2.859522
154.650000 -2.917763
154.700000 -3.010261
154.750000 -3.089056
154.800000 -3.133593
154.850000 -3.174704
154.900000 -3.208963
154.950000 -3.205537
155.000000 -3.154148
155.050000 -3.071927
155.100000 -2.952021
155.150000 -2.794430
155.200000 -2.609433
155.250000 -2.424434
155.300000 -2.277121
155.350000 -2.133233
155.400000 -1.979069
155.450000 -1.828329
155.500000 -1.722127
155.550000 -1.639905
155.600000 -1.564536
155.650000 -1.509721
155.700000 -1.489166
155.750000 -1.499444
155.800000 -1.540555
155.850000 -1.605647
155.900000 -1.694719
155.950000 -1.814626
156.000000 -1.955087
156.050000 -2.081845
156.100000 -2.170919
156.150000 -2.225732
156.200000 -2.246288
156.250000 -2.253140
156.300000 -2.273695
156.350000 -2.277121
156.400000 -2.246288
156.450000 -2.215455
156.500000 -2.215455
156.550000 -2.229158
156.600000 -2.259991
156.650000 -2.304528
156.700000 -2.342212
156.750000 -2.379897
156.800000 -2.424434
156.850000 -2.448415
156.900000 -2.451842
156.950000 -2.475822
157.000000 -2.503229
157.050000 -2.479249
157.100000 -2.427860
157.150000 -2.383323
157.200000 -2.331935
157.250000 -2.270269
157.300000 -2.222306
157.350000 -2.170918
157.400000 -2.109252
157.450000 -2.074994
157.500000 -2.051012
157.550000 -2.033883
157.600000 -2.033882
157.650000 -2.020179
157.700000 -1.968791
157.750000 -1.941384
157.800000 -1.937957
157.850000 -1.889995
157.900000 -1.807774
157.950000 -1.770089
158.000000 -1.746108
158.050000 -1.698145
158.100000 -1.674165
158.150000 -1.698145
158.200000 -1.718700
158.250000 -1.746108
158.300000 -1.804349
158.350000 -1.900273
158.400000 -2.006476
158.450000 -2.105826
158.500000 -2.215455
158.550000 -2.335361
158.600000 -2.482675
158.650000 -2.616284
158.700000 -2.715635
158.750000 -2.818411
158.800000 -2.914336
158.850000 -2.965725
158.900000 -2.989706
158.950000 -2.989706
159.000000 -2.928040
159.050000 -2.821837
159.100000 -2.729338
159.150000 -2.629988
159.200000 -2.506655
159.250000 -2.410731
159.300000 -2.342213
159.350000 -2.270270
159.400000 -2.232584
159.450000 -2.246288
159.500000 -2.263417
159.550000 -2.287398
159.600000 -2.328509
159.650000 -2.352491
159.700000 -2.349064
159.750000 -2.359342
159.800000 -2.355916
159.850000 -2.280547
159.900000 -2.181196
159.950000 -2.095549
160.000000 -1.972216
160.050000 -1.821478
160.100000 -1.711849
160.150000 -1.646758
160.200000 -1.605646
160.250000 -1.602220
160.300000 -1.633054
160.350000 -1.681016
160.400000 -1.773515
160.450000 -1.889995
160.500000 -2.013328
160.550000 -2.143511
160.600000 -2.249714
160.650000 -2.301102
160.700000 -2.331935
160.750000 -2.359342
160.800000 -2.338787
160.850000 -2.304528
160.900000 -2.301102
160.950000 -2.297676
161.000000 -2.283972
161.050000 -2.294251
161.100000 -2.307954
161.150000 -2.307954
161.200000 -2.331935
161.250000 -2.369620
161.300000 -2.397027
161.350000 -2.421008
161.400000 -2.462119
161.450000 -2.472396
161.500000 -2.472396
161.550000 -2.479248
161.600000 -2.465545
161.650000 -2.427860
161.700000 -2.397027
161.750000 -2.373046
161.800000 -2.318231
161.850000 -2.259991
161.900000 -2.222307
161.950000 -2.191473
162.000000 -2.164067
162.050000 -2.188047
162.100000 -2.246288
162.150000 -2.311380
162.200000 -2.390176
162.250000 -2.479248
162.300000 -2.558043
162.350000 -2.636839
162.400000 -2.695080
162.450000 -2.695080
162.500000 -2.653969
162.550000 -2.592303
162.600000 -2.492952
162.650000 -2.366194
162.700000 -2.253140
162.750000 -2.160641
162.800000 -2.068141
162.850000 -1.999624
162.900000 -1.979069
162.950000 -1.992772
163.000000 -2.040734
163.050000 -2.122956
163.100000 -2.205177
163.150000 -2.256565
163.200000 -2.283973
163.250000 -2.287399
163.300000 -2.270269
163.350000 -2.259992
163.400000 -2.242862
163.450000 -2.212029
163.500000 -2.215454
163.550000 -2.256565
163.600000 -2.277121
163.650000 -2.301103
163.700000 -2.414157
163.750000 -2.575173
163.800000 -2.705357
163.850000 -2.818412
163.900000 -2.917762
163.950000 -2.965725
164.000000 -2.945169
164.050000 -2.876652
164.100000 -2.743042
164.150000 -2.582025
164.200000 -2.427860
164.250000 -2.266844
164.300000 -2.112678
164.350000 -2.023605
164.400000 -1.989346
164.450000 -1.961939
164.500000 -1.972216
164.550000 -2.027031
164.600000 -2.088697
164.650000 -2.153789
164.700000 -2.239436
164.750000 -2.280547
164.800000 -2.270269
164.850000 -2.253139
164.900000 -2.222307
164.950000 -2.150363
165.000000 -2.078419
165.050000 -2.044160
165.100000 -2.013328
165.150000 -1.985920
165.200000 -2.003050
165.250000 -2.047586
165.300000 -2.074993
165.350000 -2.116104
165.400000 -2.177770
165.450000 -2.232584
165.500000 -2.280547
165.550000 -2.301102
165.600000 -2.277121
165.650000 -2.239436
165.700000 -2.232584
165.750000 -2.201752
165.800000 -2.133233
165.850000 -2.085271
165.900000 -2.081845
165.950000 -2.074994
166.000000 -2.057864
166.050000 -2.040735
166.100000 -1.992772
166.150000 -1.927680
166.200000 -1.852311
166.250000 -1.752960
166.300000 -1.629628
166.350000 -1.516573
166.400000 -1.417222
166.450000 -1.321297
166.500000 -1.269909
166.550000 -1.269910
166.600000 -1.266483
166.650000 -1.263057
166.700000 -1.307594
166.750000 -1.382964
166.800000 -1.434352
166.850000 -1.485741
166.900000 -1.550833
166.950000 -1.619350
167.000000 -1.660461
167.050000 -1.687868
167.100000 -1.698146
167.150000 -1.701571
167.200000 -1.708423
167.250000 -1.722127
167.300000 -1.732405
167.350000 -1.732404
167.400000 -1.711849
167.450000 -1.663887
167.500000 -1.622776
167.550000 -1.602221
167.600000 -1.598795
167.650000 -1.595369
167.700000 -1.595369
167.750000 -1.615924
167.800000 -1.639906
167.850000 -1.667313
167.900000 -1.701571
167.950000 -1.742682
168.000000 -1.759812
168.050000 -1.763238
168.100000 -1.763237
168.150000 -1.763237
168.200000 -1.756386
168.250000 -1.770089
168.300000 -1.814626
168.350000 -1.886570
168.400000 -1.992772
168.450000 -2.129807
168.500000 -2.304528
168.550000 -2.510081
168.600000 -2.719061
168.650000 -2.852670
168.700000 -2.928040
168.750000 -2.982855
168.800000 -2.986281
168.850000 -2.904059
168.900000 -2.777301
168.950000 -2.647117
169.000000 -2.486101
169.050000 -2.297676
169.100000 -2.150363
169.150000 -2.047587
169.200000 -1.958513
169.250000 -1.900273
169.300000 -1.879718
169.350000 -1.883144
169.400000 -1.937958
169.450000 -2.030457
169.500000 -2.095549
169.550000 -2.143511
169.600000 -2.232584
169.650000 -2.325083
169.700000 -2.400453
169.750000 -2.499804
169.800000 -2.616284
169.850000 -2.701931
169.900000 -2.729338
169.950000 -2.729338
170.000000 -2.705357
170.050000 -2.636840
170.100000 -2.520359
170.150000 -2.366194
170.200000 -2.167493
170.250000 -1.937958
170.300000 -1.725553
170.350000 -1.561110
170.400000 -1.441204
170.450000 -1.335002
170.500000 -1.273335
170.550000 -1.293890
170.600000 -1.358983
170.650000 -1.413797
170.700000 -1.499443
170.750000 -1.602221
170.800000 -1.639905
170.850000 -1.626202
170.900000 -1.626202
170.950000 -1.602220
171.000000 -1.530276
171.050000 -1.472036
171.100000 -1.444630
171.150000 -1.441204
171.200000 -1.489166
171.250000 -1.591942
171.300000 -1.701571
171.350000 -1.818052
171.400000 -1.961939
171.450000 -2.085271
171.500000 -2.157215
171.550000 -2.253140
171.600000 -2.359343
171.650000 -2.403879
171.700000 -2.393601
171.750000 -2.376472
171.800000 -2.345639
171.850000 -2.294250
171.900000 -2.256565
171.950000 -2.253140
172.000000 -2.256566
172.050000 -2.253140
172.100000 -2.242862
172.150000 -2.249713
172.200000 -2.273695
172.250000 -2.304528
172.300000 -2.314806
172.350000 -2.311379
172.400000 -2.318232
172.450000 -2.311380
172.500000 -2.277121
172.550000 -2.246288
172.600000 -2.236010
172.650000 -2.225732
172.700000 -2.218881
172.750000 -2.242862
172.800000 -2.280547
172.850000 -2.314806
172.900000 -2.362768
172.950000 -2.427860
173.000000 -2.468971
173.050000 -2.451841
173.100000 -2.397027
173.150000 -2.321658
173.200000 -2.215455
173.250000 -2.098974
173.300000 -1.982495
173.350000 -1.866014
173.400000 -1.770089
173.450000 -1.732404
173.500000 -1.735830
173.550000 -1.746107
173.600000 -1.794070
173.650000 -1.889996
173.700000 -1.985920
173.750000 -2.051012
173.800000 -2.071568
173.850000 -2.040734
173.900000 -1.965365
173.950000 -1.862588
174.000000 -1.704997
174.050000 -1.506296
174.100000 -1.331575
174.150000 -1.221947
174.200000 -1.136299
174.250000 -1.098615
174.300000 -1.143151
174.350000 -1.245928
174.400000 -1.348705
174.450000 -1.444630
174.500000 -1.547406
174.550000 -1.615924
174.600000 -1.643331
174.650000 -1.633053
174.700000 -1.595369
174.750000 -1.533703
174.800000 -1.472037
174.850000 -1.410370
174.900000 -1.345279
174.950000 -1.328149
175.000000 -1.393241
175.050000 -1.533703
175.100000 -1.722127
175.150000 -1.934532
175.200000 -2.133233
175.250000 -2.314805
175.300000 -2.486100
175.350000 -2.609432
175.400000 -2.650543
175.450000 -2.640265
175.500000 -2.595729
175.550000 -2.516933
175.600000 -2.407305
175.650000 -2.283973
175.700000 -2.167492
175.750000 -2.068142
175.800000 -1.975643
175.850000 -1.872866
175.900000 -1.763237
175.950000 -1.681016
176.000000 -1.626202
176.050000 -1.550833
176.100000 -1.451481
176.150000 -1.393241
176.200000 -1.362408
176.250000 -1.321298
176.300000 -1.317872
176.350000 -1.376112
176.400000 -1.441204
176.450000 -1.472037
176.500000 -1.513148
176.550000 -1.540555
176.600000 -1.519999
176.650000 -1.472036
176.700000 -1.420648
176.750000 -1.358982
176.800000 -1.311020
176.850000 -1.307594
176.900000 -1.304169
176.950000 -1.304168
177.000000 -1.376112
177.050000 -1.489166
177.100000 -1.578239
177.150000 -1.687868
177.200000 -1.852310
177.250000 -2.006476
177.300000 -2.098975
177.350000 -2.181196
177.400000 -2.205177
177.450000 -2.164067
177.500000 -2.092123
177.550000 -1.996198
177.600000 -1.831755
177.650000 -1.650183
177.700000 -1.509721
177.750000 -1.382963
177.800000 -1.256205
177.850000 -1.187688
177.900000 -1.187688
177.950000 -1.218521
178.000000 -1.300742
178.050000 -1.427501
178.100000 -1.578239
178.150000 -1.752959
178.200000 -1.924254
178.250000 -2.051012
178.300000 -2.143512
178.350000 -2.208603
178.400000 -2.222307
178.450000 -2.188048
178.500000 -2.157215
178.550000 -2.126381
178.600000 -2.078419
178.650000 -2.054438
178.700000 -2.074994
178.750000 -2.112678
178.800000 -2.157215
178.850000 -2.222306
178.900000 -2.263418
178.950000 -2.270269
179.000000 -2.290824
179.050000 -2.307954
179.100000 -2.256566
179.150000 -2.174344
179.200000 -2.098974
179.250000 -2.003050
179.300000 -1.886570
179.350000 -1.800922
179.400000 -1.735830
179.450000 -1.694720
179.500000 -1.677590
179.550000 -1.670739
179.600000 -1.674165
179.650000 -1.701572
179.700000 -1.718701
179.750000 -1.715275
179.800000 -1.725553
179.850000 -1.752960
179.900000 -1.800922
179.950000 -1.893422
180.000000 -1.989346
180.050000 -2.027031
180.100000 -2.071568
180.150000 -2.164066
180.200000 -2.229159
180.250000 -2.232585
180.300000 -2.253139
180.350000 -2.283973
180.400000 -2.287399
180.450000 -2.287399
180.500000 -2.304528
180.550000 -2.297676
180.600000 -2.287399
180.650000 -2.318231
180.700000 -2.362768
180.750000 -2.386749
180.800000 -2.400453
180.850000 -2.407304
180.900000 -2.386750
180.950000 -2.362768
181.000000 -2.342213
181.050000 -2.290825
181.100000 -2.218881
181.150000 -2.181196
181.200000 -2.174344
181.250000 -2.167493
181.300000 -2.191474
181.350000 -2.249714
181.400000 -2.297676
181.450000 -2.325083
181.500000 -2.355916
181.550000 -2.383323
181.600000 -2.359342
181.650000 -2.294250
181.700000 -2.208603
181.750000 -2.092123
181.800000 -1.937958
181.850000 -1.780367
181.900000 -1.639905
181.950000 -1.509722
182.000000 -1.393241
182.050000 -1.352131
182.100000 -1.379538
182.150000 -1.437778
182.200000 -1.533703
182.250000 -1.698145
182.300000 -1.886570
182.350000 -2.051012
182.400000 -2.229159
182.450000 -2.441563
182.500000 -2.609433
182.550000 -2.684802
182.600000 -2.719061
182.650000 -2.729338
182.700000 -2.671098
182.750000 -2.540914
182.800000 -2.355917
182.850000 -2.153788
182.900000 -1.996198
182.950000 -1.872866
183.000000 -1.742682
183.050000 -1.639905
183.100000 -1.612498
183.150000 -1.639906
183.200000 -1.687868
183.250000 -1.770090
183.300000 -1.883144
183.350000 -2.003049
183.400000 -2.116104
183.450000 -2.208603
183.500000 -2.266844
183.550000 -2.318232
183.600000 -2.342213
183.650000 -2.311380
183.700000 -2.270269
183.750000 -2.259992
183.800000 -2.222306
183.850000 -2.136659
183.900000 -2.085271
183.950000 -2.064716
184.000000 -2.030457
184.050000 -2.023605
184.100000 -2.078419
184.150000 -2.150363
184.200000 -2.198325
184.250000 -2.253140
184.300000 -2.325083
184.350000 -2.383323
184.400000 -2.427860
184.450000 -2.465545
184.500000 -2.479249
184.550000 -2.486100
184.600000 -2.479249
184.650000 -2.427860
184.700000 -2.355916
184.750000 -2.294251
184.800000 -2.229159
184.850000 -2.140085
184.900000 -2.068142
184.950000 -2.030457
185.000000 -1.982494
185.050000 -1.920828
185.100000 -1.866014
185.150000 -1.804348
185.200000 -1.749534
185.250000 -1.715275
185.300000 -1.670738
185.350000 -1.612498
185.400000 -1.598795
185.450000 -1.612498
185.500000 -1.609072
185.550000 -1.639905
185.600000 -1.725552
185.650000 -1.797496
185.700000 -1.852311
185.750000 -1.958513
185.800000 -2.068142
185.850000 -2.126382
185.900000 -2.174344
185.950000 -2.232584
186.000000 -2.253139
186.050000 -2.236010
186.100000 -2.205177
186.150000 -2.153789
186.200000 -2.092123
186.250000 -2.061290
186.300000 -2.020179
186.350000 -1.944810
186.400000 -1.893421
186.450000 -1.889995
186.500000 -1.886569
186.550000 -1.896847
186.600000 -1.961939
186.650000 -2.047587
186.700000 -2.126382
186.750000 -2.229159
186.800000 -2.369619
186.850000 -2.499804
186.900000 -2.606006
186.950000 -2.691654
187.000000 -2.736190
187.050000 -2.729338
187.100000 -2.671099
187.150000 -2.585451
187.200000 -2.472397
187.250000 -2.331936
187.300000 -2.184622
187.350000 -2.027031
187.400000 -1.876292
187.450000 -1.749534
187.500000 -1.650183
187.550000 -1.598794
187.600000 -1.609072
187.650000 -1.629628
187.700000 -1.636479
187.750000 -1.677590
187.800000 -1.766664
187.850000 -1.848885
187.900000 -1.903699
187.950000 -1.982495
188.000000 -2.061290
188.050000 -2.098975
188.100000 -2.146937
188.150000 -2.232585
188.200000 -2.314806
188.250000 -2.362768
188.300000 -2.417582
188.350000 -2.472396
188.400000 -2.492952
188.450000 -2.486100
188.500000 -2.468971
188.550000 -2.441564
188.600000 -2.393601
188.650000 -2.328509
188.700000 -2.259992
188.750000 -2.194900
188.800000 -2.157214
188.850000 -2.157214
188.900000 -2.177770
