time[ns] Raw_signal[mV]
-11.150000 -0.551431
-11.100000 -0.404117
-11.050000 -0.232823
-11.000000 -0.095787
-10.950000 0.020693
-10.900000 0.161154
-10.850000 0.308467
-10.800000 0.394115
-10.750000 0.421522
-10.700000 0.452355
-10.650000 0.476336
-10.600000 0.452355
-10.550000 0.442077
-10.500000 0.455781
-10.450000 0.424948
-10.400000 0.363282
-10.350000 0.339300
-10.300000 0.322171
-10.250000 0.253654
-10.200000 0.178284
-10.150000 0.126896
-10.100000 0.072081
-10.050000 0.013841
-10.000000 -0.030695
-9.950000 -0.075232
-9.900000 -0.119768
-9.850000 -0.123195
-9.800000 -0.123195
-9.750000 -0.150601
-9.700000 -0.157453
-9.650000 -0.130047
-9.600000 -0.102639
-9.550000 -0.102639
-9.500000 -0.099214
-9.450000 -0.092362
-9.400000 -0.099213
-9.350000 -0.136898
-9.300000 -0.178009
-9.250000 -0.222545
-9.200000 -0.263656
-9.150000 -0.294489
-9.100000 -0.321896
-9.050000 -0.342452
-9.000000 -0.339025
-8.950000 -0.321897
-8.900000 -0.284212
-8.850000 -0.205416
-8.800000 -0.099213
-8.750000 -0.023844
-8.700000 0.044674
-8.650000 0.126895
-8.600000 0.178284
-8.550000 0.164580
-8.500000 0.137173
-8.450000 0.102914
-8.400000 0.041248
-8.350000 -0.040973
-8.300000 -0.130047
-8.250000 -0.243101
-8.200000 -0.369859
-8.150000 -0.479488
-8.100000 -0.575412
-8.050000 -0.643930
-8.000000 -0.688466
-7.950000 -0.698744
-7.900000 -0.688466
-7.850000 -0.643930
-7.800000 -0.575412
-7.750000 -0.513746
-7.700000 -0.441802
-7.650000 -0.315044
-7.600000 -0.181435
-7.550000 -0.085510
-7.500000 0.003564
-7.450000 0.123469
-7.400000 0.253654
-7.350000 0.353004
-7.300000 0.418096
-7.250000 0.445503
-7.200000 0.421521
-7.150000 0.363282
-7.100000 0.281060
-7.050000 0.171432
-7.000000 0.037822
-6.950000 -0.088936
-6.900000 -0.198564
-6.850000 -0.287637
-6.800000 -0.345877
-6.750000 -0.380137
-6.700000 -0.369859
-6.650000 -0.311619
-6.600000 -0.243101
-6.550000 -0.164305
-6.500000 -0.016992
-6.450000 0.147451
-6.400000 0.250228
-6.350000 0.315319
-6.300000 0.397540
-6.250000 0.442077
-6.200000 0.418096
-6.150000 0.404392
-6.100000 0.397541
-6.050000 0.322171
-6.000000 0.205691
-5.950000 0.109766
-5.900000 0.003563
-5.850000 -0.133473
-5.800000 -0.277360
-5.750000 -0.410970
-5.700000 -0.530876
-5.650000 -0.609671
-5.600000 -0.678189
-5.550000 -0.750133
-5.500000 -0.743281
-5.450000 -0.640505
-5.400000 -0.537728
-5.350000 -0.462358
-5.300000 -0.342452
-5.250000 -0.208842
-5.200000 -0.116343
-5.150000 -0.037547
-5.100000 0.030971
-5.050000 0.061804
-5.000000 0.065229
-4.950000 0.075507
-4.900000 0.065229
-4.850000 0.044674
-4.800000 0.034396
-4.750000 0.013841
-4.700000 -0.006714
-4.650000 0.030970
-4.600000 0.058378
-4.550000 0.044674
-4.500000 0.065229
-4.450000 0.137173
-4.400000 0.171432
-4.350000 0.178283
-4.300000 0.229672
-4.250000 0.281061
-4.200000 0.301615
-4.150000 0.325597
-4.100000 0.339300
-4.050000 0.298190
-4.000000 0.239950
-3.950000 0.178283
-3.900000 0.089210
-3.850000 0.000137
-3.800000 -0.058103
-3.750000 -0.126621
-3.700000 -0.178009
-3.650000 -0.184861
-3.600000 -0.198564
-3.550000 -0.212268
-3.500000 -0.164306
-3.450000 -0.102639
-3.400000 -0.061529
-3.350000 0.000138
-3.300000 0.003563
-3.250000 -0.116343
-3.200000 -0.164306
-3.150000 -0.034122
-3.100000 0.027545
-3.050000 -0.030696
-3.000000 0.051525
-2.950000 0.260505
-2.900000 0.376985
-2.850000 0.459207
-2.800000 0.582538
-2.750000 0.606520
-2.700000 0.623649
-2.650000 0.798370
-2.600000 0.853184
-2.550000 0.627075
-2.500000 0.493466
-2.450000 0.520872
-2.400000 0.332448
-2.350000 0.058377
-2.300000 0.044674
-2.250000 0.037822
-2.200000 -0.188286
-2.150000 -0.249953
-2.100000 -0.051251
-2.050000 -0.040974
-2.000000 -0.263656
-1.950000 -0.363007
-1.900000 -0.287638
-1.850000 -0.205416
-1.800000 -0.126620
-1.750000 -0.119769
-1.700000 -0.205416
-1.650000 -0.160879
-1.600000 0.013841
-1.550000 0.048100
-1.500000 0.034396
-1.450000 0.229672
-1.400000 0.476336
-1.350000 0.527724
-1.300000 0.503744
-1.250000 0.479762
-1.200000 0.349579
-1.150000 0.270783
-1.100000 0.339301
-1.050000 0.209117
-1.000000 -0.184861
-0.950000 -0.373285
-0.900000 -0.304767
-0.850000 -0.376710
-0.800000 -0.513746
-0.750000 -0.441802
-0.700000 -0.359581
-0.650000 -0.407544
-0.600000 -0.335600
-0.550000 -0.140324
-0.500000 -0.071806
-0.450000 -0.047825
-0.400000 0.092636
-0.350000 0.212542
-0.300000 0.195413
-0.250000 0.154302
-0.200000 0.109766
-0.150000 0.030971
-0.100000 -0.082084
-0.050000 -0.222545
0.000000 -0.373285
0.050000 -0.476062
0.100000 -0.599393
0.150000 -0.770688
0.200000 -0.828928
0.250000 -0.756985
0.300000 -0.753559
0.350000 -0.808372
0.400000 -0.671337
0.450000 -0.400692
0.500000 -0.225971
0.550000 -0.106065
0.600000 0.054952
0.650000 0.154302
0.700000 0.157728
0.750000 0.219394
0.800000 0.376985
0.850000 0.592817
0.900000 0.969664
0.950000 1.627435
1.000000 2.603814
1.050000 3.991299
1.100000 5.940631
1.150000 8.527182
1.200000 11.757788
1.250000 15.608496
1.300000 20.041599
1.350000 24.947470
1.400000 30.130845
1.450000 35.355327
1.500000 40.548971
1.550000 45.660402
1.600000 50.460070
1.650000 54.766421
1.700000 58.634248
1.750000 62.094398
1.800000 64.982428
1.850000 67.329158
1.900000 69.350438
1.950000 71.077088
2.000000 72.406328
2.050000 73.348448
2.100000 73.985658
2.150000 74.287138
2.200000 74.198068
2.250000 73.636218
2.300000 72.543368
2.350000 70.953748
2.400000 68.922198
2.450000 66.417868
2.500000 63.485298
2.550000 60.268398
2.600000 56.825378
2.650000 53.183658
2.700000 49.517958
2.750000 45.958458
2.800000 42.488028
2.850000 39.147788
2.900000 36.139858
2.950000 33.501918
3.000000 31.117498
3.050000 29.055108
3.100000 27.441518
3.150000 26.208194
3.200000 25.235241
3.250000 24.598026
3.300000 24.337662
3.350000 24.337658
3.400000 24.546636
3.450000 25.022837
3.500000 25.735425
3.550000 26.547356
3.600000 27.393550
3.650000 28.239745
3.700000 29.041404
3.750000 29.771126
3.800000 30.374077
3.850000 30.771482
3.900000 30.935930
3.950000 30.925646
4.000000 30.750922
4.050000 30.353523
4.100000 29.747137
4.150000 28.969460
4.200000 28.041043
4.250000 27.003005
4.300000 25.903294
4.350000 24.724783
4.400000 23.467490
4.450000 22.199903
4.500000 20.935752
4.550000 19.620210
4.600000 18.256701
4.650000 16.910329
4.700000 15.601639
4.750000 14.330632
4.800000 13.141854
4.850000 12.083248
4.900000 11.182240
4.950000 10.473081
5.000000 9.962625
5.050000 9.626893
5.100000 9.503558
5.150000 9.613184
5.200000 9.887259
5.250000 10.288087
5.300000 10.829371
5.350000 11.473445
5.400000 12.117513
5.450000 12.727316
5.500000 13.313150
5.550000 13.813324
5.600000 14.179897
5.650000 14.450546
5.700000 14.625258
5.750000 14.662943
5.800000 14.567018
5.850000 14.371749
5.900000 14.087393
5.950000 13.710552
6.000000 13.296012
6.050000 12.836945
6.100000 12.326487
6.150000 11.768072
6.200000 11.189092
6.250000 10.579282
6.300000 9.972901
6.350000 9.363095
6.400000 8.739582
6.450000 8.112645
6.500000 7.523391
6.550000 6.961546
6.600000 6.406551
6.650000 5.892667
6.700000 5.426747
6.750000 5.015641
6.800000 4.700459
6.850000 4.467498
6.900000 4.268797
6.950000 4.142038
7.000000 4.124909
7.050000 4.169445
7.100000 4.289352
7.150000 4.515461
7.200000 4.792958
7.250000 5.063603
7.300000 5.392488
7.350000 5.796744
7.400000 6.166739
7.450000 6.457940
7.500000 6.711456
7.550000 6.910157
7.600000 7.002657
7.650000 7.012934
7.700000 6.944417
7.750000 6.783400
7.800000 6.547014
7.850000 6.279794
7.900000 6.005723
7.950000 5.752207
8.000000 5.505543
8.050000 5.238323
8.100000 4.991659
8.150000 4.799810
8.200000 4.607959
8.250000 4.381850
8.300000 4.176298
8.350000 3.991299
8.400000 3.744636
8.450000 3.450009
8.500000 3.182789
8.550000 2.908718
8.600000 2.596962
8.650000 2.295484
8.700000 2.038542
8.750000 1.822711
8.800000 1.685676
8.850000 1.637713
8.900000 1.634287
8.950000 1.706230
9.000000 1.853544
9.050000 1.994006
9.100000 2.141319
9.150000 2.343446
9.200000 2.521593
9.250000 2.610666
9.300000 2.689461
9.350000 2.792238
9.400000 2.847052
9.450000 2.857330
9.500000 2.888163
9.550000 2.932699
9.600000 2.960107
9.650000 2.990940
9.700000 3.032050
9.750000 3.056032
9.800000 3.038902
9.850000 2.970384
9.900000 2.853904
9.950000 2.689462
10.000000 2.470204
10.050000 2.202985
10.100000 1.911784
10.150000 1.610306
10.200000 1.319105
10.250000 1.072441
10.300000 0.880591
10.350000 0.702445
10.400000 0.558558
10.450000 0.476336
10.500000 0.431799
10.550000 0.397541
10.600000 0.370133
10.650000 0.363281
10.700000 0.390689
10.750000 0.455781
10.800000 0.531150
10.850000 0.599668
10.900000 0.692167
10.950000 0.794944
11.000000 0.866888
11.050000 0.914850
11.100000 0.969664
11.150000 1.027904
11.200000 1.058738
11.250000 1.086145
11.300000 1.103274
11.350000 1.069015
11.400000 1.003923
11.450000 0.959386
11.500000 0.942257
11.550000 0.897720
11.600000 0.839481
11.650000 0.805222
11.700000 0.781241
11.750000 0.740130
11.800000 0.699019
11.850000 0.651057
11.900000 0.585964
11.950000 0.527725
12.000000 0.500318
12.050000 0.455780
12.100000 0.387263
12.150000 0.339300
12.200000 0.318745
12.250000 0.305042
12.300000 0.305041
12.350000 0.322171
12.400000 0.329023
12.450000 0.315319
12.500000 0.308468
12.550000 0.294764
12.600000 0.253653
12.650000 0.191987
12.700000 0.150876
12.750000 0.140599
12.800000 0.120044
12.850000 0.054952
12.900000 -0.016992
12.950000 -0.051251
13.000000 -0.047825
13.050000 -0.047825
13.100000 -0.034122
13.150000 0.010415
13.200000 0.065230
13.250000 0.085784
13.300000 0.102914
13.350000 0.133747
13.400000 0.147451
13.450000 0.130321
13.500000 0.113192
13.550000 0.092636
13.600000 0.020693
13.650000 -0.054677
13.700000 -0.106065
13.750000 -0.157454
13.800000 -0.222546
13.850000 -0.263656
13.900000 -0.263656
13.950000 -0.263656
14.000000 -0.284211
14.050000 -0.297915
14.100000 -0.315045
14.150000 -0.325323
14.200000 -0.328748
14.250000 -0.345877
14.300000 -0.366433
14.350000 -0.366433
14.400000 -0.366433
14.450000 -0.390414
14.500000 -0.393840
14.550000 -0.342452
14.600000 -0.311619
14.650000 -0.321896
14.700000 -0.315045
14.750000 -0.308193
14.800000 -0.356155
14.850000 -0.424673
14.900000 -0.482914
14.950000 -0.561709
15.000000 -0.667911
15.050000 -0.753558
15.100000 -0.818650
15.150000 -0.876890
15.200000 -0.897446
15.250000 -0.876890
15.300000 -0.828928
15.350000 -0.739855
15.400000 -0.664485
15.450000 -0.616522
15.500000 -0.551431
15.550000 -0.465784
15.600000 -0.441802
15.650000 -0.479487
15.700000 -0.513746
15.750000 -0.544579
15.800000 -0.619949
15.850000 -0.681615
15.900000 -0.688466
15.950000 -0.685041
16.000000 -0.664485
16.050000 -0.592542
16.100000 -0.489765
16.150000 -0.414395
16.200000 -0.356155
16.250000 -0.315045
16.300000 -0.345878
16.350000 -0.438377
16.400000 -0.548005
16.450000 -0.685041
16.500000 -0.873464
16.550000 -1.089296
16.600000 -1.253738
16.650000 -1.349663
16.700000 -1.401052
16.750000 -1.394199
16.800000 -1.298275
16.850000 -1.147536
16.900000 -0.955686
16.950000 -0.746707
17.000000 -0.561709
17.050000 -0.404118
17.100000 -0.263656
17.150000 -0.164305
17.200000 -0.160879
17.250000 -0.236250
17.300000 -0.345878
17.350000 -0.489765
17.400000 -0.647355
17.450000 -0.804946
17.500000 -0.952260
17.550000 -1.075592
17.600000 -1.154387
17.650000 -1.216054
17.700000 -1.250312
17.750000 -1.216054
17.800000 -1.147536
17.850000 -1.099573
17.900000 -1.044759
17.950000 -0.965963
18.000000 -0.897446
18.050000 -0.856335
18.100000 -0.815224
18.150000 -0.767262
18.200000 -0.722725
18.250000 -0.681615
18.300000 -0.654208
18.350000 -0.650782
18.400000 -0.654207
18.450000 -0.681614
18.500000 -0.709022
18.550000 -0.709022
18.600000 -0.698744
18.650000 -0.719300
18.700000 -0.760410
18.750000 -0.811799
18.800000 -0.907723
18.850000 -1.027629
18.900000 -1.130406
18.950000 -1.243460
19.000000 -1.394200
19.050000 -1.541513
19.100000 -1.640864
19.150000 -1.712807
19.200000 -1.740215
19.250000 -1.688827
19.300000 -1.568920
19.350000 -1.397626
19.400000 -1.168091
19.450000 -0.945408
19.500000 -0.736429
19.550000 -0.524024
19.600000 -0.363007
19.650000 -0.297915
19.700000 -0.287637
19.750000 -0.294489
19.800000 -0.397266
19.850000 -0.599394
19.900000 -0.791243
19.950000 -0.959112
20.000000 -1.133833
20.050000 -1.270867
20.100000 -1.322256
20.150000 -1.325682
20.200000 -1.301700
20.250000 -1.226331
20.300000 -1.120129
20.350000 -1.017352
20.400000 -0.935131
20.450000 -0.897446
20.500000 -0.897446
20.550000 -0.900872
20.600000 -0.938556
20.650000 -1.051611
20.700000 -1.181795
20.750000 -1.281146
20.800000 -1.383922
20.850000 -1.466144
20.900000 -1.452440
20.950000 -1.380496
21.000000 -1.311979
21.050000 -1.185220
21.100000 -0.983093
21.150000 -0.784391
21.200000 -0.613097
21.250000 -0.428099
21.300000 -0.270508
21.350000 -0.188287
21.400000 -0.160879
21.450000 -0.198564
21.500000 -0.311619
21.550000 -0.486339
21.600000 -0.678189
21.650000 -0.876890
21.700000 -1.048185
21.750000 -1.178369
21.800000 -1.298275
21.850000 -1.387348
21.900000 -1.421607
21.950000 -1.394200
22.000000 -1.325682
22.050000 -1.216054
22.100000 -1.075592
22.150000 -0.924853
22.200000 -0.780965
22.250000 -0.654208
22.300000 -0.541154
22.350000 -0.421247
22.400000 -0.339026
22.450000 -0.291063
22.500000 -0.246526
22.550000 -0.181434
22.600000 -0.147176
22.650000 -0.157454
22.700000 -0.181435
22.750000 -0.191712
22.800000 -0.198564
22.850000 -0.201990
22.900000 -0.215694
22.950000 -0.232823
23.000000 -0.249953
23.050000 -0.246527
23.100000 -0.229397
23.150000 -0.222546
23.200000 -0.232823
23.250000 -0.236249
23.300000 -0.201990
23.350000 -0.147176
23.400000 -0.116343
23.450000 -0.116343
23.500000 -0.102639
23.550000 -0.071806
23.600000 -0.088936
23.650000 -0.174583
23.700000 -0.270508
23.750000 -0.359581
23.800000 -0.489765
23.850000 -0.661059
23.900000 -0.825502
23.950000 -0.969390
24.000000 -1.092722
24.050000 -1.171517
24.100000 -1.202350
24.150000 -1.205776
24.200000 -1.181794
24.250000 -1.096147
24.300000 -0.969389
24.350000 -0.849484
24.400000 -0.719300
24.450000 -0.592541
24.500000 -0.493191
24.550000 -0.417821
24.600000 -0.345878
24.650000 -0.291063
24.700000 -0.253378
24.750000 -0.208842
24.800000 -0.198565
24.850000 -0.239675
24.900000 -0.270508
24.950000 -0.273933
25.000000 -0.284212
25.050000 -0.342452
25.100000 -0.404118
25.150000 -0.452080
25.200000 -0.517172
25.250000 -0.619949
25.300000 -0.705596
25.350000 -0.750132
25.400000 -0.804947
25.450000 -0.880316
25.500000 -0.938557
25.550000 -0.969390
25.600000 -1.003648
25.650000 -1.017352
25.700000 -0.993371
25.750000 -0.976241
25.800000 -0.983093
25.850000 -0.965964
25.900000 -0.900871
25.950000 -0.822076
26.000000 -0.750133
26.050000 -0.671337
26.100000 -0.589115
26.150000 -0.500042
26.200000 -0.404117
26.250000 -0.335600
26.300000 -0.297915
26.350000 -0.260230
26.400000 -0.236249
26.450000 -0.256804
26.500000 -0.297915
26.550000 -0.335600
26.600000 -0.421247
26.650000 -0.510321
26.700000 -0.571986
26.750000 -0.633652
26.800000 -0.729577
26.850000 -0.818650
26.900000 -0.887168
26.950000 -0.952260
27.000000 -1.013926
27.050000 -1.058463
27.100000 -1.109851
27.150000 -1.161240
27.200000 -1.205776
27.250000 -1.267441
27.300000 -1.335960
27.350000 -1.373644
27.400000 -1.390774
27.450000 -1.390774
27.500000 -1.366793
27.550000 -1.342811
27.600000 -1.363367
27.650000 -1.390774
27.700000 -1.397626
27.750000 -1.435311
27.800000 -1.517532
27.850000 -1.599753
27.900000 -1.675123
27.950000 -1.750492
28.000000 -1.812158
28.050000 -1.873825
28.100000 -1.914935
28.150000 -1.880677
28.200000 -1.795029
28.250000 -1.719660
28.300000 -1.630587
28.350000 -1.490125
28.400000 -1.377070
28.450000 -1.301701
28.500000 -1.198924
28.550000 -1.106425
28.600000 -1.102999
28.650000 -1.140684
28.700000 -1.157813
28.750000 -1.209202
28.800000 -1.301700
28.850000 -1.373645
28.900000 -1.418182
28.950000 -1.449015
29.000000 -1.445588
29.050000 -1.414755
29.100000 -1.377070
29.150000 -1.322256
29.200000 -1.270868
29.250000 -1.222905
29.300000 -1.157814
29.350000 -1.099573
29.400000 -1.099573
29.450000 -1.123555
29.500000 -1.113277
29.550000 -1.120129
29.600000 -1.168092
29.650000 -1.222905
29.700000 -1.277719
29.750000 -1.342812
29.800000 -1.363367
29.850000 -1.356516
29.900000 -1.377071
29.950000 -1.390774
30.000000 -1.373644
30.050000 -1.387348
30.100000 -1.401051
30.150000 -1.370219
30.200000 -1.359941
30.250000 -1.397626
30.300000 -1.390774
30.350000 -1.356515
30.400000 -1.387348
30.450000 -1.455866
30.500000 -1.510680
30.550000 -1.589476
30.600000 -1.716234
30.650000 -1.846417
30.700000 -1.983453
30.750000 -2.123915
30.800000 -2.230117
30.850000 -2.288357
30.900000 -2.302060
30.950000 -2.254098
31.000000 -2.141044
31.050000 -2.004009
31.100000 -1.839565
31.150000 -1.630586
31.200000 -1.411330
31.250000 -1.226331
31.300000 -1.075592
31.350000 -0.955686
31.400000 -0.924853
31.450000 -0.969389
31.500000 -1.034482
31.550000 -1.120129
31.600000 -1.243461
31.650000 -1.383922
31.700000 -1.507254
31.750000 -1.599753
31.800000 -1.640864
31.850000 -1.637438
31.900000 -1.627160
31.950000 -1.572346
32.000000 -1.442163
32.050000 -1.325682
32.100000 -1.281145
32.150000 -1.264016
32.200000 -1.250312
32.250000 -1.298275
32.300000 -1.397625
32.350000 -1.483274
32.400000 -1.568921
32.450000 -1.675123
32.500000 -1.753918
32.550000 -1.805307
32.600000 -1.863546
32.650000 -1.901232
32.700000 -1.870399
32.750000 -1.829288
32.800000 -1.812159
32.850000 -1.798455
32.900000 -1.767622
32.950000 -1.753918
33.000000 -1.777899
33.050000 -1.829288
33.100000 -1.866972
33.150000 -1.887528
33.200000 -1.911509
33.250000 -1.966324
33.300000 -1.983453
33.350000 -1.942342
33.400000 -1.911509
33.450000 -1.914935
33.500000 -1.884102
33.550000 -1.836140
33.600000 -1.829288
33.650000 -1.866973
33.700000 -1.894380
33.750000 -1.938916
33.800000 -2.004008
33.850000 -2.072526
33.900000 -2.141044
33.950000 -2.209562
34.000000 -2.233543
34.050000 -2.226691
34.100000 -2.206136
34.150000 -2.154748
34.200000 -2.072526
34.250000 -1.966324
34.300000 -1.832714
34.350000 -1.688826
34.400000 -1.579198
34.450000 -1.500402
34.500000 -1.435311
34.550000 -1.394200
34.600000 -1.387348
34.650000 -1.383922
34.700000 -1.404478
34.750000 -1.435310
34.800000 -1.455866
34.850000 -1.466143
34.900000 -1.483273
34.950000 -1.466143
35.000000 -1.431884
35.050000 -1.428459
35.100000 -1.411330
35.150000 -1.349663
35.200000 -1.308553
35.250000 -1.322256
35.300000 -1.332534
35.350000 -1.322257
35.400000 -1.353089
35.450000 -1.407903
35.500000 -1.438736
35.550000 -1.462718
35.600000 -1.493551
35.650000 -1.493551
35.700000 -1.449014
35.750000 -1.404478
35.800000 -1.339386
35.850000 -1.233183
35.900000 -1.130407
35.950000 -1.055037
36.000000 -0.993371
36.050000 -0.945408
36.100000 -0.931705
36.150000 -0.945408
36.200000 -0.989945
36.250000 -1.079018
36.300000 -1.185220
36.350000 -1.277720
36.400000 -1.377071
36.450000 -1.486699
36.500000 -1.592901
36.550000 -1.654567
36.600000 -1.675123
36.650000 -1.668271
36.700000 -1.627160
36.750000 -1.558642
36.800000 -1.476422
36.850000 -1.411329
36.900000 -1.366793
36.950000 -1.335960
37.000000 -1.322256
37.050000 -1.325682
37.100000 -1.342812
37.150000 -1.387348
37.200000 -1.431884
37.250000 -1.459292
37.300000 -1.462717
37.350000 -1.452440
37.400000 -1.466144
37.450000 -1.493551
37.500000 -1.507255
37.550000 -1.524384
37.600000 -1.582624
37.650000 -1.678548
37.700000 -1.781325
37.750000 -1.897806
37.800000 -2.045119
37.850000 -2.185580
37.900000 -2.288357
37.950000 -2.329468
38.000000 -2.308912
38.050000 -2.257524
38.100000 -2.171877
38.150000 -2.041693
38.200000 -1.897806
38.250000 -1.791603
38.300000 -1.716233
38.350000 -1.651142
38.400000 -1.630586
38.450000 -1.664845
38.500000 -1.702530
38.550000 -1.736789
38.600000 -1.798455
38.650000 -1.846417
38.700000 -1.853269
38.750000 -1.832714
38.800000 -1.781325
38.850000 -1.692252
38.900000 -1.589475
38.950000 -1.496977
39.000000 -1.428459
39.050000 -1.411329
39.100000 -1.431885
39.150000 -1.472995
39.200000 -1.548364
39.250000 -1.657993
39.300000 -1.757344
39.350000 -1.829288
39.400000 -1.897805
39.450000 -1.956046
39.500000 -1.966323
39.550000 -1.914935
39.600000 -1.853269
39.650000 -1.829288
39.700000 -1.808733
39.750000 -1.767622
39.800000 -1.743640
39.850000 -1.771047
39.900000 -1.832714
39.950000 -1.918361
40.000000 -2.031416
40.050000 -2.151321
40.100000 -2.257524
40.150000 -2.332894
40.200000 -2.384282
40.250000 -2.421967
40.300000 -2.432245
40.350000 -2.394559
40.400000 -2.319190
40.450000 -2.247246
40.500000 -2.175303
40.550000 -2.058823
40.600000 -1.918361
40.650000 -1.812158
40.700000 -1.750492
40.750000 -1.668271
40.800000 -1.555216
40.850000 -1.472995
40.900000 -1.425033
40.950000 -1.377071
41.000000 -1.329108
41.050000 -1.325682
41.100000 -1.342812
41.150000 -1.332534
41.200000 -1.322256
41.250000 -1.342811
41.300000 -1.377071
41.350000 -1.397626
41.400000 -1.421607
41.450000 -1.455866
41.500000 -1.472996
41.550000 -1.455866
41.600000 -1.401052
41.650000 -1.322256
41.700000 -1.219479
41.750000 -1.092722
41.800000 -0.945408
41.850000 -0.808373
41.900000 -0.664485
41.950000 -0.517172
42.000000 -0.407544
42.050000 -0.345877
42.100000 -0.294489
42.150000 -0.270508
42.200000 -0.318470
42.250000 -0.417821
42.300000 -0.537727
42.350000 -0.702170
42.400000 -0.897446
42.450000 -1.082444
42.500000 -1.253739
42.550000 -1.425033
42.600000 -1.555217
42.650000 -1.644290
42.700000 -1.705956
42.750000 -1.702530
42.800000 -1.634012
42.850000 -1.544939
42.900000 -1.442162
42.950000 -1.291423
43.000000 -1.123554
43.050000 -0.976241
43.100000 -0.835779
43.150000 -0.709022
43.200000 -0.637078
43.250000 -0.630227
43.300000 -0.674763
43.350000 -0.770688
43.400000 -0.918002
43.450000 -1.089295
43.500000 -1.274293
43.550000 -1.462717
43.600000 -1.640863
43.650000 -1.767622
43.700000 -1.849843
43.750000 -1.911509
43.800000 -1.938917
43.850000 -1.918361
43.900000 -1.853269
43.950000 -1.788177
44.000000 -1.736789
44.050000 -1.675123
44.100000 -1.592902
44.150000 -1.531235
44.200000 -1.500402
44.250000 -1.466143
44.300000 -1.438736
44.350000 -1.462717
44.400000 -1.510680
44.450000 -1.544939
44.500000 -1.589475
44.550000 -1.640864
44.600000 -1.654568
44.650000 -1.647716
44.700000 -1.657994
44.750000 -1.640864
44.800000 -1.568920
44.850000 -1.496976
44.900000 -1.428459
44.950000 -1.342812
45.000000 -1.291423
45.050000 -1.284572
45.100000 -1.270868
45.150000 -1.246886
45.200000 -1.287997
45.250000 -1.373644
45.300000 -1.431884
45.350000 -1.483273
45.400000 -1.572346
45.450000 -1.644290
45.500000 -1.661420
45.550000 -1.678549
45.600000 -1.729937
45.650000 -1.757344
45.700000 -1.740215
45.750000 -1.702530
45.800000 -1.692252
45.850000 -1.702530
45.900000 -1.688827
45.950000 -1.644290
46.000000 -1.596328
46.050000 -1.551791
46.100000 -1.486698
46.150000 -1.421607
46.200000 -1.383922
46.250000 -1.370219
46.300000 -1.339386
46.350000 -1.325682
46.400000 -1.394200
46.450000 -1.524383
46.500000 -1.671697
46.550000 -1.832714
46.600000 -2.031416
46.650000 -2.233543
46.700000 -2.411689
46.750000 -2.541873
46.800000 -2.603539
46.850000 -2.617243
46.900000 -2.582984
46.950000 -2.487059
47.000000 -2.315764
47.050000 -2.123914
47.100000 -1.918361
47.150000 -1.685400
47.200000 -1.483273
47.250000 -1.359941
47.300000 -1.267442
47.350000 -1.188647
47.400000 -1.181795
47.450000 -1.246887
47.500000 -1.308553
47.550000 -1.370218
47.600000 -1.445588
47.650000 -1.510680
47.700000 -1.538088
47.750000 -1.562069
47.800000 -1.575773
47.850000 -1.568920
47.900000 -1.551791
47.950000 -1.520958
48.000000 -1.476421
48.050000 -1.442163
48.100000 -1.425033
48.150000 -1.425033
48.200000 -1.435311
48.250000 -1.455866
48.300000 -1.483273
48.350000 -1.514106
48.400000 -1.558643
48.450000 -1.586050
48.500000 -1.589476
48.550000 -1.589476
48.600000 -1.599753
48.650000 -1.610031
48.700000 -1.616883
48.750000 -1.627160
48.800000 -1.647716
48.850000 -1.678549
48.900000 -1.702530
48.950000 -1.723086
49.000000 -1.743641
49.050000 -1.777900
49.100000 -1.808733
49.150000 -1.812158
49.200000 -1.795030
49.250000 -1.798455
49.300000 -1.801881
49.350000 -1.781325
49.400000 -1.767621
49.450000 -1.795029
49.500000 -1.819010
49.550000 -1.825863
49.600000 -1.839565
49.650000 -1.839565
49.700000 -1.795029
49.750000 -1.719659
49.800000 -1.647716
49.850000 -1.579198
49.900000 -1.490125
49.950000 -1.383922
50.000000 -1.311979
50.050000 -1.277720
50.100000 -1.240035
50.150000 -1.216053
50.200000 -1.260590
50.250000 -1.349663
50.300000 -1.397626
50.350000 -1.442162
50.400000 -1.527810
50.450000 -1.586049
50.500000 -1.589475
50.550000 -1.579198
50.600000 -1.551791
50.650000 -1.479847
50.700000 -1.425033
50.750000 -1.394199
50.800000 -1.339386
50.850000 -1.294850
50.900000 -1.294850
50.950000 -1.294849
51.000000 -1.264016
51.050000 -1.253738
51.100000 -1.243461
51.150000 -1.195498
51.200000 -1.174943
51.250000 -1.195498
51.300000 -1.216054
51.350000 -1.240035
51.400000 -1.325682
51.450000 -1.442163
51.500000 -1.544939
51.550000 -1.661420
51.600000 -1.795029
51.650000 -1.911509
51.700000 -2.017712
51.750000 -2.099934
51.800000 -2.123914
51.850000 -2.093081
51.900000 -2.010860
51.950000 -1.877250
52.000000 -1.719659
52.050000 -1.555216
52.100000 -1.387348
52.150000 -1.229757
52.200000 -1.126980
52.250000 -1.092722
52.300000 -1.089296
52.350000 -1.147536
52.400000 -1.270868
52.450000 -1.407904
52.500000 -1.555216
52.550000 -1.719660
52.600000 -1.873825
52.650000 -1.990305
52.700000 -2.089655
52.750000 -2.144470
52.800000 -2.141044
52.850000 -2.099933
52.900000 -2.017712
52.950000 -1.894380
53.000000 -1.791603
53.050000 -1.723086
53.100000 -1.654567
53.150000 -1.603179
53.200000 -1.596327
53.250000 -1.613457
53.300000 -1.634012
53.350000 -1.675123
53.400000 -1.712807
53.450000 -1.750493
53.500000 -1.812159
53.550000 -1.825862
53.600000 -1.808733
53.650000 -1.825862
53.700000 -1.860121
53.750000 -1.825862
53.800000 -1.774473
53.850000 -1.777899
53.900000 -1.760770
53.950000 -1.685400
54.000000 -1.630586
54.050000 -1.599754
54.100000 -1.541514
54.150000 -1.483273
54.200000 -1.442162
54.250000 -1.394200
54.300000 -1.359941
54.350000 -1.359941
54.400000 -1.349664
54.450000 -1.332534
54.500000 -1.353089
54.550000 -1.380496
54.600000 -1.390774
54.650000 -1.431885
54.700000 -1.496977
54.750000 -1.544939
54.800000 -1.575772
54.850000 -1.627161
54.900000 -1.668271
54.950000 -1.702530
55.000000 -1.760770
55.050000 -1.825862
55.100000 -1.890954
55.150000 -1.990305
55.200000 -2.082804
55.250000 -2.127340
55.300000 -2.130766
55.350000 -2.123914
55.400000 -2.058822
55.450000 -1.932065
55.500000 -1.791603
55.550000 -1.654567
55.600000 -1.517532
55.650000 -1.397625
55.700000 -1.287997
55.750000 -1.195498
55.800000 -1.140684
55.850000 -1.130406
55.900000 -1.161240
55.950000 -1.219480
56.000000 -1.298275
56.050000 -1.390774
56.100000 -1.493550
56.150000 -1.603179
56.200000 -1.678549
56.250000 -1.723085
56.300000 -1.757345
56.350000 -1.791603
56.400000 -1.815584
56.450000 -1.822436
56.500000 -1.815584
56.550000 -1.798455
56.600000 -1.777900
56.650000 -1.764196
56.700000 -1.740215
56.750000 -1.692253
56.800000 -1.644289
56.850000 -1.586050
56.900000 -1.524384
56.950000 -1.459292
57.000000 -1.401051
57.050000 -1.346238
57.100000 -1.291423
57.150000 -1.250312
57.200000 -1.257164
57.250000 -1.305126
57.300000 -1.339385
57.350000 -1.370219
57.400000 -1.452440
57.450000 -1.551791
57.500000 -1.603179
57.550000 -1.620309
57.600000 -1.627161
57.650000 -1.606605
57.700000 -1.524384
57.750000 -1.411330
57.800000 -1.301701
57.850000 -1.168091
57.900000 -1.000222
57.950000 -0.852909
58.000000 -0.763836
58.050000 -0.729577
58.100000 -0.739855
58.150000 -0.804947
58.200000 -0.931704
58.250000 -1.120128
58.300000 -1.329108
58.350000 -1.514106
58.400000 -1.685400
58.450000 -1.866973
58.500000 -2.031415
58.550000 -2.123915
58.600000 -2.158173
58.650000 -2.168451
58.700000 -2.154748
58.750000 -2.106785
58.800000 -2.038267
58.850000 -1.966324
58.900000 -1.901231
58.950000 -1.842992
59.000000 -1.771047
59.050000 -1.712808
59.100000 -1.675122
59.150000 -1.640864
59.200000 -1.586050
59.250000 -1.517531
59.300000 -1.438736
59.350000 -1.322256
59.400000 -1.171518
59.450000 -1.041333
59.500000 -0.938557
59.550000 -0.828928
59.600000 -0.746707
59.650000 -0.743280
59.700000 -0.780966
59.750000 -0.839206
59.800000 -0.914576
59.850000 -1.017352
59.900000 -1.109851
59.950000 -1.174943
60.000000 -1.212628
60.050000 -1.212628
60.100000 -1.161240
60.150000 -1.079018
60.200000 -0.983093
60.250000 -0.904298
60.300000 -0.863187
60.350000 -0.849484
60.400000 -0.842631
60.450000 -0.873464
60.500000 -0.965964
60.550000 -1.102999
60.600000 -1.243461
60.650000 -1.394200
60.700000 -1.524384
60.750000 -1.616883
60.800000 -1.692253
60.850000 -1.740214
60.900000 -1.753918
60.950000 -1.729937
61.000000 -1.702530
61.050000 -1.668271
61.100000 -1.647715
61.150000 -1.647716
61.200000 -1.661420
61.250000 -1.692252
61.300000 -1.740215
61.350000 -1.767622
61.400000 -1.760771
61.450000 -1.750492
61.500000 -1.733363
61.550000 -1.712808
61.600000 -1.681974
61.650000 -1.651142
61.700000 -1.630586
61.750000 -1.623735
61.800000 -1.592902
61.850000 -1.558643
61.900000 -1.541513
61.950000 -1.514106
62.000000 -1.466144
62.050000 -1.428459
62.100000 -1.397626
62.150000 -1.332534
62.200000 -1.281146
62.250000 -1.284571
62.300000 -1.294849
62.350000 -1.322256
62.400000 -1.407903
62.450000 -1.507254
62.500000 -1.579198
62.550000 -1.675123
62.600000 -1.795030
62.650000 -1.877251
62.700000 -1.897805
62.750000 -1.877250
62.800000 -1.819010
62.850000 -1.740215
62.900000 -1.630587
62.950000 -1.496976
63.000000 -1.373644
63.050000 -1.267441
63.100000 -1.130407
63.150000 -1.000223
63.200000 -0.935131
63.250000 -0.904298
63.300000 -0.863187
63.350000 -0.859761
63.400000 -0.918001
63.450000 -1.003648
63.500000 -1.123554
63.550000 -1.298275
63.600000 -1.452440
63.650000 -1.562069
63.700000 -1.668271
63.750000 -1.767622
63.800000 -1.812158
63.850000 -1.798455
63.900000 -1.774474
63.950000 -1.726511
64.000000 -1.651142
64.050000 -1.558643
64.100000 -1.476422
64.150000 -1.411329
64.200000 -1.407903
64.250000 -1.476422
64.300000 -1.592902
64.350000 -1.736789
64.400000 -1.897806
64.450000 -2.014286
64.500000 -2.089656
64.550000 -2.151322
64.600000 -2.165025
64.650000 -2.106785
64.700000 -2.014286
64.750000 -1.901232
64.800000 -1.750492
64.850000 -1.592902
64.900000 -1.445588
64.950000 -1.329108
65.000000 -1.274294
65.050000 -1.284571
65.100000 -1.311978
65.150000 -1.363367
65.200000 -1.476421
65.250000 -1.610031
65.300000 -1.719660
65.350000 -1.825862
65.400000 -1.897806
65.450000 -1.918361
65.500000 -1.925213
65.550000 -1.932065
65.600000 -1.901232
65.650000 -1.866973
65.700000 -1.839566
65.750000 -1.784751
65.800000 -1.726511
65.850000 -1.702530
65.900000 -1.685400
65.950000 -1.651141
66.000000 -1.657993
66.050000 -1.695678
66.100000 -1.692252
66.150000 -1.661419
66.200000 -1.637439
66.250000 -1.596327
66.300000 -1.514106
66.350000 -1.425033
66.400000 -1.332534
66.450000 -1.246886
66.500000 -1.185220
66.550000 -1.137258
66.600000 -1.089296
66.650000 -1.072166
66.700000 -1.123555
66.750000 -1.219480
66.800000 -1.311979
66.850000 -1.414755
66.900000 -1.524383
66.950000 -1.603179
67.000000 -1.647716
67.050000 -1.695678
67.100000 -1.716234
67.150000 -1.678549
67.200000 -1.640864
67.250000 -1.640864
67.300000 -1.603180
67.350000 -1.527810
67.400000 -1.514106
67.450000 -1.544939
67.500000 -1.544939
67.550000 -1.548365
67.600000 -1.623735
67.650000 -1.685401
67.700000 -1.702530
67.750000 -1.719659
67.800000 -1.753918
67.850000 -1.757345
67.900000 -1.736789
67.950000 -1.733363
68.000000 -1.733363
68.050000 -1.716234
68.100000 -1.695678
68.150000 -1.688827
68.200000 -1.685400
68.250000 -1.675123
68.300000 -1.661419
68.350000 -1.661419
68.400000 -1.675123
68.450000 -1.685401
68.500000 -1.685401
68.550000 -1.712808
68.600000 -1.760770
68.650000 -1.791603
68.700000 -1.836140
68.750000 -1.911510
68.800000 -2.000582
68.850000 -2.069100
68.900000 -2.123915
68.950000 -2.158173
69.000000 -2.154748
69.050000 -2.113637
69.100000 -2.041693
69.150000 -1.952620
69.200000 -1.860121
69.250000 -1.743641
69.300000 -1.606605
69.350000 -1.479847
69.400000 -1.390774
69.450000 -1.322256
69.500000 -1.274293
69.550000 -1.260590
69.600000 -1.270868
69.650000 -1.281146
69.700000 -1.291423
69.750000 -1.325682
69.800000 -1.356515
69.850000 -1.390774
69.900000 -1.425033
69.950000 -1.449014
70.000000 -1.472996
70.050000 -1.517532
70.100000 -1.575772
70.150000 -1.613457
70.200000 -1.637438
70.250000 -1.668271
70.300000 -1.685400
70.350000 -1.688826
70.400000 -1.695678
70.450000 -1.699104
70.500000 -1.681974
70.550000 -1.657994
70.600000 -1.661419
70.650000 -1.668271
70.700000 -1.661419
70.750000 -1.651142
70.800000 -1.634012
70.850000 -1.603179
70.900000 -1.572346
70.950000 -1.534662
71.000000 -1.493550
71.050000 -1.462718
71.100000 -1.452440
71.150000 -1.438737
71.200000 -1.421607
71.250000 -1.445589
71.300000 -1.490125
71.350000 -1.514106
71.400000 -1.548364
71.450000 -1.623735
71.500000 -1.681974
71.550000 -1.702530
71.600000 -1.743641
71.650000 -1.798455
71.700000 -1.801881
71.750000 -1.777899
71.800000 -1.774474
71.850000 -1.767622
71.900000 -1.712808
71.950000 -1.644290
72.000000 -1.603179
72.050000 -1.544939
72.100000 -1.449014
72.150000 -1.370219
72.200000 -1.325682
72.250000 -1.270868
72.300000 -1.205776
72.350000 -1.154388
72.400000 -1.116703
72.450000 -1.106425
72.500000 -1.133832
72.550000 -1.178369
72.600000 -1.212627
72.650000 -1.253738
72.700000 -1.305127
72.750000 -1.332534
72.800000 -1.346237
72.850000 -1.370219
72.900000 -1.390774
72.950000 -1.377070
73.000000 -1.359941
73.050000 -1.373645
73.100000 -1.387348
73.150000 -1.380496
73.200000 -1.397626
73.250000 -1.449014
73.300000 -1.510680
73.350000 -1.572346
73.400000 -1.647715
73.450000 -1.702529
73.500000 -1.719659
73.550000 -1.733363
73.600000 -1.733363
73.650000 -1.688826
73.700000 -1.623735
73.750000 -1.575772
73.800000 -1.538087
73.850000 -1.517532
73.900000 -1.507254
73.950000 -1.507254
74.000000 -1.524383
74.050000 -1.562069
74.100000 -1.596327
74.150000 -1.623735
74.200000 -1.671697
74.250000 -1.712808
74.300000 -1.712808
74.350000 -1.692252
74.400000 -1.678549
74.450000 -1.637438
74.500000 -1.558643
74.550000 -1.479848
74.600000 -1.435311
74.650000 -1.404478
74.700000 -1.356515
74.750000 -1.322256
74.800000 -1.329107
74.850000 -1.356515
74.900000 -1.377070
74.950000 -1.407903
75.000000 -1.476422
75.050000 -1.565495
75.100000 -1.634013
75.150000 -1.695678
75.200000 -1.774474
75.250000 -1.842991
75.300000 -1.870399
75.350000 -1.873825
75.400000 -1.877250
75.450000 -1.856695
75.500000 -1.795029
75.550000 -1.695678
75.600000 -1.596327
75.650000 -1.503828
75.700000 -1.411329
75.750000 -1.298275
75.800000 -1.198924
75.850000 -1.147536
75.900000 -1.137258
75.950000 -1.123555
76.000000 -1.126981
76.050000 -1.171517
76.100000 -1.229757
76.150000 -1.267441
76.200000 -1.318830
76.250000 -1.390774
76.300000 -1.418181
76.350000 -1.394199
76.400000 -1.373645
76.450000 -1.356515
76.500000 -1.305127
76.550000 -1.212627
76.600000 -1.102999
76.650000 -0.996796
76.700000 -0.887168
76.750000 -0.787817
76.800000 -0.722726
76.850000 -0.688467
76.900000 -0.667911
76.950000 -0.688466
77.000000 -0.794669
77.050000 -0.945408
77.100000 -1.089296
77.150000 -1.267442
77.200000 -1.490125
77.250000 -1.702530
77.300000 -1.901232
77.350000 -2.089655
77.400000 -2.212988
77.450000 -2.236969
77.500000 -2.199284
77.550000 -2.117063
77.600000 -1.976602
77.650000 -1.798455
77.700000 -1.627161
77.750000 -1.490125
77.800000 -1.394199
77.850000 -1.315405
77.900000 -1.264016
77.950000 -1.277720
78.000000 -1.342812
78.050000 -1.404478
78.100000 -1.479847
78.150000 -1.586050
78.200000 -1.678549
78.250000 -1.723085
78.300000 -1.743641
78.350000 -1.760771
78.400000 -1.767622
78.450000 -1.757344
78.500000 -1.723085
78.550000 -1.671697
78.600000 -1.651142
78.650000 -1.661419
78.700000 -1.671697
78.750000 -1.699105
78.800000 -1.753918
78.850000 -1.808732
78.900000 -1.860121
78.950000 -1.911509
79.000000 -1.949194
79.050000 -1.986879
79.100000 -2.031416
79.150000 -2.045119
79.200000 -2.010860
79.250000 -1.952620
79.300000 -1.870398
79.350000 -1.729937
79.400000 -1.575772
79.450000 -1.452440
79.500000 -1.318830
79.550000 -1.181795
79.600000 -1.068740
79.650000 -0.976242
79.700000 -0.883743
79.750000 -0.828928
79.800000 -0.818650
79.850000 -0.849484
79.900000 -0.921427
79.950000 -1.024204
80.000000 -1.113277
80.050000 -1.216054
80.100000 -1.346237
80.150000 -1.438736
80.200000 -1.452440
80.250000 -1.445589
80.300000 -1.431885
80.350000 -1.383922
80.400000 -1.322256
80.450000 -1.301700
80.500000 -1.274294
80.550000 -1.226331
80.600000 -1.219479
80.650000 -1.257164
80.700000 -1.294849
80.750000 -1.356515
80.800000 -1.452440
80.850000 -1.531236
80.900000 -1.575772
80.950000 -1.610031
81.000000 -1.627161
81.050000 -1.620308
81.100000 -1.586050
81.150000 -1.538087
81.200000 -1.507254
81.250000 -1.490125
81.300000 -1.466143
81.350000 -1.469569
81.400000 -1.520958
81.450000 -1.586049
81.500000 -1.627161
81.550000 -1.681975
81.600000 -1.736788
81.650000 -1.760771
81.700000 -1.781326
81.750000 -1.805306
81.800000 -1.781325
81.850000 -1.692253
81.900000 -1.586050
81.950000 -1.479848
82.000000 -1.387348
82.050000 -1.349664
82.100000 -1.329108
82.150000 -1.294849
82.200000 -1.308552
82.250000 -1.407903
82.300000 -1.514106
82.350000 -1.592902
82.400000 -1.705956
82.450000 -1.825862
82.500000 -1.870399
82.550000 -1.863547
82.600000 -1.829288
82.650000 -1.743641
82.700000 -1.613457
82.750000 -1.469569
82.800000 -1.311978
82.850000 -1.147535
82.900000 -0.996796
82.950000 -0.876890
83.000000 -0.784392
83.050000 -0.736429
83.100000 -0.750132
83.150000 -0.808373
83.200000 -0.887168
83.250000 -0.986519
83.300000 -1.075592
83.350000 -1.157813
83.400000 -1.250313
83.450000 -1.342811
83.500000 -1.421607
83.550000 -1.510680
83.600000 -1.610031
83.650000 -1.699104
83.700000 -1.777900
83.750000 -1.836140
83.800000 -1.877250
83.850000 -1.901232
83.900000 -1.928639
83.950000 -1.925213
84.000000 -1.884102
84.050000 -1.801880
84.100000 -1.675122
84.150000 -1.503829
84.200000 -1.325683
84.250000 -1.157813
84.300000 -0.986519
84.350000 -0.828928
84.400000 -0.726151
84.450000 -0.685040
84.500000 -0.674763
84.550000 -0.661059
84.600000 -0.678189
84.650000 -0.763836
84.700000 -0.876891
84.750000 -0.955686
84.800000 -1.027629
84.850000 -1.147535
84.900000 -1.267442
84.950000 -1.335959
85.000000 -1.397626
85.050000 -1.469569
85.100000 -1.490125
85.150000 -1.469570
85.200000 -1.452440
85.250000 -1.428458
85.300000 -1.356515
85.350000 -1.264016
85.400000 -1.178369
85.450000 -1.102999
85.500000 -1.037907
85.550000 -0.986519
85.600000 -0.965963
85.650000 -0.993370
85.700000 -1.037907
85.750000 -1.075592
85.800000 -1.150962
85.850000 -1.260590
85.900000 -1.339386
85.950000 -1.359941
86.000000 -1.359941
86.050000 -1.353089
86.100000 -1.301700
86.150000 -1.246887
86.200000 -1.202350
86.250000 -1.154387
86.300000 -1.106425
86.350000 -1.106425
86.400000 -1.144110
86.450000 -1.185221
86.500000 -1.233183
86.550000 -1.329108
86.600000 -1.435311
86.650000 -1.517532
86.700000 -1.568920
86.750000 -1.599754
86.800000 -1.627160
86.850000 -1.654568
86.900000 -1.651142
86.950000 -1.630586
87.000000 -1.630586
87.050000 -1.634012
87.100000 -1.596328
87.150000 -1.544939
87.200000 -1.507254
87.250000 -1.462718
87.300000 -1.418181
87.350000 -1.401052
87.400000 -1.394200
87.450000 -1.380496
87.500000 -1.387348
87.550000 -1.407903
87.600000 -1.428459
87.650000 -1.466143
87.700000 -1.507254
87.750000 -1.517532
87.800000 -1.507255
87.850000 -1.493551
87.900000 -1.459292
87.950000 -1.401051
88.000000 -1.322256
88.050000 -1.226331
88.100000 -1.120129
88.150000 -1.024204
88.200000 -0.962538
88.250000 -0.935130
88.300000 -0.948834
88.350000 -1.003648
88.400000 -1.065315
88.450000 -1.120129
88.500000 -1.192072
88.550000 -1.287998
88.600000 -1.390774
88.650000 -1.462718
88.700000 -1.479847
88.750000 -1.486699
88.800000 -1.503829
88.850000 -1.500402
88.900000 -1.462718
88.950000 -1.428459
89.000000 -1.418182
89.050000 -1.411329
89.100000 -1.397626
89.150000 -1.383922
89.200000 -1.356515
89.250000 -1.308552
89.300000 -1.246887
89.350000 -1.181795
89.400000 -1.113277
89.450000 -1.044759
89.500000 -0.948834
89.550000 -0.818650
89.600000 -0.712448
89.650000 -0.671337
89.700000 -0.640504
89.750000 -0.626800
89.800000 -0.685040
89.850000 -0.801520
89.900000 -0.914575
89.950000 -1.027630
90.000000 -1.174942
90.050000 -1.335960
90.100000 -1.476422
90.150000 -1.586050
90.200000 -1.664846
90.250000 -1.719659
90.300000 -1.736789
90.350000 -1.692252
90.400000 -1.640864
90.450000 -1.630586
90.500000 -1.620309
90.550000 -1.582624
90.600000 -1.572346
90.650000 -1.603179
90.700000 -1.592901
90.750000 -1.538088
90.800000 -1.503828
90.850000 -1.496976
90.900000 -1.476421
90.950000 -1.438736
91.000000 -1.407903
91.050000 -1.383922
91.100000 -1.356515
91.150000 -1.339386
91.200000 -1.339385
91.250000 -1.346237
91.300000 -1.335960
91.350000 -1.329108
91.400000 -1.353089
91.450000 -1.383922
91.500000 -1.373645
91.550000 -1.377071
91.600000 -1.431884
91.650000 -1.472995
91.700000 -1.462717
91.750000 -1.493551
91.800000 -1.582623
91.850000 -1.657994
91.900000 -1.719659
91.950000 -1.822436
92.000000 -1.938917
92.050000 -2.021138
92.100000 -2.069100
92.150000 -2.113636
92.200000 -2.117063
92.250000 -2.079378
92.300000 -2.010860
92.350000 -1.928639
92.400000 -1.846417
92.450000 -1.733363
92.500000 -1.579198
92.550000 -1.431884
92.600000 -1.329108
92.650000 -1.216054
92.700000 -1.102999
92.750000 -1.055037
92.800000 -1.068740
92.850000 -1.096147
92.900000 -1.157814
92.950000 -1.277720
93.000000 -1.404478
93.050000 -1.520958
93.100000 -1.623734
93.150000 -1.692252
93.200000 -1.729938
93.250000 -1.726511
93.300000 -1.657993
93.350000 -1.544939
93.400000 -1.442163
93.450000 -1.356515
93.500000 -1.264016
93.550000 -1.178369
93.600000 -1.147536
93.650000 -1.157814
93.700000 -1.181795
93.750000 -1.202350
93.800000 -1.246887
93.850000 -1.318830
93.900000 -1.380496
93.950000 -1.411329
94.000000 -1.445588
94.050000 -1.500403
94.100000 -1.538088
94.150000 -1.548365
94.200000 -1.589476
94.250000 -1.644290
94.300000 -1.634012
94.350000 -1.599754
94.400000 -1.592901
94.450000 -1.572347
94.500000 -1.479848
94.550000 -1.339386
94.600000 -1.192073
94.650000 -1.051611
94.700000 -0.941983
94.750000 -0.839206
94.800000 -0.770688
94.850000 -0.777540
94.900000 -0.870039
94.950000 -0.983093
95.000000 -1.116703
95.050000 -1.291423
95.100000 -1.459292
95.150000 -1.589475
95.200000 -1.709382
95.250000 -1.781326
95.300000 -1.747067
95.350000 -1.651142
95.400000 -1.555216
95.450000 -1.428459
95.500000 -1.281146
95.550000 -1.157814
95.600000 -1.085870
95.650000 -1.037907
95.700000 -1.020778
95.750000 -1.027629
95.800000 -1.058463
95.850000 -1.133832
95.900000 -1.212628
95.950000 -1.267442
96.000000 -1.325682
96.050000 -1.401052
96.100000 -1.438736
96.150000 -1.445589
96.200000 -1.462718
96.250000 -1.479847
96.300000 -1.459291
96.350000 -1.407904
96.400000 -1.373644
96.450000 -1.342812
96.500000 -1.287997
96.550000 -1.226331
96.600000 -1.195498
96.650000 -1.178368
96.700000 -1.137258
96.750000 -1.126981
96.800000 -1.178369
96.850000 -1.243460
96.900000 -1.301701
96.950000 -1.383922
97.000000 -1.493551
97.050000 -1.589475
97.100000 -1.664846
97.150000 -1.743641
97.200000 -1.798455
97.250000 -1.815585
97.300000 -1.819011
97.350000 -1.805307
97.400000 -1.764196
97.450000 -1.750493
97.500000 -1.760770
97.550000 -1.747067
97.600000 -1.719659
97.650000 -1.736789
97.700000 -1.764196
97.750000 -1.740214
97.800000 -1.705955
97.850000 -1.671697
97.900000 -1.603179
97.950000 -1.486699
98.000000 -1.380497
98.050000 -1.287998
98.100000 -1.181795
98.150000 -1.099573
98.200000 -1.058463
98.250000 -1.055037
98.300000 -1.089295
98.350000 -1.164666
98.400000 -1.270868
98.450000 -1.411330
98.500000 -1.551791
98.550000 -1.644289
98.600000 -1.726511
98.650000 -1.829288
98.700000 -1.890954
98.750000 -1.846417
98.800000 -1.777899
98.850000 -1.736789
98.900000 -1.644290
98.950000 -1.462718
99.000000 -1.281145
99.050000 -1.154388
99.100000 -1.027629
99.150000 -0.911149
99.200000 -0.839206
99.250000 -0.815224
99.300000 -0.808372
99.350000 -0.818650
99.400000 -0.859761
99.450000 -0.918001
99.500000 -0.976241
99.550000 -1.020778
99.600000 -1.068740
99.650000 -1.113277
99.700000 -1.130406
99.750000 -1.109851
99.800000 -1.079018
99.850000 -1.037908
99.900000 -0.979667
99.950000 -0.921427
100.000000 -0.897445
100.050000 -0.894020
100.100000 -0.883742
100.150000 -0.887168
100.200000 -0.935130
100.250000 -1.020778
100.300000 -1.089296
100.350000 -1.171517
100.400000 -1.281145
100.450000 -1.373645
100.500000 -1.428459
100.550000 -1.462718
100.600000 -1.479847
100.650000 -1.455866
100.700000 -1.383922
100.750000 -1.311978
100.800000 -1.264016
100.850000 -1.229757
100.900000 -1.185220
100.950000 -1.150962
101.000000 -1.161239
101.050000 -1.233183
101.100000 -1.325682
101.150000 -1.411329
101.200000 -1.520958
101.250000 -1.661420
101.300000 -1.767622
101.350000 -1.825862
101.400000 -1.887528
101.450000 -1.962897
101.500000 -1.986879
101.550000 -1.952620
101.600000 -1.918362
101.650000 -1.890954
101.700000 -1.846417
101.750000 -1.791604
101.800000 -1.743641
101.850000 -1.702530
101.900000 -1.685400
101.950000 -1.668271
102.000000 -1.637438
102.050000 -1.606605
102.100000 -1.592901
102.150000 -1.551791
102.200000 -1.507254
102.250000 -1.500403
102.300000 -1.517532
102.350000 -1.514106
102.400000 -1.510680
102.450000 -1.531236
102.500000 -1.534662
102.550000 -1.524384
102.600000 -1.527809
102.650000 -1.527810
102.700000 -1.514106
102.750000 -1.500403
102.800000 -1.490124
102.850000 -1.476421
102.900000 -1.490124
102.950000 -1.510680
103.000000 -1.514106
103.050000 -1.534661
103.100000 -1.586050
103.150000 -1.627160
103.200000 -1.654567
103.250000 -1.688826
103.300000 -1.695679
103.350000 -1.664845
103.400000 -1.647716
103.450000 -1.634012
103.500000 -1.575772
103.550000 -1.500402
103.600000 -1.466143
103.650000 -1.449014
103.700000 -1.431884
103.750000 -1.445588
103.800000 -1.493551
103.850000 -1.534661
103.900000 -1.551791
103.950000 -1.596327
104.000000 -1.664845
104.050000 -1.733363
104.100000 -1.771047
104.150000 -1.795029
104.200000 -1.805307
104.250000 -1.791603
104.300000 -1.740215
104.350000 -1.664845
104.400000 -1.589475
104.450000 -1.493551
104.500000 -1.377071
104.550000 -1.270868
104.600000 -1.195498
104.650000 -1.130406
104.700000 -1.072166
104.750000 -1.031056
104.800000 -0.993371
104.850000 -0.955686
104.900000 -0.945408
104.950000 -0.976242
105.000000 -1.027629
105.050000 -1.089295
105.100000 -1.171517
105.150000 -1.260590
105.200000 -1.356515
105.250000 -1.435310
105.300000 -1.469570
105.350000 -1.490124
105.400000 -1.514106
105.450000 -1.500403
105.500000 -1.421607
105.550000 -1.342811
105.600000 -1.294849
105.650000 -1.222906
105.700000 -1.113277
105.750000 -1.027629
105.800000 -0.979667
105.850000 -0.965964
105.900000 -0.983093
105.950000 -1.031056
106.000000 -1.075592
106.050000 -1.113277
106.100000 -1.154388
106.150000 -1.171517
106.200000 -1.157813
106.250000 -1.144110
106.300000 -1.130406
106.350000 -1.082444
106.400000 -1.027630
106.450000 -1.000223
106.500000 -0.989945
106.550000 -0.969389
106.600000 -0.972815
106.650000 -1.000223
106.700000 -1.020778
106.750000 -1.027630
106.800000 -1.061889
106.850000 -1.109851
106.900000 -1.137258
106.950000 -1.154388
107.000000 -1.178368
107.050000 -1.202350
107.100000 -1.222905
107.150000 -1.236609
107.200000 -1.246886
107.250000 -1.270868
107.300000 -1.315404
107.350000 -1.332534
107.400000 -1.322257
107.450000 -1.329108
107.500000 -1.349664
107.550000 -1.349663
107.600000 -1.325683
107.650000 -1.305127
107.700000 -1.281145
107.750000 -1.250313
107.800000 -1.236608
107.850000 -1.233183
107.900000 -1.209202
107.950000 -1.192073
108.000000 -1.192072
108.050000 -1.171517
108.100000 -1.102999
108.150000 -1.048185
108.200000 -1.020778
108.250000 -0.979668
108.300000 -0.924853
108.350000 -0.876890
108.400000 -0.835780
108.450000 -0.811798
108.500000 -0.811798
108.550000 -0.835780
108.600000 -0.866613
108.650000 -0.914575
108.700000 -0.972816
108.750000 -1.007075
108.800000 -1.027630
108.850000 -1.055037
108.900000 -1.075592
108.950000 -1.058463
109.000000 -1.003649
109.050000 -0.938556
109.100000 -0.870039
109.150000 -0.798095
109.200000 -0.763836
109.250000 -0.791243
109.300000 -0.849483
109.350000 -0.914576
109.400000 -1.024204
109.450000 -1.178369
109.500000 -1.332534
109.550000 -1.486699
109.600000 -1.675123
109.650000 -1.846417
109.700000 -1.938917
109.750000 -1.973175
109.800000 -2.004008
109.850000 -1.993730
109.900000 -1.908084
109.950000 -1.801881
110.000000 -1.719659
110.050000 -1.644290
110.100000 -1.538087
110.150000 -1.428459
110.200000 -1.342811
110.250000 -1.260590
110.300000 -1.174943
110.350000 -1.096148
110.400000 -1.041333
110.450000 -0.986519
110.500000 -0.931705
110.550000 -0.897446
110.600000 -0.904298
110.650000 -0.924853
110.700000 -0.921427
110.750000 -0.935131
110.800000 -1.010500
110.850000 -1.113277
110.900000 -1.209202
110.950000 -1.318830
111.000000 -1.442163
111.050000 -1.520958
111.100000 -1.558642
111.150000 -1.596327
111.200000 -1.613457
111.250000 -1.589476
111.300000 -1.531235
111.350000 -1.459292
111.400000 -1.383923
111.450000 -1.329108
111.500000 -1.277720
111.550000 -1.233184
111.600000 -1.243461
111.650000 -1.311979
111.700000 -1.380497
111.750000 -1.466143
111.800000 -1.627160
111.850000 -1.822436
111.900000 -1.973175
111.950000 -2.103359
112.000000 -2.223265
112.050000 -2.274654
112.100000 -2.230118
112.150000 -2.144470
112.200000 -2.051971
112.250000 -1.925213
112.300000 -1.764196
112.350000 -1.630586
112.400000 -1.517532
112.450000 -1.397626
112.500000 -1.287997
112.550000 -1.233183
112.600000 -1.202350
112.650000 -1.181795
112.700000 -1.198924
112.750000 -1.209201
112.800000 -1.192072
112.850000 -1.192073
112.900000 -1.188647
112.950000 -1.130406
113.000000 -1.068740
113.050000 -1.051611
113.100000 -1.020778
113.150000 -0.965963
113.200000 -0.955686
113.250000 -0.989945
113.300000 -1.020778
113.350000 -1.055036
113.400000 -1.120129
113.450000 -1.209201
113.500000 -1.294849
113.550000 -1.366793
113.600000 -1.418181
113.650000 -1.449014
113.700000 -1.455866
113.750000 -1.442163
113.800000 -1.425033
113.850000 -1.425032
113.900000 -1.421607
113.950000 -1.407903
114.000000 -1.404477
114.050000 -1.428459
114.100000 -1.449014
114.150000 -1.459292
114.200000 -1.483273
114.250000 -1.514106
114.300000 -1.524384
114.350000 -1.527810
114.400000 -1.538087
114.450000 -1.541513
114.500000 -1.517532
114.550000 -1.472995
114.600000 -1.428459
114.650000 -1.397626
114.700000 -1.383923
114.750000 -1.373644
114.800000 -1.377070
114.850000 -1.428459
114.900000 -1.500402
114.950000 -1.551790
115.000000 -1.616882
115.050000 -1.699104
115.100000 -1.757345
115.150000 -1.784752
115.200000 -1.815584
115.250000 -1.822437
115.300000 -1.784751
115.350000 -1.774473
115.400000 -1.777899
115.450000 -1.716234
115.500000 -1.630586
115.550000 -1.586050
115.600000 -1.544939
115.650000 -1.479847
115.700000 -1.404478
115.750000 -1.335959
115.800000 -1.264016
115.850000 -1.192072
115.900000 -1.106425
115.950000 -1.003648
116.000000 -0.914575
116.050000 -0.859761
116.100000 -0.828928
116.150000 -0.828928
116.200000 -0.866613
116.250000 -0.941983
116.300000 -1.041333
116.350000 -1.161239
116.400000 -1.301700
116.450000 -1.435311
116.500000 -1.534662
116.550000 -1.596327
116.600000 -1.640864
116.650000 -1.651141
116.700000 -1.596327
116.750000 -1.507255
116.800000 -1.404478
116.850000 -1.291423
116.900000 -1.168092
116.950000 -1.068740
117.000000 -1.000223
117.050000 -0.965964
117.100000 -0.976241
117.150000 -1.031056
117.200000 -1.113277
117.250000 -1.216054
117.300000 -1.308552
117.350000 -1.390774
117.400000 -1.466143
117.450000 -1.527810
117.500000 -1.548365
117.550000 -1.562069
117.600000 -1.572346
117.650000 -1.538088
117.700000 -1.479847
117.750000 -1.435311
117.800000 -1.387349
117.850000 -1.349663
117.900000 -1.346237
117.950000 -1.349663
118.000000 -1.335960
118.050000 -1.329108
118.100000 -1.353089
118.150000 -1.370219
118.200000 -1.349664
118.250000 -1.315404
118.300000 -1.250312
118.350000 -1.157814
118.400000 -1.072166
118.450000 -0.989944
118.500000 -0.904297
118.550000 -0.839206
118.600000 -0.801521
118.650000 -0.767262
118.700000 -0.756985
118.750000 -0.791244
118.800000 -0.846058
118.850000 -0.918002
118.900000 -1.027630
118.950000 -1.154387
119.000000 -1.264016
119.050000 -1.373645
119.100000 -1.503829
119.150000 -1.616883
119.200000 -1.716233
119.250000 -1.819010
119.300000 -1.901232
119.350000 -1.935490
119.400000 -1.938916
119.450000 -1.935491
119.500000 -1.901231
119.550000 -1.832714
119.600000 -1.760770
119.650000 -1.705956
119.700000 -1.644290
119.750000 -1.558643
119.800000 -1.472995
119.850000 -1.411329
119.900000 -1.370218
119.950000 -1.356515
120.000000 -1.366793
120.050000 -1.390774
120.100000 -1.407904
120.150000 -1.418181
120.200000 -1.438736
120.250000 -1.466143
120.300000 -1.483273
120.350000 -1.472995
120.400000 -1.449014
120.450000 -1.418182
120.500000 -1.370218
120.550000 -1.294849
120.600000 -1.222906
120.650000 -1.154388
120.700000 -1.075592
120.750000 -0.983093
120.800000 -0.918001
120.850000 -0.883742
120.900000 -0.856335
120.950000 -0.825502
121.000000 -0.825502
121.050000 -0.883743
121.100000 -0.962537
121.150000 -1.024203
121.200000 -1.079018
121.250000 -1.154388
121.300000 -1.222906
121.350000 -1.236609
121.400000 -1.222905
121.450000 -1.222906
121.500000 -1.195498
121.550000 -1.140684
121.600000 -1.096148
121.650000 -1.096147
121.700000 -1.106426
121.750000 -1.126980
121.800000 -1.188647
121.850000 -1.301701
121.900000 -1.414756
121.950000 -1.514106
122.000000 -1.627160
122.050000 -1.729937
122.100000 -1.764196
122.150000 -1.729937
122.200000 -1.678549
122.250000 -1.610031
122.300000 -1.500402
122.350000 -1.349664
122.400000 -1.192072
122.450000 -1.037908
122.500000 -0.880316
122.550000 -0.743281
122.600000 -0.698745
122.650000 -0.729577
122.700000 -0.784391
122.750000 -0.894020
122.800000 -1.092721
122.850000 -1.308552
122.900000 -1.483273
122.950000 -1.678548
123.000000 -1.863546
123.050000 -1.966323
123.100000 -2.014286
123.150000 -2.038267
123.200000 -2.010860
123.250000 -1.928638
123.300000 -1.849843
123.350000 -1.767622
123.400000 -1.681975
123.450000 -1.640864
123.500000 -1.616883
123.550000 -1.586050
123.600000 -1.589475
123.650000 -1.647716
123.700000 -1.681975
123.750000 -1.671697
123.800000 -1.678549
123.850000 -1.675123
123.900000 -1.623735
123.950000 -1.568921
124.000000 -1.524384
124.050000 -1.449014
124.100000 -1.383922
124.150000 -1.370219
124.200000 -1.349663
124.250000 -1.305126
124.300000 -1.315404
124.350000 -1.387348
124.400000 -1.428459
124.450000 -1.452440
124.500000 -1.510680
124.550000 -1.558642
124.600000 -1.572346
124.650000 -1.579198
124.700000 -1.592901
124.750000 -1.579198
124.800000 -1.531235
124.850000 -1.479847
124.900000 -1.394199
124.950000 -1.301701
125.000000 -1.240034
125.050000 -1.181795
125.100000 -1.120129
125.150000 -1.113277
125.200000 -1.178369
125.250000 -1.257165
125.300000 -1.325682
125.350000 -1.397626
125.400000 -1.490124
125.450000 -1.558643
125.500000 -1.582624
125.550000 -1.582624
125.600000 -1.575772
125.650000 -1.527810
125.700000 -1.438737
125.750000 -1.380497
125.800000 -1.349664
125.850000 -1.315404
125.900000 -1.287997
125.950000 -1.305126
126.000000 -1.363367
126.050000 -1.435311
126.100000 -1.524384
126.150000 -1.599753
126.200000 -1.647716
126.250000 -1.695678
126.300000 -1.719659
126.350000 -1.675123
126.400000 -1.596327
126.450000 -1.524384
126.500000 -1.425032
126.550000 -1.311979
126.600000 -1.243460
126.650000 -1.205776
126.700000 -1.144109
126.750000 -1.096148
126.800000 -1.082444
126.850000 -1.089296
126.900000 -1.099573
126.950000 -1.123555
127.000000 -1.140684
127.050000 -1.164665
127.100000 -1.216053
127.150000 -1.253738
127.200000 -1.274294
127.250000 -1.322257
127.300000 -1.390774
127.350000 -1.438737
127.400000 -1.493551
127.450000 -1.572347
127.500000 -1.630586
127.550000 -1.681975
127.600000 -1.757344
127.650000 -1.832714
127.700000 -1.856695
127.750000 -1.856696
127.800000 -1.856695
127.850000 -1.832714
127.900000 -1.795029
127.950000 -1.736789
128.000000 -1.627160
128.050000 -1.514106
128.100000 -1.431885
128.150000 -1.325682
128.200000 -1.185221
128.250000 -1.099573
128.300000 -1.058463
128.350000 -1.034482
128.400000 -1.058463
128.450000 -1.109851
128.500000 -1.168091
128.550000 -1.264016
128.600000 -1.394200
128.650000 -1.486699
128.700000 -1.527809
128.750000 -1.551791
128.800000 -1.565494
128.850000 -1.568920
128.900000 -1.589476
128.950000 -1.603179
129.000000 -1.599753
129.050000 -1.623734
129.100000 -1.695678
129.150000 -1.777900
129.200000 -1.863547
129.250000 -1.942342
129.300000 -1.986879
129.350000 -1.980027
129.400000 -1.928639
129.450000 -1.836140
129.500000 -1.709382
129.550000 -1.555217
129.600000 -1.366792
129.650000 -1.171517
129.700000 -1.027630
129.750000 -0.941982
129.800000 -0.900872
129.850000 -0.935131
129.900000 -1.044759
129.950000 -1.178368
130.000000 -1.305126
130.050000 -1.445588
130.100000 -1.586050
130.150000 -1.685401
130.200000 -1.729937
130.250000 -1.709382
130.300000 -1.589476
130.350000 -1.425032
130.400000 -1.281146
130.450000 -1.161239
130.500000 -1.058462
130.550000 -0.983093
130.600000 -0.955686
130.650000 -0.945409
130.700000 -0.959112
130.750000 -1.020778
130.800000 -1.113277
130.850000 -1.198924
130.900000 -1.240035
130.950000 -1.260591
131.000000 -1.287997
131.050000 -1.305127
131.100000 -1.270868
131.150000 -1.192073
131.200000 -1.130407
131.250000 -1.079018
131.300000 -1.017352
131.350000 -0.959112
131.400000 -0.938556
131.450000 -0.931705
131.500000 -0.907724
131.550000 -0.880316
131.600000 -0.880316
131.650000 -0.876891
131.700000 -0.835780
131.750000 -0.777540
131.800000 -0.746706
131.850000 -0.739855
131.900000 -0.743280
131.950000 -0.746707
132.000000 -0.743281
132.050000 -0.729577
132.100000 -0.746707
132.150000 -0.794669
132.200000 -0.835780
132.250000 -0.904298
132.300000 -1.017352
132.350000 -1.126980
132.400000 -1.222906
132.450000 -1.318831
132.500000 -1.397625
132.550000 -1.431885
132.600000 -1.438736
132.650000 -1.438736
132.700000 -1.414755
132.750000 -1.397625
132.800000 -1.407903
132.850000 -1.445588
132.900000 -1.507254
132.950000 -1.582623
133.000000 -1.654567
133.050000 -1.733363
133.100000 -1.839565
133.150000 -1.908084
133.200000 -1.921786
133.250000 -1.918361
133.300000 -1.873825
133.350000 -1.733363
133.400000 -1.558643
133.450000 -1.407903
133.500000 -1.240035
133.550000 -1.037908
133.600000 -0.890594
133.650000 -0.822076
133.700000 -0.777540
133.750000 -0.756984
133.800000 -0.787817
133.850000 -0.859761
133.900000 -0.962538
133.950000 -1.120129
134.000000 -1.291423
134.050000 -1.411329
134.100000 -1.503828
134.150000 -1.603179
134.200000 -1.654568
134.250000 -1.651142
134.300000 -1.610031
134.350000 -1.541514
134.400000 -1.466143
134.450000 -1.431885
134.500000 -1.404477
134.550000 -1.322256
134.600000 -1.274294
134.650000 -1.301701
134.700000 -1.332534
134.750000 -1.335960
134.800000 -1.363366
134.850000 -1.404478
134.900000 -1.411330
134.950000 -1.411329
135.000000 -1.414755
135.050000 -1.390774
135.100000 -1.322256
135.150000 -1.240035
135.200000 -1.161240
135.250000 -1.102999
135.300000 -1.055037
135.350000 -1.048185
135.400000 -1.089296
135.450000 -1.154388
135.500000 -1.212628
135.550000 -1.281145
135.600000 -1.390774
135.650000 -1.510680
135.700000 -1.596327
135.750000 -1.651141
135.800000 -1.702530
135.850000 -1.726511
135.900000 -1.716233
135.950000 -1.671697
136.000000 -1.589475
136.050000 -1.486699
136.100000 -1.377071
136.150000 -1.267442
136.200000 -1.144110
136.250000 -1.037907
136.300000 -0.935130
136.350000 -0.839206
136.400000 -0.780965
136.450000 -0.774114
136.500000 -0.777539
136.550000 -0.784391
136.600000 -0.825503
136.650000 -0.911149
136.700000 -1.010500
136.750000 -1.113277
136.800000 -1.219479
136.850000 -1.353089
136.900000 -1.462717
136.950000 -1.524384
137.000000 -1.582624
137.050000 -1.671697
137.100000 -1.747067
137.150000 -1.791603
137.200000 -1.856695
137.250000 -1.938917
137.300000 -1.980027
137.350000 -1.983453
137.400000 -1.976601
137.450000 -1.928639
137.500000 -1.832714
137.550000 -1.719659
137.600000 -1.603179
137.650000 -1.486699
137.700000 -1.363367
137.750000 -1.229757
137.800000 -1.099573
137.850000 -1.013926
137.900000 -0.983093
137.950000 -0.962538
138.000000 -0.962538
138.050000 -1.020778
138.100000 -1.113277
138.150000 -1.198924
138.200000 -1.287998
138.250000 -1.377070
138.300000 -1.435311
138.350000 -1.476422
138.400000 -1.503828
138.450000 -1.517532
138.500000 -1.507254
138.550000 -1.479848
138.600000 -1.404478
138.650000 -1.308553
138.700000 -1.233183
138.750000 -1.133832
138.800000 -1.000223
138.850000 -0.914575
138.900000 -0.904298
138.950000 -0.890594
139.000000 -0.880316
139.050000 -0.935130
139.100000 -1.024203
139.150000 -1.109851
139.200000 -1.229757
139.250000 -1.349664
139.300000 -1.401052
139.350000 -1.418181
139.400000 -1.445589
139.450000 -1.428458
139.500000 -1.359941
139.550000 -1.294849
139.600000 -1.229757
139.650000 -1.140684
139.700000 -1.061889
139.750000 -1.020778
139.800000 -1.003649
139.850000 -0.996797
139.900000 -1.007074
139.950000 -1.031055
140.000000 -1.092721
140.050000 -1.157814
140.100000 -1.209202
140.150000 -1.264016
140.200000 -1.332534
140.250000 -1.373645
140.300000 -1.387348
140.350000 -1.418181
140.400000 -1.435310
140.450000 -1.404478
140.500000 -1.339385
140.550000 -1.267442
140.600000 -1.185221
140.650000 -1.099573
140.700000 -1.017352
140.750000 -0.931705
140.800000 -0.870038
140.850000 -0.852910
140.900000 -0.863187
140.950000 -0.897445
141.000000 -0.972815
141.050000 -1.072166
141.100000 -1.181795
141.150000 -1.308553
141.200000 -1.445588
141.250000 -1.541513
141.300000 -1.606605
141.350000 -1.654567
141.400000 -1.675123
141.450000 -1.654567
141.500000 -1.606605
141.550000 -1.534662
141.600000 -1.438737
141.650000 -1.335960
141.700000 -1.243461
141.750000 -1.130406
141.800000 -1.037908
141.850000 -0.996797
141.900000 -1.000222
141.950000 -1.024204
142.000000 -1.079018
142.050000 -1.161239
142.100000 -1.257164
142.150000 -1.349664
142.200000 -1.455866
142.250000 -1.575772
142.300000 -1.664846
142.350000 -1.685400
142.400000 -1.692252
142.450000 -1.726511
142.500000 -1.719659
142.550000 -1.623734
142.600000 -1.517532
142.650000 -1.455866
142.700000 -1.387348
142.750000 -1.301701
142.800000 -1.243461
142.850000 -1.222905
142.900000 -1.205776
142.950000 -1.195498
143.000000 -1.192073
143.050000 -1.212628
143.100000 -1.246887
143.150000 -1.277720
143.200000 -1.301701
143.250000 -1.325682
143.300000 -1.322256
143.350000 -1.267442
143.400000 -1.226331
143.450000 -1.202350
143.500000 -1.150961
143.550000 -1.085870
143.600000 -1.048185
143.650000 -1.024204
143.700000 -0.989945
143.750000 -0.986519
143.800000 -1.017352
143.850000 -1.065314
143.900000 -1.102999
143.950000 -1.144110
144.000000 -1.212628
144.050000 -1.294849
144.100000 -1.346237
144.150000 -1.377070
144.200000 -1.418181
144.250000 -1.455866
144.300000 -1.449014
144.350000 -1.428458
144.400000 -1.411329
144.450000 -1.353089
144.500000 -1.284572
144.550000 -1.257164
144.600000 -1.257165
144.650000 -1.236608
144.700000 -1.216053
144.750000 -1.240035
144.800000 -1.335960
144.850000 -1.459292
144.900000 -1.551790
144.950000 -1.620309
145.000000 -1.709382
145.050000 -1.822436
145.100000 -1.911509
145.150000 -1.945769
145.200000 -1.959472
145.250000 -1.983453
145.300000 -1.990305
145.350000 -1.959471
145.400000 -1.890953
145.450000 -1.805306
145.500000 -1.699104
145.550000 -1.586050
145.600000 -1.469569
145.650000 -1.332534
145.700000 -1.185221
145.750000 -1.055037
145.800000 -0.969390
145.850000 -0.938556
145.900000 -0.935131
145.950000 -0.941982
146.000000 -0.993371
146.050000 -1.096148
146.100000 -1.205776
146.150000 -1.315404
146.200000 -1.469569
146.250000 -1.647716
146.300000 -1.791603
146.350000 -1.890954
146.400000 -1.966324
146.450000 -2.024564
146.500000 -2.041693
146.550000 -2.014286
146.600000 -1.969749
146.650000 -1.904658
146.700000 -1.808732
146.750000 -1.692253
146.800000 -1.592902
146.850000 -1.510680
146.900000 -1.407904
146.950000 -1.287997
147.000000 -1.198924
147.050000 -1.154388
147.100000 -1.133832
147.150000 -1.154388
147.200000 -1.209202
147.250000 -1.264016
147.300000 -1.335960
147.350000 -1.445589
147.400000 -1.544939
147.450000 -1.603180
147.500000 -1.644290
147.550000 -1.671697
147.600000 -1.668271
147.650000 -1.644289
147.700000 -1.616882
147.750000 -1.586050
147.800000 -1.538087
147.850000 -1.503828
147.900000 -1.483273
147.950000 -1.496977
148.000000 -1.548365
148.050000 -1.613457
148.100000 -1.671697
148.150000 -1.726512
148.200000 -1.771048
148.250000 -1.788177
148.300000 -1.767622
148.350000 -1.729937
148.400000 -1.692252
148.450000 -1.610031
148.500000 -1.493551
148.550000 -1.387348
148.600000 -1.308553
148.650000 -1.229757
148.700000 -1.154388
148.750000 -1.102999
148.800000 -1.058463
148.850000 -1.027630
148.900000 -1.027629
148.950000 -1.031055
149.000000 -1.044759
149.050000 -1.109851
149.100000 -1.195498
149.150000 -1.236608
149.200000 -1.270868
149.250000 -1.329108
149.300000 -1.342812
149.350000 -1.294849
149.400000 -1.240035
149.450000 -1.205776
149.500000 -1.140684
149.550000 -1.051611
149.600000 -0.976241
149.650000 -0.924853
149.700000 -0.904298
149.750000 -0.911150
149.800000 -0.945408
149.850000 -1.010500
149.900000 -1.096148
149.950000 -1.150961
150.000000 -1.192073
150.050000 -1.253738
150.100000 -1.305127
150.150000 -1.305127
150.200000 -1.294849
150.250000 -1.301701
150.300000 -1.311979
150.350000 -1.305127
150.400000 -1.315404
150.450000 -1.325682
150.500000 -1.318830
150.550000 -1.318831
150.600000 -1.322256
150.650000 -1.284572
150.700000 -1.219480
150.750000 -1.147536
150.800000 -1.055036
150.850000 -0.948834
150.900000 -0.846057
150.950000 -0.753559
151.000000 -0.678189
151.050000 -0.678189
151.100000 -0.736429
151.150000 -0.801521
151.200000 -0.911149
151.250000 -1.085870
151.300000 -1.260590
151.350000 -1.407904
151.400000 -1.558643
151.450000 -1.688826
151.500000 -1.743641
151.550000 -1.747067
151.600000 -1.726511
151.650000 -1.657994
151.700000 -1.534661
151.750000 -1.387349
151.800000 -1.246887
151.850000 -1.109851
151.900000 -0.986518
151.950000 -0.870039
152.000000 -0.787817
152.050000 -0.777540
152.100000 -0.808372
152.150000 -0.835780
152.200000 -0.887168
152.250000 -0.972816
152.300000 -1.051611
152.350000 -1.099573
152.400000 -1.147536
152.450000 -1.195498
152.500000 -1.202350
152.550000 -1.168091
152.600000 -1.130406
152.650000 -1.085869
152.700000 -1.010500
152.750000 -0.931705
152.800000 -0.876890
152.850000 -0.849483
152.900000 -0.828928
152.950000 -0.835780
153.000000 -0.856335
153.050000 -0.876890
153.100000 -0.911149
153.150000 -0.962538
153.200000 -1.034481
153.250000 -1.113277
153.300000 -1.168091
153.350000 -1.216053
153.400000 -1.287997
153.450000 -1.387348
153.500000 -1.472996
153.550000 -1.517532
153.600000 -1.524384
153.650000 -1.510681
153.700000 -1.483273
153.750000 -1.431885
153.800000 -1.356515
153.850000 -1.240034
153.900000 -1.075593
153.950000 -0.894020
154.000000 -0.726152
154.050000 -0.578838
154.100000 -0.441803
154.150000 -0.363007
154.200000 -0.369859
154.250000 -0.458932
154.300000 -0.592541
154.350000 -0.763836
154.400000 -0.989945
154.450000 -1.233183
154.500000 -1.438737
154.550000 -1.610031
154.600000 -1.733363
154.650000 -1.784751
154.700000 -1.764196
154.750000 -1.702530
154.800000 -1.606605
154.850000 -1.476421
154.900000 -1.329108
154.950000 -1.178368
155.000000 -1.058462
155.050000 -0.996797
155.100000 -0.965964
155.150000 -0.962538
155.200000 -1.007075
155.250000 -1.102999
155.300000 -1.195498
155.350000 -1.250312
155.400000 -1.305127
155.450000 -1.359941
155.500000 -1.370218
155.550000 -1.353089
155.600000 -1.349663
155.650000 -1.318831
155.700000 -1.236609
155.750000 -1.161240
155.800000 -1.123555
155.850000 -1.061888
155.900000 -0.996796
155.950000 -0.989945
156.000000 -1.044759
156.050000 -1.102999
156.100000 -1.168091
156.150000 -1.246886
156.200000 -1.332534
156.250000 -1.421607
156.300000 -1.496977
156.350000 -1.510680
156.400000 -1.496977
156.450000 -1.496977
156.500000 -1.445588
156.550000 -1.315405
156.600000 -1.195499
156.650000 -1.106425
156.700000 -0.989945
156.750000 -0.883742
156.800000 -0.815225
156.850000 -0.767262
156.900000 -0.739855
156.950000 -0.774113
157.000000 -0.825502
157.050000 -0.876891
157.100000 -0.945408
157.150000 -1.000222
157.200000 -1.031055
157.250000 -1.092722
157.300000 -1.140684
157.350000 -1.123555
157.400000 -1.113276
157.450000 -1.168092
157.500000 -1.198924
157.550000 -1.185221
157.600000 -1.216054
157.650000 -1.267442
157.700000 -1.264016
157.750000 -1.267442
157.800000 -1.315405
157.850000 -1.339386
157.900000 -1.329108
157.950000 -1.342812
158.000000 -1.370219
158.050000 -1.370219
158.100000 -1.353089
158.150000 -1.315404
158.200000 -1.257164
158.250000 -1.216054
158.300000 -1.192073
158.350000 -1.150961
158.400000 -1.120129
158.450000 -1.133832
158.500000 -1.150961
158.550000 -1.154387
158.600000 -1.209201
158.650000 -1.305127
158.700000 -1.377071
158.750000 -1.449014
158.800000 -1.551791
158.850000 -1.637438
158.900000 -1.675122
158.950000 -1.702530
159.000000 -1.705956
159.050000 -1.657994
159.100000 -1.582624
159.150000 -1.500402
159.200000 -1.401052
159.250000 -1.308553
159.300000 -1.243461
159.350000 -1.192072
159.400000 -1.133833
159.450000 -1.103000
159.500000 -1.096147
159.550000 -1.099573
159.600000 -1.116703
159.650000 -1.140684
159.700000 -1.161240
159.750000 -1.188647
159.800000 -1.219480
159.850000 -1.229757
159.900000 -1.209202
159.950000 -1.202350
160.000000 -1.209202
160.050000 -1.222906
160.100000 -1.233183
160.150000 -1.267442
160.200000 -1.346238
160.250000 -1.445588
160.300000 -1.520958
160.350000 -1.572346
160.400000 -1.620309
160.450000 -1.678549
160.500000 -1.736788
160.550000 -1.757345
160.600000 -1.750492
160.650000 -1.733363
160.700000 -1.719660
160.750000 -1.675123
160.800000 -1.610031
160.850000 -1.555217
160.900000 -1.486699
160.950000 -1.387348
161.000000 -1.287998
161.050000 -1.209202
161.100000 -1.102999
161.150000 -0.976242
161.200000 -0.890594
161.250000 -0.846058
161.300000 -0.784392
161.350000 -0.722725
161.400000 -0.719300
161.450000 -0.770688
161.500000 -0.828928
161.550000 -0.890594
161.600000 -0.955686
161.650000 -1.037907
161.700000 -1.109851
161.750000 -1.144110
161.800000 -1.140684
161.850000 -1.137258
161.900000 -1.120129
161.950000 -1.048185
162.000000 -0.959112
162.050000 -0.918002
162.100000 -0.873465
162.150000 -0.801521
162.200000 -0.750133
162.250000 -0.733004
162.300000 -0.739854
162.350000 -0.767262
162.400000 -0.811799
162.450000 -0.839206
162.500000 -0.856336
162.550000 -0.890594
162.600000 -0.931705
162.650000 -0.972815
162.700000 -1.020778
162.750000 -1.082444
162.800000 -1.164665
162.850000 -1.260591
162.900000 -1.346237
162.950000 -1.418181
163.000000 -1.490125
163.050000 -1.555216
163.100000 -1.599753
163.150000 -1.610031
163.200000 -1.606605
163.250000 -1.586050
163.300000 -1.524384
163.350000 -1.418181
163.400000 -1.305127
163.450000 -1.195498
163.500000 -1.096148
163.550000 -1.017351
163.600000 -0.986519
163.650000 -0.986519
163.700000 -1.020778
163.750000 -1.123555
163.800000 -1.305127
163.850000 -1.520958
163.900000 -1.716234
163.950000 -1.897806
164.000000 -2.079378
164.050000 -2.226691
164.100000 -2.326042
164.150000 -2.370579
164.200000 -2.350023
164.250000 -2.267802
164.300000 -2.127340
164.350000 -1.935491
164.400000 -1.733363
164.450000 -1.558642
164.500000 -1.373644
164.550000 -1.174943
164.600000 -1.024203
164.650000 -0.935130
164.700000 -0.880317
164.750000 -0.859761
164.800000 -0.890594
164.850000 -0.931705
164.900000 -0.993371
164.950000 -1.106425
165.000000 -1.250312
165.050000 -1.363367
165.100000 -1.466144
165.150000 -1.575772
165.200000 -1.685400
165.250000 -1.771047
165.300000 -1.805306
165.350000 -1.801881
165.400000 -1.788177
165.450000 -1.750493
165.500000 -1.668272
165.550000 -1.544940
165.600000 -1.421607
165.650000 -1.287997
165.700000 -1.137258
165.750000 -1.013927
165.800000 -0.945408
165.850000 -0.883743
165.900000 -0.808373
165.950000 -0.733003
166.000000 -0.685040
166.050000 -0.654208
166.100000 -0.640504
166.150000 -0.650782
166.200000 -0.681615
166.250000 -0.709022
166.300000 -0.733004
166.350000 -0.767262
166.400000 -0.801521
166.450000 -0.828928
166.500000 -0.832354
166.550000 -0.798095
166.600000 -0.750132
166.650000 -0.726151
166.700000 -0.691893
166.750000 -0.650782
166.800000 -0.661059
166.850000 -0.729577
166.900000 -0.822076
166.950000 -0.928279
167.000000 -1.068741
167.050000 -1.222906
167.100000 -1.397626
167.150000 -1.592902
167.200000 -1.733363
167.250000 -1.805306
167.300000 -1.853269
167.350000 -1.873824
167.400000 -1.836140
167.450000 -1.753918
167.500000 -1.661419
167.550000 -1.551790
167.600000 -1.459291
167.650000 -1.407904
167.700000 -1.353089
167.750000 -1.281145
167.800000 -1.257165
167.850000 -1.267442
167.900000 -1.243460
167.950000 -1.205776
168.000000 -1.222905
168.050000 -1.246887
168.100000 -1.222906
168.150000 -1.181795
168.200000 -1.150962
168.250000 -1.123554
168.300000 -1.085869
168.350000 -1.017352
168.400000 -0.921427
168.450000 -0.856335
168.500000 -0.839206
168.550000 -0.798095
168.600000 -0.729577
168.650000 -0.722726
168.700000 -0.743281
168.750000 -0.746707
168.800000 -0.798095
168.850000 -0.921427
168.900000 -1.058463
168.950000 -1.174943
169.000000 -1.301701
169.050000 -1.431885
169.100000 -1.517532
169.150000 -1.551791
169.200000 -1.596327
169.250000 -1.654568
169.300000 -1.675122
169.350000 -1.651142
169.400000 -1.637438
169.450000 -1.664845
169.500000 -1.685401
169.550000 -1.675123
169.600000 -1.702530
169.650000 -1.757344
169.700000 -1.784751
169.750000 -1.777900
169.800000 -1.781325
169.850000 -1.777899
169.900000 -1.719659
169.950000 -1.616882
170.000000 -1.493550
170.050000 -1.377070
170.100000 -1.277720
170.150000 -1.168091
170.200000 -1.072167
170.250000 -1.024204
170.300000 -0.996797
170.350000 -0.976241
170.400000 -1.007074
170.450000 -1.075592
170.500000 -1.116703
170.550000 -1.116703
170.600000 -1.130406
170.650000 -1.161240
170.700000 -1.157814
170.750000 -1.140684
170.800000 -1.130406
170.850000 -1.120129
170.900000 -1.099574
170.950000 -1.068740
171.000000 -1.051611
171.050000 -1.037907
171.100000 -1.037908
171.150000 -1.000222
171.200000 -0.931705
171.250000 -0.846058
171.300000 -0.763836
171.350000 -0.678189
171.400000 -0.616523
171.450000 -0.606246
171.500000 -0.616523
171.550000 -0.643930
171.600000 -0.722725
171.650000 -0.852909
171.700000 -1.000223
171.750000 -1.147535
171.800000 -1.281145
171.850000 -1.383923
171.900000 -1.449014
171.950000 -1.466144
172.000000 -1.421607
172.050000 -1.329108
172.100000 -1.240035
172.150000 -1.174943
172.200000 -1.106425
172.250000 -1.037907
172.300000 -0.979668
172.350000 -0.959112
172.400000 -0.976242
172.450000 -1.003649
172.500000 -1.020778
172.550000 -1.041333
172.600000 -1.068740
172.650000 -1.092721
172.700000 -1.113277
172.750000 -1.137259
172.800000 -1.198924
172.850000 -1.305127
172.900000 -1.411329
172.950000 -1.493551
173.000000 -1.589476
173.050000 -1.729938
173.100000 -1.842992
173.150000 -1.904658
173.200000 -1.935490
173.250000 -1.932064
173.300000 -1.877251
173.350000 -1.781325
173.400000 -1.644289
173.450000 -1.459292
173.500000 -1.270868
173.550000 -1.099574
173.600000 -0.952260
173.650000 -0.828928
173.700000 -0.780965
173.750000 -0.791243
173.800000 -0.822076
173.850000 -0.880316
173.900000 -0.976241
173.950000 -1.065314
174.000000 -1.133833
174.050000 -1.202350
174.100000 -1.277720
174.150000 -1.353089
174.200000 -1.414755
174.250000 -1.452440
174.300000 -1.469570
174.350000 -1.476421
174.400000 -1.493551
174.450000 -1.514106
174.500000 -1.548365
174.550000 -1.620309
174.600000 -1.716234
174.650000 -1.805307
174.700000 -1.849843
174.750000 -1.842991
174.800000 -1.791603
174.850000 -1.705956
174.900000 -1.582624
174.950000 -1.431885
175.000000 -1.274293
175.050000 -1.133832
175.100000 -0.993371
175.150000 -0.852909
175.200000 -0.777539
175.250000 -0.784391
175.300000 -0.825502
175.350000 -0.880317
175.400000 -1.007074
175.450000 -1.164665
175.500000 -1.305127
175.550000 -1.421607
175.600000 -1.524384
175.650000 -1.589475
175.700000 -1.575772
175.750000 -1.493550
175.800000 -1.383923
175.850000 -1.257164
175.900000 -1.140684
175.950000 -1.037907
176.000000 -0.965963
176.050000 -0.921427
176.100000 -0.907724
176.150000 -0.952260
176.200000 -1.058463
176.250000 -1.195499
176.300000 -1.315404
176.350000 -1.418181
176.400000 -1.520958
176.450000 -1.627160
176.500000 -1.671697
176.550000 -1.651142
176.600000 -1.654567
176.650000 -1.681974
176.700000 -1.654568
176.750000 -1.582623
176.800000 -1.527809
176.850000 -1.493551
176.900000 -1.428459
176.950000 -1.366793
177.000000 -1.342811
177.050000 -1.294849
177.100000 -1.205776
177.150000 -1.140684
177.200000 -1.123554
177.250000 -1.123554
177.300000 -1.109851
177.350000 -1.123555
177.400000 -1.195498
177.450000 -1.301701
177.500000 -1.404477
177.550000 -1.510680
177.600000 -1.634013
177.650000 -1.733363
177.700000 -1.788177
177.750000 -1.822436
177.800000 -1.842991
177.850000 -1.805307
177.900000 -1.716233
177.950000 -1.620309
178.000000 -1.520958
178.050000 -1.414755
178.100000 -1.318831
178.150000 -1.257165
178.200000 -1.202350
178.250000 -1.126981
178.300000 -1.048185
178.350000 -0.972816
178.400000 -0.921427
178.450000 -0.887168
178.500000 -0.846057
178.550000 -0.815224
178.600000 -0.811798
178.650000 -0.839206
178.700000 -0.856335
178.750000 -0.866613
178.800000 -0.890594
178.850000 -0.914576
178.900000 -0.914575
178.950000 -0.907724
179.000000 -0.897446
179.050000 -0.870039
179.100000 -0.846058
179.150000 -0.835780
179.200000 -0.815225
179.250000 -0.804947
179.300000 -0.832354
179.350000 -0.883743
179.400000 -0.965963
179.450000 -1.096148
179.500000 -1.233183
179.550000 -1.318830
179.600000 -1.390774
179.650000 -1.469569
179.700000 -1.496976
179.750000 -1.479847
179.800000 -1.466144
179.850000 -1.445588
179.900000 -1.380496
179.950000 -1.315405
180.000000 -1.284571
180.050000 -1.270868
180.100000 -1.281146
180.150000 -1.335960
180.200000 -1.425033
180.250000 -1.541513
180.300000 -1.661419
180.350000 -1.740215
180.400000 -1.767621
180.450000 -1.795029
180.500000 -1.832714
180.550000 -1.829288
180.600000 -1.791603
180.650000 -1.757344
180.700000 -1.719659
180.750000 -1.651142
180.800000 -1.610031
180.850000 -1.610031
180.900000 -1.599753
180.950000 -1.592901
181.000000 -1.630586
181.050000 -1.688827
181.100000 -1.719659
181.150000 -1.736789
181.200000 -1.747067
181.250000 -1.753919
181.300000 -1.740215
181.350000 -1.681975
181.400000 -1.568920
181.450000 -1.442162
181.500000 -1.325682
181.550000 -1.229758
181.600000 -1.154388
181.650000 -1.089295
181.700000 -1.031056
181.750000 -0.996797
181.800000 -1.017352
181.850000 -1.058463
181.900000 -1.116703
181.950000 -1.212628
182.000000 -1.342811
182.050000 -1.462718
182.100000 -1.579198
182.150000 -1.688827
182.200000 -1.764196
182.250000 -1.808732
182.300000 -1.836140
182.350000 -1.829288
182.400000 -1.767622
182.450000 -1.685401
182.500000 -1.610031
182.550000 -1.534662
182.600000 -1.479847
182.650000 -1.431884
182.700000 -1.380496
182.750000 -1.353089
182.800000 -1.380497
182.850000 -1.421607
182.900000 -1.445588
182.950000 -1.455866
183.000000 -1.459292
183.050000 -1.449014
183.100000 -1.404478
183.150000 -1.325682
183.200000 -1.219479
183.250000 -1.109851
183.300000 -1.000223
183.350000 -0.897446
183.400000 -0.822077
183.450000 -0.770688
183.500000 -0.733004
183.550000 -0.739855
183.600000 -0.808373
183.650000 -0.907724
183.700000 -1.020777
183.750000 -1.174943
183.800000 -1.363367
183.850000 -1.541513
183.900000 -1.678549
183.950000 -1.788177
184.000000 -1.890954
184.050000 -1.976601
184.100000 -2.034842
184.150000 -2.058822
184.200000 -2.041693
184.250000 -1.976601
184.300000 -1.870399
184.350000 -1.757344
184.400000 -1.644290
184.450000 -1.531235
184.500000 -1.425033
184.550000 -1.339386
184.600000 -1.287997
184.650000 -1.253738
184.700000 -1.229758
184.750000 -1.246886
184.800000 -1.298275
184.850000 -1.353089
184.900000 -1.370218
184.950000 -1.373644
185.000000 -1.390774
185.050000 -1.418181
185.100000 -1.421607
185.150000 -1.411330
185.200000 -1.407903
185.250000 -1.387348
185.300000 -1.329108
185.350000 -1.257165
185.400000 -1.185220
185.450000 -1.096148
185.500000 -0.993371
185.550000 -0.911150
185.600000 -0.846057
185.650000 -0.777539
185.700000 -0.733003
185.750000 -0.715874
185.800000 -0.726151
185.850000 -0.777539
185.900000 -0.866613
185.950000 -0.941982
186.000000 -1.020778
186.050000 -1.144110
186.100000 -1.236609
186.150000 -1.240035
186.200000 -1.216054
186.250000 -1.181795
186.300000 -1.099573
186.350000 -1.007074
186.400000 -0.959112
186.450000 -0.924853
186.500000 -0.894020
186.550000 -0.935130
186.600000 -1.031056
186.650000 -1.133832
186.700000 -1.243461
186.750000 -1.377070
186.800000 -1.486699
186.850000 -1.544939
186.900000 -1.551791
186.950000 -1.469570
187.000000 -1.339385
187.050000 -1.219479
187.100000 -1.102999
187.150000 -0.955686
187.200000 -0.849484
187.250000 -0.808373
187.300000 -0.801521
187.350000 -0.825502
187.400000 -0.941982
187.450000 -1.103000
187.500000 -1.246887
187.550000 -1.373645
187.600000 -1.486699
187.650000 -1.558643
187.700000 -1.589476
187.750000 -1.579198
187.800000 -1.534661
187.850000 -1.500402
187.900000 -1.455866
187.950000 -1.380496
188.000000 -1.335960
188.050000 -1.370219
188.100000 -1.411329
188.150000 -1.425033
188.200000 -1.455866
188.250000 -1.476421
188.300000 -1.421607
188.350000 -1.342811
188.400000 -1.267442
188.450000 -1.154388
188.500000 -0.993371
188.550000 -0.822077
188.600000 -0.685041
188.650000 -0.602819
188.700000 -0.571986
188.750000 -0.565134
188.800000 -0.640504
188.850000 -0.828928
