time[ns] Raw_signal[mV]
-11.100000 -0.400830
-11.050000 -0.417959
-11.000000 -0.393978
-10.950000 -0.349441
-10.900000 -0.315182
-10.850000 -0.277498
-10.800000 -0.212406
-10.750000 -0.140462
-10.700000 -0.089074
-10.650000 -0.034260
-10.600000 0.044536
-10.550000 0.113054
-10.500000 0.147313
-10.450000 0.191849
-10.400000 0.277497
-10.350000 0.352866
-10.300000 0.393977
-10.250000 0.431662
-10.200000 0.479625
-10.150000 0.517309
-10.100000 0.507032
-10.050000 0.462495
-10.000000 0.414533
-9.950000 0.363144
-9.900000 0.263793
-9.850000 0.133609
-9.800000 0.017129
-9.750000 -0.075370
-9.700000 -0.178147
-9.650000 -0.287775
-9.600000 -0.380274
-9.550000 -0.445366
-9.500000 -0.459070
-9.450000 -0.435088
-9.400000 -0.393978
-9.350000 -0.325459
-9.300000 -0.226109
-9.250000 -0.123332
-9.200000 -0.017130
-9.150000 0.085647
-9.100000 0.150739
-9.050000 0.181572
-9.000000 0.215831
-8.950000 0.226109
-8.900000 0.164443
-8.850000 0.082221
-8.800000 0.030833
-8.750000 -0.020556
-8.700000 -0.099351
-8.650000 -0.150739
-8.600000 -0.143887
-8.550000 -0.116481
-8.500000 -0.071944
-8.450000 0.013703
-8.400000 0.113054
-8.350000 0.202127
-8.300000 0.291200
-8.250000 0.380274
-8.200000 0.445366
-8.150000 0.459069
-8.100000 0.435088
-8.050000 0.393977
-8.000000 0.325459
-7.950000 0.215831
-7.900000 0.068518
-7.850000 -0.102777
-7.800000 -0.277498
-7.750000 -0.435089
-7.700000 -0.551569
-7.650000 -0.626938
-7.600000 -0.664623
-7.550000 -0.633790
-7.500000 -0.531013
-7.450000 -0.390552
-7.400000 -0.236387
-7.350000 -0.054815
-7.300000 0.130183
-7.250000 0.270645
-7.200000 0.363144
-7.150000 0.448792
-7.100000 0.507032
-7.050000 0.483050
-7.000000 0.393977
-6.950000 0.298053
-6.900000 0.184998
-6.850000 0.034259
-6.800000 -0.102777
-6.750000 -0.161017
-6.700000 -0.181573
-6.650000 -0.195276
-6.600000 -0.157591
-6.550000 -0.054815
-6.500000 0.044536
-6.450000 0.140462
-6.400000 0.263793
-6.350000 0.380274
-6.300000 0.438513
-6.250000 0.476198
-6.200000 0.513883
-6.150000 0.510457
-6.100000 0.435087
-6.050000 0.332311
-6.000000 0.222683
-5.950000 0.102776
-5.900000 -0.023981
-5.850000 -0.147313
-5.800000 -0.274071
-5.750000 -0.387126
-5.700000 -0.469348
-5.650000 -0.524162
-5.600000 -0.551568
-5.550000 -0.537865
-5.500000 -0.503606
-5.450000 -0.462496
-5.400000 -0.383700
-5.350000 -0.263793
-5.300000 -0.130184
-5.250000 -0.017130
-5.200000 0.092499
-5.150000 0.226108
-5.100000 0.363144
-5.050000 0.452218
-5.000000 0.517309
-4.950000 0.572123
-4.900000 0.602957
-4.850000 0.592679
-4.800000 0.565272
-4.750000 0.537864
-4.700000 0.510457
-4.650000 0.500179
-4.600000 0.500180
-4.550000 0.500179
-4.500000 0.503605
-4.450000 0.548143
-4.400000 0.620085
-4.350000 0.685178
-4.300000 0.716011
-4.250000 0.733140
-4.200000 0.726288
-4.150000 0.688604
-4.100000 0.623512
-4.050000 0.558420
-4.000000 0.489902
-3.950000 0.383700
-3.900000 0.256941
-3.850000 0.164443
-3.800000 0.126758
-3.750000 0.109628
-3.700000 0.102776
-3.650000 0.133609
-3.600000 0.195275
-3.550000 0.246664
-3.500000 0.291201
-3.450000 0.346015
-3.400000 0.366570
-3.350000 0.359718
-3.300000 0.376848
-3.250000 0.346014
-3.200000 0.215830
-3.150000 0.150739
-3.100000 0.226109
-3.050000 0.229534
-3.000000 0.147313
-2.950000 0.215831
-2.900000 0.369996
-2.850000 0.359718
-2.800000 0.325459
-2.750000 0.417958
-2.700000 0.438513
-2.650000 0.411106
-2.600000 0.589253
-2.550000 0.760547
-2.500000 0.657771
-2.450000 0.602957
-2.400000 0.767399
-2.350000 0.808510
-2.300000 0.695456
-2.250000 0.784529
-2.200000 0.935268
-2.150000 0.859898
-2.100000 0.839343
-2.050000 1.014063
-2.000000 1.017489
-1.950000 0.774251
-1.900000 0.596104
-1.850000 0.534439
-1.800000 0.476199
-1.750000 0.424810
-1.700000 0.274071
-1.650000 -0.054815
-1.600000 -0.277498
-1.550000 -0.318608
-1.500000 -0.476199
-1.450000 -0.671475
-1.400000 -0.572124
-1.350000 -0.335737
-1.300000 -0.253516
-1.250000 -0.195276
-1.200000 -0.075369
-1.150000 0.000000
-1.100000 0.157590
-1.050000 0.459069
-1.000000 0.493328
-0.950000 0.232960
-0.900000 0.174720
-0.850000 0.311756
-0.800000 0.239812
-0.750000 0.095924
-0.700000 0.154165
-0.650000 0.171294
-0.600000 0.044537
-0.550000 0.051388
-0.500000 0.171294
-0.450000 0.171294
-0.400000 0.161017
-0.350000 0.270645
-0.300000 0.335737
-0.250000 0.298052
-0.200000 0.284349
-0.150000 0.287775
-0.100000 0.236386
-0.050000 0.167869
0.000000 0.123332
0.050000 0.092499
0.100000 0.065092
0.150000 -0.044537
0.200000 -0.215831
0.250000 -0.277497
0.300000 -0.239813
0.350000 -0.346015
0.400000 -0.551568
0.450000 -0.558420
0.500000 -0.435089
0.550000 -0.421385
0.600000 -0.407681
0.650000 -0.256942
0.700000 -0.147313
0.750000 -0.126758
0.800000 -0.017130
0.850000 0.195275
0.900000 0.424810
0.950000 0.750269
1.000000 1.284708
1.050000 2.014423
1.100000 2.977098
1.150000 4.316622
1.200000 6.084380
1.250000 8.242689
1.300000 10.794983
1.350000 13.775507
1.400000 17.102039
1.450000 20.596453
1.500000 24.162804
1.550000 27.818229
1.600000 31.545592
1.650000 35.149635
1.700000 38.513852
1.750000 41.675955
1.800000 44.653055
1.850000 47.325245
1.900000 49.627445
1.950000 51.662415
2.000000 53.471295
2.050000 54.954705
2.100000 56.044135
2.150000 56.777275
2.200000 57.157555
2.250000 57.143845
2.300000 56.681355
2.350000 55.766635
2.400000 54.440815
2.450000 52.758705
2.500000 50.744285
2.550000 48.424955
2.600000 45.872675
2.650000 43.107975
2.700000 40.182265
2.750000 37.249695
2.800000 34.416495
2.850000 31.603835
2.900000 28.845995
2.950000 26.324545
3.000000 24.087435
3.050000 22.066155
3.100000 20.332659
3.150000 18.976003
3.200000 17.931105
3.250000 17.177408
3.300000 16.773159
3.350000 16.690933
3.400000 16.817693
3.450000 17.136301
3.500000 17.660462
3.550000 18.355916
3.600000 19.130167
3.650000 19.911275
3.700000 20.671825
3.750000 21.391259
3.800000 22.028474
3.850000 22.562915
3.900000 22.980871
3.950000 23.237817
4.000000 23.309756
4.050000 23.230965
4.100000 23.018556
4.150000 22.604024
4.200000 21.997642
4.250000 21.278199
4.300000 20.449142
4.350000 19.465910
4.400000 18.352490
4.450000 17.191115
4.500000 15.995481
4.550000 14.779290
4.600000 13.566524
4.650000 12.412000
4.700000 11.339696
4.750000 10.349614
4.800000 9.458882
4.850000 8.736020
4.900000 8.181026
4.950000 7.735660
5.000000 7.386219
5.050000 7.187517
5.100000 7.108722
5.150000 7.077888
5.200000 7.125852
5.250000 7.259461
5.300000 7.434181
5.350000 7.646586
5.400000 7.948064
5.450000 8.290650
5.500000 8.609259
5.550000 8.948424
5.600000 9.345829
5.650000 9.719248
5.700000 10.017303
5.750000 10.281097
5.800000 10.462670
5.850000 10.514056
5.900000 10.469523
5.950000 10.349614
6.000000 10.102950
6.050000 9.763786
6.100000 9.349254
6.150000 8.842222
6.200000 8.300932
6.250000 7.759641
6.300000 7.166962
6.350000 6.526321
6.400000 5.974753
6.450000 5.505405
6.500000 4.998373
6.550000 4.477638
6.600000 4.025421
6.650000 3.641721
6.700000 3.261447
6.750000 2.908581
6.800000 2.658490
6.850000 2.504325
6.900000 2.374141
6.950000 2.274790
7.000000 2.278217
7.050000 2.377568
7.100000 2.490621
7.150000 2.627657
7.200000 2.857192
7.250000 3.103856
7.300000 3.312836
7.350000 3.542370
7.400000 3.795885
7.450000 3.987736
7.500000 4.090512
7.550000 4.162456
7.600000 4.213844
7.650000 4.200141
7.700000 4.117920
7.750000 3.970606
7.800000 3.789034
7.850000 3.597185
7.900000 3.374502
7.950000 3.117559
8.000000 2.867470
8.050000 2.672194
8.100000 2.483770
8.150000 2.298772
8.200000 2.141182
8.250000 2.024701
8.300000 1.925350
8.350000 1.839703
8.400000 1.771185
8.450000 1.723222
8.500000 1.658131
8.550000 1.565631
8.600000 1.445725
8.650000 1.325819
8.700000 1.212765
8.750000 1.109988
8.800000 1.024341
8.850000 0.959249
8.900000 0.911286
8.950000 0.873602
9.000000 0.839343
9.050000 0.815361
9.100000 0.794807
9.150000 0.763973
9.200000 0.746844
9.250000 0.787954
9.300000 0.866749
9.350000 0.928416
9.400000 1.000360
9.450000 1.092859
9.500000 1.178506
9.550000 1.240172
9.600000 1.301838
9.650000 1.366930
9.700000 1.387485
9.750000 1.370356
9.800000 1.329245
9.850000 1.236747
9.900000 1.079155
9.950000 0.924990
10.000000 0.801658
10.050000 0.685178
10.100000 0.592678
10.150000 0.578975
10.200000 0.616660
10.250000 0.678326
10.300000 0.767399
10.350000 0.856472
10.400000 0.911287
10.450000 0.924990
10.500000 0.911287
10.550000 0.846194
10.600000 0.736566
10.650000 0.630363
10.700000 0.496754
10.750000 0.325459
10.800000 0.191849
10.850000 0.113054
10.900000 0.030832
10.950000 -0.047963
11.000000 -0.065092
11.050000 -0.034259
11.100000 -0.010278
11.150000 0.034259
11.200000 0.113054
11.250000 0.202127
11.300000 0.284349
11.350000 0.342588
11.400000 0.373422
11.450000 0.404254
11.500000 0.445366
11.550000 0.455643
11.600000 0.438513
11.650000 0.435087
11.700000 0.441940
11.750000 0.421385
11.800000 0.400829
11.850000 0.424810
11.900000 0.462494
11.950000 0.472773
12.000000 0.469347
12.050000 0.493328
12.100000 0.517309
12.150000 0.531013
12.200000 0.524161
12.250000 0.503605
12.300000 0.441940
12.350000 0.346014
12.400000 0.243238
12.450000 0.116480
12.500000 -0.061667
12.550000 -0.229535
12.600000 -0.363144
12.650000 -0.469347
12.700000 -0.585827
12.750000 -0.688604
12.800000 -0.733141
12.850000 -0.746844
12.900000 -0.791381
12.950000 -0.853047
13.000000 -0.863324
13.050000 -0.822214
13.100000 -0.787955
13.150000 -0.763974
13.200000 -0.698882
13.250000 -0.599531
13.300000 -0.486477
13.350000 -0.339164
13.400000 -0.150740
13.450000 0.030833
13.500000 0.198702
13.550000 0.352867
13.600000 0.479624
13.650000 0.531013
13.700000 0.531013
13.750000 0.510457
13.800000 0.441939
13.850000 0.308329
13.900000 0.133609
13.950000 -0.071944
14.000000 -0.301478
14.050000 -0.517310
14.100000 -0.702308
14.150000 -0.890731
14.200000 -1.075730
14.250000 -1.209339
14.300000 -1.308690
14.350000 -1.401189
14.400000 -1.462856
14.450000 -1.497114
14.500000 -1.517669
14.550000 -1.493688
14.600000 -1.404615
14.650000 -1.312116
14.700000 -1.226469
14.750000 -1.079156
14.800000 -0.890732
14.850000 -0.716011
14.900000 -0.551568
14.950000 -0.363144
15.000000 -0.171294
15.050000 0.000000
15.100000 0.154165
15.150000 0.263794
15.200000 0.325460
15.250000 0.356292
15.300000 0.342589
15.350000 0.301478
15.400000 0.267219
15.450000 0.205553
15.500000 0.078795
15.550000 -0.058240
15.600000 -0.157591
15.650000 -0.267220
15.700000 -0.393978
15.750000 -0.496755
15.800000 -0.568698
15.850000 -0.623512
15.900000 -0.678327
15.950000 -0.726289
16.000000 -0.777677
16.050000 -0.825639
16.100000 -0.873602
16.150000 -0.935268
16.200000 -1.010638
16.250000 -1.079156
16.300000 -1.133970
16.350000 -1.168229
16.400000 -1.154525
16.450000 -1.096285
16.500000 -1.031194
16.550000 -0.942120
16.600000 -0.784529
16.650000 -0.585827
16.700000 -0.414533
16.750000 -0.277498
16.800000 -0.137036
16.850000 -0.017130
16.900000 0.071943
16.950000 0.123332
17.000000 0.130184
17.050000 0.092499
17.100000 0.023981
17.150000 -0.051389
17.200000 -0.119906
17.250000 -0.195276
17.300000 -0.284349
17.350000 -0.373422
17.400000 -0.424811
17.450000 -0.445366
17.500000 -0.493329
17.550000 -0.568698
17.600000 -0.609809
17.650000 -0.626938
17.700000 -0.664623
17.750000 -0.702308
17.800000 -0.698882
17.850000 -0.671474
17.900000 -0.650920
17.950000 -0.630364
18.000000 -0.637216
18.050000 -0.668049
18.100000 -0.688604
18.150000 -0.716011
18.200000 -0.746845
18.250000 -0.784529
18.300000 -0.811936
18.350000 -0.829066
18.400000 -0.825640
18.450000 -0.805084
18.500000 -0.781103
18.550000 -0.746844
18.600000 -0.685179
18.650000 -0.616661
18.700000 -0.554995
18.750000 -0.510458
18.800000 -0.479625
18.850000 -0.472773
18.900000 -0.462495
18.950000 -0.438515
19.000000 -0.411108
19.050000 -0.417959
19.100000 -0.448792
19.150000 -0.459069
19.200000 -0.428237
19.250000 -0.390552
19.300000 -0.369996
19.350000 -0.383700
19.400000 -0.421384
19.450000 -0.459069
19.500000 -0.534439
19.550000 -0.654345
19.600000 -0.770825
19.650000 -0.870177
19.700000 -0.986656
19.750000 -1.113414
19.800000 -1.205913
19.850000 -1.264153
19.900000 -1.294987
19.950000 -1.284709
20.000000 -1.229895
20.050000 -1.147673
20.100000 -1.044897
20.150000 -0.911287
20.200000 -0.774251
20.250000 -0.630364
20.300000 -0.483051
20.350000 -0.352867
20.400000 -0.260368
20.450000 -0.157591
20.500000 -0.068518
20.550000 -0.058240
20.600000 -0.102776
20.650000 -0.143888
20.700000 -0.226109
20.750000 -0.376848
20.800000 -0.534439
20.850000 -0.661197
20.900000 -0.791381
20.950000 -0.907861
21.000000 -0.962675
21.050000 -0.976379
21.100000 -0.972953
21.150000 -0.942120
21.200000 -0.877029
21.250000 -0.801658
21.300000 -0.726289
21.350000 -0.661197
21.400000 -0.620086
21.450000 -0.602957
21.500000 -0.596105
21.550000 -0.633790
21.600000 -0.722863
21.650000 -0.808510
21.700000 -0.887306
21.750000 -0.983231
21.800000 -1.068878
21.850000 -1.116841
21.900000 -1.154525
21.950000 -1.181932
22.000000 -1.154525
22.050000 -1.079155
22.100000 -1.034619
22.150000 -1.007212
22.200000 -0.952398
22.250000 -0.877028
22.300000 -0.818788
22.350000 -0.767399
22.400000 -0.705734
22.450000 -0.640642
22.500000 -0.606382
22.550000 -0.589254
22.600000 -0.572124
22.650000 -0.548142
22.700000 -0.548143
22.750000 -0.613235
22.800000 -0.688605
22.850000 -0.739992
22.900000 -0.805084
22.950000 -0.924991
23.000000 -1.034619
23.050000 -1.144248
23.100000 -1.294987
23.150000 -1.449152
23.200000 -1.545077
23.250000 -1.623873
23.300000 -1.706093
23.350000 -1.750630
23.400000 -1.743778
23.450000 -1.726649
23.500000 -1.682112
23.550000 -1.603317
23.600000 -1.521096
23.650000 -1.442300
23.700000 -1.342950
23.750000 -1.243599
23.800000 -1.154525
23.850000 -1.068878
23.900000 -0.976379
23.950000 -0.890732
24.000000 -0.777678
24.050000 -0.637216
24.100000 -0.510458
24.150000 -0.393978
24.200000 -0.253516
24.250000 -0.137036
24.300000 -0.089074
24.350000 -0.054814
24.400000 -0.013704
24.450000 -0.017130
24.500000 -0.092499
24.550000 -0.191850
24.600000 -0.304905
24.650000 -0.421385
24.700000 -0.551568
24.750000 -0.668049
24.800000 -0.750270
24.850000 -0.825640
24.900000 -0.924991
24.950000 -1.044897
25.000000 -1.137396
25.050000 -1.216191
25.100000 -1.325820
25.150000 -1.438874
25.200000 -1.517669
25.250000 -1.555354
25.300000 -1.555355
25.350000 -1.545077
25.400000 -1.531373
25.450000 -1.473133
25.500000 -1.356653
25.550000 -1.226469
25.600000 -1.099711
25.650000 -0.935268
25.700000 -0.750270
25.750000 -0.606383
25.800000 -0.483051
25.850000 -0.352867
25.900000 -0.270646
25.950000 -0.246664
26.000000 -0.229535
26.050000 -0.222683
26.100000 -0.256942
26.150000 -0.311756
26.200000 -0.366570
26.250000 -0.431662
26.300000 -0.507032
26.350000 -0.568698
26.400000 -0.630364
26.450000 -0.698882
26.500000 -0.760548
26.550000 -0.815362
26.600000 -0.846195
26.650000 -0.873603
26.700000 -0.938694
26.750000 -1.038045
26.800000 -1.103137
26.850000 -1.137396
26.900000 -1.199061
26.950000 -1.277857
27.000000 -1.312116
27.050000 -1.312116
27.100000 -1.322394
27.150000 -1.305265
27.200000 -1.243598
27.250000 -1.164803
27.300000 -1.089433
27.350000 -0.996934
27.400000 -0.883880
27.450000 -0.767400
27.500000 -0.664623
27.550000 -0.585827
27.600000 -0.541291
27.650000 -0.507032
27.700000 -0.476199
27.750000 -0.483051
27.800000 -0.500180
27.850000 -0.496754
27.900000 -0.489903
27.950000 -0.520735
28.000000 -0.561847
28.050000 -0.585828
28.100000 -0.616661
28.150000 -0.650919
28.200000 -0.650920
28.250000 -0.650920
28.300000 -0.698882
28.350000 -0.757122
28.400000 -0.791381
28.450000 -0.835917
28.500000 -0.911287
28.550000 -0.979805
28.600000 -1.031193
28.650000 -1.099711
28.700000 -1.195636
28.750000 -1.274431
28.800000 -1.312116
28.850000 -1.346375
28.900000 -1.384060
28.950000 -1.404615
29.000000 -1.377208
29.050000 -1.315542
29.100000 -1.267579
29.150000 -1.216191
29.200000 -1.127118
29.250000 -1.007212
29.300000 -0.907861
29.350000 -0.846195
29.400000 -0.777678
29.450000 -0.712586
29.500000 -0.698882
29.550000 -0.722863
29.600000 -0.753696
29.650000 -0.801659
29.700000 -0.897583
29.750000 -0.990082
29.800000 -1.041471
29.850000 -1.089433
29.900000 -1.147674
29.950000 -1.181932
30.000000 -1.188784
30.050000 -1.195636
30.100000 -1.195636
30.150000 -1.188784
30.200000 -1.181932
30.250000 -1.164803
30.300000 -1.137396
30.350000 -1.120266
30.400000 -1.120266
30.450000 -1.144248
30.500000 -1.168229
30.550000 -1.192210
30.600000 -1.233321
30.650000 -1.301838
30.700000 -1.360078
30.750000 -1.380634
30.800000 -1.373782
30.850000 -1.353227
30.900000 -1.312116
30.950000 -1.250450
31.000000 -1.154525
31.050000 -1.034619
31.100000 -0.914713
31.150000 -0.825640
31.200000 -0.719437
31.250000 -0.606382
31.300000 -0.544717
31.350000 -0.527587
31.400000 -0.503606
31.450000 -0.527588
31.500000 -0.616660
31.550000 -0.705734
31.600000 -0.746844
31.650000 -0.794807
31.700000 -0.853046
31.750000 -0.877028
31.800000 -0.883880
31.850000 -0.901009
31.900000 -0.901009
31.950000 -0.873603
32.000000 -0.839343
32.050000 -0.798233
32.100000 -0.763973
32.150000 -0.774252
32.200000 -0.808510
32.250000 -0.839343
32.300000 -0.890732
32.350000 -0.962676
32.400000 -1.044897
32.450000 -1.140822
32.500000 -1.236746
32.550000 -1.291560
32.600000 -1.305265
32.650000 -1.312117
32.700000 -1.284709
32.750000 -1.223043
32.800000 -1.171655
32.850000 -1.116840
32.900000 -1.051749
32.950000 -1.020916
33.000000 -1.007212
33.050000 -0.986657
33.100000 -1.034619
33.150000 -1.171654
33.200000 -1.274431
33.250000 -1.318968
33.300000 -1.397764
33.350000 -1.459430
33.400000 -1.442300
33.450000 -1.390912
33.500000 -1.322394
33.550000 -1.188784
33.600000 -1.000360
33.650000 -0.832492
33.700000 -0.674901
33.750000 -0.510458
33.800000 -0.404255
33.850000 -0.359719
33.900000 -0.356292
33.950000 -0.393978
34.000000 -0.438514
34.050000 -0.462496
34.100000 -0.513884
34.150000 -0.613235
34.200000 -0.698882
34.250000 -0.750270
34.300000 -0.794807
34.350000 -0.835917
34.400000 -0.849621
34.450000 -0.853047
34.500000 -0.870177
34.550000 -0.914713
34.600000 -0.979805
34.650000 -1.038045
34.700000 -1.092859
34.750000 -1.157951
34.800000 -1.209339
34.850000 -1.250450
34.900000 -1.274431
34.950000 -1.253876
35.000000 -1.202488
35.050000 -1.154525
35.100000 -1.106563
35.150000 -1.031193
35.200000 -0.955824
35.250000 -0.890731
35.300000 -0.818788
35.350000 -0.763974
35.400000 -0.743418
35.450000 -0.743419
35.500000 -0.743418
35.550000 -0.781103
35.600000 -0.839343
35.650000 -0.887306
35.700000 -0.948971
35.750000 -1.007212
35.800000 -1.020916
35.850000 -1.007212
35.900000 -1.024341
35.950000 -1.048323
36.000000 -1.038045
36.050000 -1.007212
36.100000 -0.986657
36.150000 -0.948972
36.200000 -0.901009
36.250000 -0.877028
36.300000 -0.873602
36.350000 -0.887306
36.400000 -0.897583
36.450000 -0.890731
36.500000 -0.890732
36.550000 -0.904435
36.600000 -0.928416
36.650000 -0.935268
36.700000 -0.955824
36.750000 -1.007212
36.800000 -1.082582
36.850000 -1.168229
36.900000 -1.264154
36.950000 -1.363504
37.000000 -1.452577
37.050000 -1.524521
37.100000 -1.569058
37.150000 -1.586188
37.200000 -1.565632
37.250000 -1.490262
37.300000 -1.373783
37.350000 -1.250450
37.400000 -1.120266
37.450000 -0.948972
37.500000 -0.770826
37.550000 -0.633790
37.600000 -0.537865
37.650000 -0.462495
37.700000 -0.428237
37.750000 -0.459070
37.800000 -0.524162
37.850000 -0.582402
37.900000 -0.650919
37.950000 -0.753696
38.000000 -0.859898
38.050000 -0.914713
38.100000 -0.952398
38.150000 -0.990083
38.200000 -1.007212
38.250000 -0.996935
38.300000 -0.993508
38.350000 -1.010638
38.400000 -1.024341
38.450000 -1.038045
38.500000 -1.079155
38.550000 -1.144248
38.600000 -1.209340
38.650000 -1.277857
38.700000 -1.366931
38.750000 -1.459430
38.800000 -1.545077
38.850000 -1.630724
38.900000 -1.706094
38.950000 -1.778037
39.000000 -1.843129
39.050000 -1.884240
39.100000 -1.891092
39.150000 -1.880814
39.200000 -1.846555
39.250000 -1.764334
39.300000 -1.654705
39.350000 -1.534799
39.400000 -1.377208
39.450000 -1.161377
39.500000 -0.948972
39.550000 -0.753696
39.600000 -0.561846
39.650000 -0.390552
39.700000 -0.280923
39.750000 -0.246665
39.800000 -0.267220
39.850000 -0.325460
39.900000 -0.428236
39.950000 -0.585827
40.000000 -0.760547
40.050000 -0.904436
40.100000 -1.024341
40.150000 -1.123693
40.200000 -1.171654
40.250000 -1.175080
40.300000 -1.154526
40.350000 -1.113414
40.400000 -1.024342
40.450000 -0.914713
40.500000 -0.815363
40.550000 -0.726289
40.600000 -0.633790
40.650000 -0.544717
40.700000 -0.489903
40.750000 -0.486477
40.800000 -0.513883
40.850000 -0.534439
40.900000 -0.561847
40.950000 -0.633790
41.000000 -0.719437
41.050000 -0.794807
41.100000 -0.890732
41.150000 -0.996935
41.200000 -1.048322
41.250000 -1.065452
41.300000 -1.113415
41.350000 -1.164803
41.400000 -1.178506
41.450000 -1.164803
41.500000 -1.181932
41.550000 -1.219617
41.600000 -1.240173
41.650000 -1.240172
41.700000 -1.247024
41.750000 -1.267579
41.800000 -1.298413
41.850000 -1.346375
41.900000 -1.380634
41.950000 -1.380634
42.000000 -1.353227
42.050000 -1.336098
42.100000 -1.315542
42.150000 -1.271006
42.200000 -1.219617
42.250000 -1.212766
42.300000 -1.250450
42.350000 -1.281283
42.400000 -1.301839
42.450000 -1.353227
42.500000 -1.411467
42.550000 -1.456004
42.600000 -1.486837
42.650000 -1.490262
42.700000 -1.449151
42.750000 -1.380634
42.800000 -1.288135
42.850000 -1.168229
42.900000 -1.034619
42.950000 -0.918139
43.000000 -0.811936
43.050000 -0.746844
43.100000 -0.719437
43.150000 -0.739993
43.200000 -0.794807
43.250000 -0.911287
43.300000 -1.068878
43.350000 -1.274431
43.400000 -1.500541
43.450000 -1.695816
43.500000 -1.849981
43.550000 -1.990442
43.600000 -2.093219
43.650000 -2.130904
43.700000 -2.103497
43.750000 -2.014423
43.800000 -1.873962
43.850000 -1.716371
43.900000 -1.538225
43.950000 -1.325820
44.000000 -1.133970
44.050000 -1.000360
44.100000 -0.887306
44.150000 -0.808511
44.200000 -0.791380
44.250000 -0.811936
44.300000 -0.856472
44.350000 -0.952398
44.400000 -1.075730
44.450000 -1.171655
44.500000 -1.260728
44.550000 -1.336097
44.600000 -1.349801
44.650000 -1.312116
44.700000 -1.257302
44.750000 -1.175081
44.800000 -1.051749
44.850000 -0.938695
44.900000 -0.829066
44.950000 -0.726289
45.000000 -0.668049
45.050000 -0.650919
45.100000 -0.640642
45.150000 -0.678327
45.200000 -0.798233
45.250000 -0.945546
45.300000 -1.096285
45.350000 -1.260728
45.400000 -1.404615
45.450000 -1.486837
45.500000 -1.545077
45.550000 -1.582761
45.600000 -1.538224
45.650000 -1.435448
45.700000 -1.332672
45.750000 -1.226469
45.800000 -1.092859
45.850000 -0.983231
45.900000 -0.928417
45.950000 -0.901010
46.000000 -0.883880
46.050000 -0.914712
46.100000 -1.003786
46.150000 -1.109988
46.200000 -1.219617
46.250000 -1.308691
46.300000 -1.366930
46.350000 -1.394337
46.400000 -1.418318
46.450000 -1.425170
46.500000 -1.408041
46.550000 -1.401189
46.600000 -1.411467
46.650000 -1.414893
46.700000 -1.411467
46.750000 -1.421745
46.800000 -1.435448
46.850000 -1.438874
46.900000 -1.432022
46.950000 -1.445726
47.000000 -1.438874
47.050000 -1.390911
47.100000 -1.360079
47.150000 -1.366931
47.200000 -1.366930
47.250000 -1.349801
47.300000 -1.353227
47.350000 -1.377208
47.400000 -1.390912
47.450000 -1.414893
47.500000 -1.442300
47.550000 -1.435448
47.600000 -1.401189
47.650000 -1.342949
47.700000 -1.257302
47.750000 -1.161377
47.800000 -1.055174
47.850000 -0.938695
47.900000 -0.829065
47.950000 -0.774251
48.000000 -0.750270
48.050000 -0.716011
48.100000 -0.729715
48.150000 -0.794806
48.200000 -0.877028
48.250000 -0.952398
48.300000 -1.062026
48.350000 -1.164803
48.400000 -1.216191
48.450000 -1.243598
48.500000 -1.253876
48.550000 -1.212766
48.600000 -1.137396
48.650000 -1.048323
48.700000 -0.952398
48.750000 -0.880454
48.800000 -0.825640
48.850000 -0.777677
48.900000 -0.767399
48.950000 -0.815362
49.000000 -0.873603
49.050000 -0.921565
49.100000 -1.000360
49.150000 -1.096285
49.200000 -1.161377
49.250000 -1.192210
49.300000 -1.205913
49.350000 -1.168229
49.400000 -1.089433
49.450000 -0.993508
49.500000 -0.887306
49.550000 -0.767400
49.600000 -0.671475
49.650000 -0.592679
49.700000 -0.554995
49.750000 -0.582402
49.800000 -0.647494
49.850000 -0.695456
49.900000 -0.753696
49.950000 -0.870176
50.000000 -0.983231
50.050000 -1.065453
50.100000 -1.140822
50.150000 -1.181932
50.200000 -1.140821
50.250000 -1.068878
50.300000 -1.010638
50.350000 -0.945546
50.400000 -0.856473
50.450000 -0.787955
50.500000 -0.774252
50.550000 -0.801658
50.600000 -0.873602
50.650000 -0.990082
50.700000 -1.140822
50.750000 -1.329246
50.800000 -1.503966
50.850000 -1.641002
50.900000 -1.771185
50.950000 -1.880813
51.000000 -1.911647
51.050000 -1.867111
51.100000 -1.795167
51.150000 -1.699242
51.200000 -1.596466
51.250000 -1.514244
51.300000 -1.442301
51.350000 -1.394338
51.400000 -1.370356
51.450000 -1.360079
51.500000 -1.366930
51.550000 -1.421745
51.600000 -1.503966
51.650000 -1.555354
51.700000 -1.582762
51.750000 -1.651280
51.800000 -1.706094
51.850000 -1.723223
51.900000 -1.747204
51.950000 -1.781463
52.000000 -1.791740
52.050000 -1.791740
52.100000 -1.802018
52.150000 -1.791741
52.200000 -1.771186
52.250000 -1.757482
52.300000 -1.699242
52.350000 -1.593039
52.400000 -1.500540
52.450000 -1.418319
52.500000 -1.315542
52.550000 -1.274432
52.600000 -1.281283
52.650000 -1.267580
52.700000 -1.274431
52.750000 -1.346375
52.800000 -1.411467
52.850000 -1.432022
52.900000 -1.479984
52.950000 -1.524521
53.000000 -1.514244
53.050000 -1.497115
53.100000 -1.483411
53.150000 -1.418319
53.200000 -1.318968
53.250000 -1.257302
53.300000 -1.226469
53.350000 -1.192210
53.400000 -1.164803
53.450000 -1.130544
53.500000 -1.096285
53.550000 -1.079156
53.600000 -1.048323
53.650000 -0.990083
53.700000 -0.955823
53.750000 -0.918139
53.800000 -0.798232
53.850000 -0.661197
53.900000 -0.609809
53.950000 -0.596105
54.000000 -0.554994
54.050000 -0.537865
54.100000 -0.602957
54.150000 -0.705733
54.200000 -0.801659
54.250000 -0.911287
54.300000 -1.048322
54.350000 -1.168229
54.400000 -1.253876
54.450000 -1.318968
54.500000 -1.366931
54.550000 -1.408041
54.600000 -1.449152
54.650000 -1.456004
54.700000 -1.435448
54.750000 -1.428596
54.800000 -1.435448
54.850000 -1.421745
54.900000 -1.397763
54.950000 -1.370357
55.000000 -1.312117
55.050000 -1.226469
55.100000 -1.133970
55.150000 -1.051749
55.200000 -0.976379
55.250000 -0.907861
55.300000 -0.842770
55.350000 -0.818788
55.400000 -0.832492
55.450000 -0.883880
55.500000 -0.983231
55.550000 -1.127118
55.600000 -1.271006
55.650000 -1.425170
55.700000 -1.620447
55.750000 -1.805444
55.800000 -1.932203
55.850000 -2.014424
55.900000 -2.052108
55.950000 -2.055534
56.000000 -2.038405
56.050000 -2.000720
56.100000 -1.939054
56.150000 -1.880814
56.200000 -1.822574
56.250000 -1.747204
56.300000 -1.675260
56.350000 -1.630724
56.400000 -1.579336
56.450000 -1.521096
56.500000 -1.503966
56.550000 -1.493688
56.600000 -1.466282
56.650000 -1.432023
56.700000 -1.390912
56.750000 -1.346375
56.800000 -1.312116
56.850000 -1.264154
56.900000 -1.185358
56.950000 -1.120266
57.000000 -1.109989
57.050000 -1.113414
57.100000 -1.127118
57.150000 -1.175080
57.200000 -1.216191
57.250000 -1.236747
57.300000 -1.315542
57.350000 -1.438874
57.400000 -1.521095
57.450000 -1.565632
57.500000 -1.651279
57.550000 -1.726649
57.600000 -1.743778
57.650000 -1.743778
57.700000 -1.743778
57.750000 -1.719798
57.800000 -1.654706
57.850000 -1.569058
57.900000 -1.452578
57.950000 -1.318968
58.000000 -1.168229
58.050000 -1.000360
58.100000 -0.815363
58.150000 -0.654345
58.200000 -0.554994
58.250000 -0.503606
58.300000 -0.465921
58.350000 -0.479625
58.400000 -0.565272
58.450000 -0.678326
58.500000 -0.784529
58.550000 -0.887306
58.600000 -0.979805
58.650000 -1.024341
58.700000 -1.041471
58.750000 -1.055175
58.800000 -1.020915
58.850000 -0.935268
58.900000 -0.880454
58.950000 -0.866751
59.000000 -0.856473
59.050000 -0.880454
59.100000 -0.972953
59.150000 -1.068878
59.200000 -1.140822
59.250000 -1.240173
59.300000 -1.353226
59.350000 -1.390912
59.400000 -1.394337
59.450000 -1.401190
59.500000 -1.366930
59.550000 -1.301838
59.600000 -1.277857
59.650000 -1.277857
59.700000 -1.271005
59.750000 -1.281284
59.800000 -1.318968
59.850000 -1.370357
59.900000 -1.442300
59.950000 -1.538225
60.000000 -1.606743
60.050000 -1.644428
60.100000 -1.685538
60.150000 -1.709519
60.200000 -1.675260
60.250000 -1.613594
60.300000 -1.562206
60.350000 -1.507392
60.400000 -1.425170
60.450000 -1.342949
60.500000 -1.284709
60.550000 -1.250450
60.600000 -1.216191
60.650000 -1.175081
60.700000 -1.147674
60.750000 -1.154525
60.800000 -1.151100
60.850000 -1.130544
60.900000 -1.137396
60.950000 -1.164803
61.000000 -1.157951
61.050000 -1.130544
61.100000 -1.133970
61.150000 -1.133970
61.200000 -1.109988
61.250000 -1.082581
61.300000 -1.055175
61.350000 -1.024342
61.400000 -1.020915
61.450000 -1.048323
61.500000 -1.058600
61.550000 -1.075730
61.600000 -1.130544
61.650000 -1.175081
61.700000 -1.195636
61.750000 -1.226469
61.800000 -1.281283
61.850000 -1.312116
61.900000 -1.322394
61.950000 -1.342949
62.000000 -1.332671
62.050000 -1.308691
62.100000 -1.312116
62.150000 -1.298413
62.200000 -1.216192
62.250000 -1.144248
62.300000 -1.103137
62.350000 -1.044897
62.400000 -0.948972
62.450000 -0.877028
62.500000 -0.815362
62.550000 -0.753696
62.600000 -0.709159
62.650000 -0.698882
62.700000 -0.739992
62.750000 -0.839343
62.800000 -0.959250
62.850000 -1.075730
62.900000 -1.240172
62.950000 -1.456004
63.000000 -1.654705
63.050000 -1.788314
63.100000 -1.891092
63.150000 -1.963036
63.200000 -1.990442
63.250000 -1.952758
63.300000 -1.870537
63.350000 -1.760908
63.400000 -1.630724
63.450000 -1.486837
63.500000 -1.349801
63.550000 -1.226469
63.600000 -1.116841
63.650000 -1.024341
63.700000 -0.976379
63.750000 -0.986657
63.800000 -1.017490
63.850000 -1.044897
63.900000 -1.082582
63.950000 -1.130544
64.000000 -1.168229
64.050000 -1.178506
64.100000 -1.178506
64.150000 -1.168229
64.200000 -1.144248
64.250000 -1.109989
64.300000 -1.065452
64.350000 -1.010638
64.400000 -0.942120
64.450000 -0.877028
64.500000 -0.849621
64.550000 -0.870177
64.600000 -0.880454
64.650000 -0.856473
64.700000 -0.853047
64.750000 -0.880454
64.800000 -0.877029
64.850000 -0.859899
64.900000 -0.887305
64.950000 -0.952398
65.000000 -1.017489
65.050000 -1.109988
65.100000 -1.229895
65.150000 -1.329246
65.200000 -1.408041
65.250000 -1.493688
65.300000 -1.555354
65.350000 -1.586187
65.400000 -1.593039
65.450000 -1.551929
65.500000 -1.442300
65.550000 -1.312116
65.600000 -1.164803
65.650000 -0.979805
65.700000 -0.798233
65.750000 -0.674900
65.800000 -0.585828
65.850000 -0.517310
65.900000 -0.500180
65.950000 -0.548143
66.000000 -0.633790
66.050000 -0.736567
66.100000 -0.853047
66.150000 -0.972953
66.200000 -1.092859
66.250000 -1.199062
66.300000 -1.284709
66.350000 -1.325820
66.400000 -1.291561
66.450000 -1.250450
66.500000 -1.229895
66.550000 -1.188784
66.600000 -1.127118
66.650000 -1.103137
66.700000 -1.116840
66.750000 -1.130544
66.800000 -1.157951
66.850000 -1.219617
66.900000 -1.308690
66.950000 -1.408041
67.000000 -1.459429
67.050000 -1.459430
67.100000 -1.442300
67.150000 -1.418319
67.200000 -1.325820
67.250000 -1.181933
67.300000 -1.041470
67.350000 -0.914713
67.400000 -0.763974
67.450000 -0.650919
67.500000 -0.606382
67.550000 -0.592680
67.600000 -0.589254
67.650000 -0.630364
67.700000 -0.712586
67.750000 -0.801659
67.800000 -0.866750
67.850000 -0.911287
67.900000 -0.952398
67.950000 -0.952398
68.000000 -0.883880
68.050000 -0.784529
68.100000 -0.698882
68.150000 -0.609809
68.200000 -0.520736
68.250000 -0.469347
68.300000 -0.459070
68.350000 -0.486477
68.400000 -0.568698
68.450000 -0.681752
68.500000 -0.805084
68.550000 -0.969528
68.600000 -1.151099
68.650000 -1.281284
68.700000 -1.404615
68.750000 -1.548503
68.800000 -1.644428
68.850000 -1.668409
68.900000 -1.661557
68.950000 -1.627298
69.000000 -1.527947
69.050000 -1.428597
69.100000 -1.356653
69.150000 -1.271006
69.200000 -1.171655
69.250000 -1.106563
69.300000 -1.075730
69.350000 -1.055174
69.400000 -1.055174
69.450000 -1.072304
69.500000 -1.103137
69.550000 -1.151100
69.600000 -1.195636
69.650000 -1.247025
69.700000 -1.315542
69.750000 -1.384060
69.800000 -1.432023
69.850000 -1.476559
69.900000 -1.531373
69.950000 -1.558780
70.000000 -1.521096
70.050000 -1.469707
70.100000 -1.411467
70.150000 -1.318968
70.200000 -1.205913
70.250000 -1.086008
70.300000 -0.966101
70.350000 -0.835918
70.400000 -0.709160
70.450000 -0.589253
70.500000 -0.510458
70.550000 -0.486477
70.600000 -0.486477
70.650000 -0.507032
70.700000 -0.589253
70.750000 -0.733141
70.800000 -0.873602
70.850000 -0.990082
70.900000 -1.127118
70.950000 -1.305265
71.000000 -1.469707
71.050000 -1.589614
71.100000 -1.675261
71.150000 -1.730075
71.200000 -1.757482
71.250000 -1.747204
71.300000 -1.699242
71.350000 -1.610169
71.400000 -1.527948
71.450000 -1.445726
71.500000 -1.322394
71.550000 -1.181932
71.600000 -1.062026
71.650000 -0.942120
71.700000 -0.825640
71.750000 -0.736567
71.800000 -0.709160
71.850000 -0.716011
71.900000 -0.746844
71.950000 -0.822214
72.000000 -0.911287
72.050000 -0.986657
72.100000 -1.082582
72.150000 -1.209340
72.200000 -1.315542
72.250000 -1.380634
72.300000 -1.425170
72.350000 -1.462855
72.400000 -1.469707
72.450000 -1.432022
72.500000 -1.394337
72.550000 -1.363504
72.600000 -1.312116
72.650000 -1.233321
72.700000 -1.151099
72.750000 -1.109988
72.800000 -1.075730
72.850000 -1.020916
72.900000 -0.959250
72.950000 -0.924990
73.000000 -0.897584
73.050000 -0.866751
73.100000 -0.846195
73.150000 -0.829065
73.200000 -0.794807
73.250000 -0.757122
73.300000 -0.763974
73.350000 -0.791381
73.400000 -0.808510
73.450000 -0.832491
73.500000 -0.870176
73.550000 -0.887306
73.600000 -0.907861
73.650000 -0.931843
73.700000 -0.935268
73.750000 -0.907862
73.800000 -0.887306
73.850000 -0.870176
73.900000 -0.839343
73.950000 -0.832491
74.000000 -0.829065
74.050000 -0.818788
74.100000 -0.839343
74.150000 -0.894158
74.200000 -0.945546
74.250000 -1.003786
74.300000 -1.096285
74.350000 -1.205914
74.400000 -1.288135
74.450000 -1.342950
74.500000 -1.380634
74.550000 -1.404616
74.600000 -1.408041
74.650000 -1.384060
74.700000 -1.342949
74.750000 -1.288135
74.800000 -1.192210
74.850000 -1.096286
74.900000 -1.062026
74.950000 -1.051748
75.000000 -1.024342
75.050000 -1.020916
75.100000 -1.075730
75.150000 -1.130544
75.200000 -1.168228
75.250000 -1.216192
75.300000 -1.271005
75.350000 -1.312117
75.400000 -1.342949
75.450000 -1.370356
75.500000 -1.411467
75.550000 -1.432022
75.600000 -1.421745
75.650000 -1.377208
75.700000 -1.353226
75.750000 -1.332672
75.800000 -1.284709
75.850000 -1.240172
75.900000 -1.223043
75.950000 -1.199062
76.000000 -1.151099
76.050000 -1.079156
76.100000 -1.007212
76.150000 -0.935268
76.200000 -0.873603
76.250000 -0.818788
76.300000 -0.784530
76.350000 -0.787955
76.400000 -0.815362
76.450000 -0.853047
76.500000 -0.921565
76.550000 -0.993508
76.600000 -1.024342
76.650000 -1.048323
76.700000 -1.103137
76.750000 -1.140822
76.800000 -1.133970
76.850000 -1.106563
76.900000 -1.058600
76.950000 -1.007212
77.000000 -0.979805
77.050000 -0.948972
77.100000 -0.901010
77.150000 -0.894157
77.200000 -0.942120
77.250000 -0.993509
77.300000 -1.058601
77.350000 -1.161377
77.400000 -1.253876
77.450000 -1.301839
77.500000 -1.370357
77.550000 -1.449151
77.600000 -1.483411
77.650000 -1.493688
77.700000 -1.534799
77.750000 -1.572483
77.800000 -1.558781
77.850000 -1.538225
77.900000 -1.521096
77.950000 -1.497114
78.000000 -1.459429
78.050000 -1.414893
78.100000 -1.342949
78.150000 -1.223043
78.200000 -1.082582
78.250000 -0.921565
78.300000 -0.760548
78.350000 -0.609809
78.400000 -0.479625
78.450000 -0.369996
78.500000 -0.308331
78.550000 -0.280923
78.600000 -0.287775
78.650000 -0.332312
78.700000 -0.428237
78.750000 -0.548142
78.800000 -0.681752
78.850000 -0.829065
78.900000 -0.976379
78.950000 -1.089434
79.000000 -1.161377
79.050000 -1.195636
79.100000 -1.175081
79.150000 -1.130544
79.200000 -1.092859
79.250000 -1.048323
79.300000 -0.972954
79.350000 -0.887306
79.400000 -0.822214
79.450000 -0.777677
79.500000 -0.774252
79.550000 -0.791381
79.600000 -0.794806
79.650000 -0.798232
79.700000 -0.822214
79.750000 -0.825640
79.800000 -0.794806
79.850000 -0.760548
79.900000 -0.729715
79.950000 -0.674900
80.000000 -0.599531
80.050000 -0.537865
80.100000 -0.507032
80.150000 -0.493329
80.200000 -0.486477
80.250000 -0.510457
80.300000 -0.596105
80.350000 -0.702307
80.400000 -0.818788
80.450000 -0.972953
80.500000 -1.157951
80.550000 -1.332672
80.600000 -1.469707
80.650000 -1.565632
80.700000 -1.620446
80.750000 -1.606743
80.800000 -1.541651
80.850000 -1.438874
80.900000 -1.301838
80.950000 -1.137396
81.000000 -0.972953
81.050000 -0.805084
81.100000 -0.664623
81.150000 -0.575550
81.200000 -0.524162
81.250000 -0.517310
81.300000 -0.568699
81.350000 -0.654345
81.400000 -0.733141
81.450000 -0.811937
81.500000 -0.887306
81.550000 -0.935268
81.600000 -0.966102
81.650000 -0.986657
81.700000 -0.979805
81.750000 -0.952397
81.800000 -0.897584
81.850000 -0.856473
81.900000 -0.842769
81.950000 -0.842770
82.000000 -0.839344
82.050000 -0.849621
82.100000 -0.897583
82.150000 -0.935269
82.200000 -0.938694
82.250000 -0.938694
82.300000 -0.948972
82.350000 -0.924990
82.400000 -0.890732
82.450000 -0.853047
82.500000 -0.774251
82.550000 -0.671474
82.600000 -0.620087
82.650000 -0.606383
82.700000 -0.565273
82.750000 -0.537865
82.800000 -0.551569
82.850000 -0.537865
82.900000 -0.503606
82.950000 -0.527588
83.000000 -0.582402
83.050000 -0.620086
83.100000 -0.681752
83.150000 -0.787955
83.200000 -0.890731
83.250000 -0.979805
83.300000 -1.116840
83.350000 -1.267580
83.400000 -1.390912
83.450000 -1.497114
83.500000 -1.603317
83.550000 -1.668409
83.600000 -1.682112
83.650000 -1.647854
83.700000 -1.569058
83.750000 -1.449152
83.800000 -1.301839
83.850000 -1.123693
83.900000 -0.935268
83.950000 -0.774252
84.000000 -0.630364
84.050000 -0.489903
84.100000 -0.397404
84.150000 -0.369996
84.200000 -0.346016
84.250000 -0.308330
84.300000 -0.325460
84.350000 -0.387126
84.400000 -0.417959
84.450000 -0.435089
84.500000 -0.507032
84.550000 -0.609809
84.600000 -0.681752
84.650000 -0.733141
84.700000 -0.805085
84.750000 -0.880454
84.800000 -0.942120
84.850000 -1.017490
84.900000 -1.092859
84.950000 -1.144247
85.000000 -1.161377
85.050000 -1.164803
85.100000 -1.154525
85.150000 -1.140821
85.200000 -1.113414
85.250000 -1.065452
85.300000 -1.007212
85.350000 -0.986657
85.400000 -0.996934
85.450000 -0.983231
85.500000 -0.948972
85.550000 -0.938695
85.600000 -0.924991
85.650000 -0.897584
85.700000 -0.870177
85.750000 -0.839344
85.800000 -0.801658
85.850000 -0.781103
85.900000 -0.774252
85.950000 -0.774251
86.000000 -0.798233
86.050000 -0.856473
86.100000 -0.914713
86.150000 -0.993508
86.200000 -1.089433
86.250000 -1.164803
86.300000 -1.205913
86.350000 -1.247025
86.400000 -1.250451
86.450000 -1.205913
86.500000 -1.144247
86.550000 -1.079156
86.600000 -0.996934
86.650000 -0.924991
86.700000 -0.890732
86.750000 -0.887306
86.800000 -0.894158
86.850000 -0.931843
86.900000 -0.996934
86.950000 -1.089433
87.000000 -1.181933
87.050000 -1.253876
87.100000 -1.298412
87.150000 -1.349801
87.200000 -1.380634
87.250000 -1.360079
87.300000 -1.308690
87.350000 -1.267580
87.400000 -1.216191
87.450000 -1.140822
87.500000 -1.058601
87.550000 -0.969527
87.600000 -0.859899
87.650000 -0.753696
87.700000 -0.661197
87.750000 -0.578975
87.800000 -0.507032
87.850000 -0.452218
87.900000 -0.417959
87.950000 -0.411107
88.000000 -0.431662
88.050000 -0.441940
88.100000 -0.438514
88.150000 -0.452218
88.200000 -0.493328
88.250000 -0.503606
88.300000 -0.476199
88.350000 -0.465921
88.400000 -0.486477
88.450000 -0.493329
88.500000 -0.496755
88.550000 -0.517309
88.600000 -0.544717
88.650000 -0.565272
88.700000 -0.606382
88.750000 -0.664623
88.800000 -0.712585
88.850000 -0.736567
88.900000 -0.784529
88.950000 -0.856473
89.000000 -0.914713
89.050000 -0.959249
89.100000 -1.027767
89.150000 -1.113415
89.200000 -1.188784
89.250000 -1.243598
89.300000 -1.301839
89.350000 -1.370356
89.400000 -1.432023
89.450000 -1.442300
89.500000 -1.418319
89.550000 -1.380634
89.600000 -1.322394
89.650000 -1.216191
89.700000 -1.086007
89.750000 -0.972953
89.800000 -0.863324
89.850000 -0.760548
89.900000 -0.692030
89.950000 -0.650920
90.000000 -0.620086
90.050000 -0.589253
90.100000 -0.572124
90.150000 -0.596105
90.200000 -0.668048
90.250000 -0.746844
90.300000 -0.808510
90.350000 -0.887306
90.400000 -0.990082
90.450000 -1.082582
90.500000 -1.161377
90.550000 -1.253876
90.600000 -1.342949
90.650000 -1.397764
90.700000 -1.428597
90.750000 -1.435448
90.800000 -1.387486
90.850000 -1.288135
90.900000 -1.168229
90.950000 -1.034619
91.000000 -0.870176
91.050000 -0.685178
91.100000 -0.531013
91.150000 -0.417959
91.200000 -0.315182
91.250000 -0.236387
91.300000 -0.236386
91.350000 -0.291201
91.400000 -0.346015
91.450000 -0.414533
91.500000 -0.510458
91.550000 -0.602957
91.600000 -0.650920
91.650000 -0.712585
91.700000 -0.808510
91.750000 -0.890731
91.800000 -0.942120
91.850000 -1.007212
91.900000 -1.086008
91.950000 -1.151099
92.000000 -1.219617
92.050000 -1.281283
92.100000 -1.318968
92.150000 -1.342949
92.200000 -1.346376
92.250000 -1.294986
92.300000 -1.219617
92.350000 -1.140822
92.400000 -1.048322
92.450000 -0.959250
92.500000 -0.890731
92.550000 -0.842769
92.600000 -0.801659
92.650000 -0.801658
92.700000 -0.835917
92.750000 -0.870177
92.800000 -0.914713
92.850000 -0.955824
92.900000 -0.983231
92.950000 -0.993508
93.000000 -0.983231
93.050000 -0.942120
93.100000 -0.897583
93.150000 -0.866750
93.200000 -0.808510
93.250000 -0.729715
93.300000 -0.671475
93.350000 -0.623512
93.400000 -0.572124
93.450000 -0.551568
93.500000 -0.554995
93.550000 -0.572124
93.600000 -0.626938
93.650000 -0.692030
93.700000 -0.729714
93.750000 -0.770825
93.800000 -0.839343
93.850000 -0.887306
93.900000 -0.907862
93.950000 -0.931842
94.000000 -0.928416
94.050000 -0.880454
94.100000 -0.846195
94.150000 -0.822214
94.200000 -0.753696
94.250000 -0.685178
94.300000 -0.685178
94.350000 -0.722863
94.400000 -0.736567
94.450000 -0.757122
94.500000 -0.822214
94.550000 -0.904436
94.600000 -0.966101
94.650000 -1.014064
94.700000 -1.055174
94.750000 -1.082582
94.800000 -1.086007
94.850000 -1.051749
94.900000 -1.000361
94.950000 -0.924990
95.000000 -0.839343
95.050000 -0.746844
95.100000 -0.668049
95.150000 -0.620086
95.200000 -0.575550
95.250000 -0.537865
95.300000 -0.524161
95.350000 -0.541291
95.400000 -0.565272
95.450000 -0.599531
95.500000 -0.647493
95.550000 -0.702308
95.600000 -0.743418
95.650000 -0.760548
95.700000 -0.743419
95.750000 -0.698882
95.800000 -0.640642
95.850000 -0.582401
95.900000 -0.534439
95.950000 -0.493329
96.000000 -0.452218
96.050000 -0.438514
96.100000 -0.469347
96.150000 -0.534439
96.200000 -0.609809
96.250000 -0.695456
96.300000 -0.808510
96.350000 -0.931842
96.400000 -1.041471
96.450000 -1.109989
96.500000 -1.144248
96.550000 -1.161377
96.600000 -1.140822
96.650000 -1.055174
96.700000 -0.955824
96.750000 -0.880454
96.800000 -0.801659
96.850000 -0.719437
96.900000 -0.681752
96.950000 -0.674900
97.000000 -0.654345
97.050000 -0.644068
97.100000 -0.671474
97.150000 -0.716011
97.200000 -0.729715
97.250000 -0.716011
97.300000 -0.702308
97.350000 -0.688604
97.400000 -0.633790
97.450000 -0.565272
97.500000 -0.524162
97.550000 -0.486477
97.600000 -0.445366
97.650000 -0.435088
97.700000 -0.445366
97.750000 -0.465922
97.800000 -0.496754
97.850000 -0.527587
97.900000 -0.537865
97.950000 -0.554995
98.000000 -0.592679
98.050000 -0.613234
98.100000 -0.602956
98.150000 -0.575549
98.200000 -0.537865
98.250000 -0.496754
98.300000 -0.489902
98.350000 -0.496755
98.400000 -0.489902
98.450000 -0.489902
98.500000 -0.524161
98.550000 -0.565272
98.600000 -0.589254
98.650000 -0.609809
98.700000 -0.657771
98.750000 -0.695456
98.800000 -0.685178
98.850000 -0.668049
98.900000 -0.671475
98.950000 -0.671474
99.000000 -0.654345
99.050000 -0.664623
99.100000 -0.716011
99.150000 -0.770825
99.200000 -0.829066
99.250000 -0.911287
99.300000 -1.038045
99.350000 -1.157951
99.400000 -1.260728
99.450000 -1.360079
99.500000 -1.466282
99.550000 -1.541651
99.600000 -1.582762
99.650000 -1.613595
99.700000 -1.658131
99.750000 -1.678686
99.800000 -1.675261
99.850000 -1.671835
99.900000 -1.654705
99.950000 -1.610169
100.000000 -1.562206
100.050000 -1.524521
100.100000 -1.479985
100.150000 -1.421745
100.200000 -1.349801
100.250000 -1.257302
100.300000 -1.161377
100.350000 -1.072304
100.400000 -0.976379
100.450000 -0.870176
100.500000 -0.794807
100.550000 -0.746845
100.600000 -0.712586
100.650000 -0.681752
100.700000 -0.661197
100.750000 -0.671474
100.800000 -0.692031
100.850000 -0.698882
100.900000 -0.729715
100.950000 -0.784529
101.000000 -0.794807
101.050000 -0.757122
101.100000 -0.726289
101.150000 -0.709160
101.200000 -0.654345
101.250000 -0.578976
101.300000 -0.517309
101.350000 -0.448792
101.400000 -0.380274
101.450000 -0.328886
101.500000 -0.284349
101.550000 -0.239813
101.600000 -0.202127
101.650000 -0.184998
101.700000 -0.191850
101.750000 -0.219257
101.800000 -0.243238
101.850000 -0.274072
101.900000 -0.342590
101.950000 -0.424810
102.000000 -0.500180
102.050000 -0.578976
102.100000 -0.678326
102.150000 -0.791381
102.200000 -0.907862
102.250000 -1.007212
102.300000 -1.058600
102.350000 -1.082582
102.400000 -1.103137
102.450000 -1.103137
102.500000 -1.079155
102.550000 -1.055174
102.600000 -1.041471
102.650000 -1.020916
102.700000 -1.014064
102.750000 -1.020916
102.800000 -1.007212
102.850000 -1.007212
102.900000 -1.038045
102.950000 -1.072304
103.000000 -1.082581
103.050000 -1.058600
103.100000 -1.024341
103.150000 -0.990083
103.200000 -0.952398
103.250000 -0.877028
103.300000 -0.784529
103.350000 -0.726289
103.400000 -0.702308
103.450000 -0.661197
103.500000 -0.637216
103.550000 -0.678327
103.600000 -0.719437
103.650000 -0.726289
103.700000 -0.746844
103.750000 -0.781104
103.800000 -0.794807
103.850000 -0.811936
103.900000 -0.849621
103.950000 -0.873602
104.000000 -0.873602
104.050000 -0.863325
104.100000 -0.853047
104.150000 -0.863324
104.200000 -0.887306
104.250000 -0.894157
104.300000 -0.897583
104.350000 -0.948972
104.400000 -1.017490
104.450000 -1.051749
104.500000 -1.086007
104.550000 -1.120266
104.600000 -1.127118
104.650000 -1.116840
104.700000 -1.120266
104.750000 -1.106562
104.800000 -1.075730
104.850000 -1.038045
104.900000 -0.996934
104.950000 -0.945546
105.000000 -0.880454
105.050000 -0.798233
105.100000 -0.716011
105.150000 -0.657771
105.200000 -0.602957
105.250000 -0.544717
105.300000 -0.507032
105.350000 -0.510458
105.400000 -0.524162
105.450000 -0.534440
105.500000 -0.551568
105.550000 -0.596105
105.600000 -0.664623
105.650000 -0.726289
105.700000 -0.770826
105.750000 -0.835918
105.800000 -0.904435
105.850000 -0.942120
105.900000 -0.955823
105.950000 -0.969527
106.000000 -0.945546
106.050000 -0.883880
106.100000 -0.856473
106.150000 -0.859899
106.200000 -0.849621
106.250000 -0.829066
106.300000 -0.842769
106.350000 -0.863325
106.400000 -0.859898
106.450000 -0.880454
106.500000 -0.942120
106.550000 -0.986657
106.600000 -0.983231
106.650000 -0.972953
106.700000 -0.979804
106.750000 -0.983230
106.800000 -0.952398
106.850000 -0.918139
106.900000 -0.901010
106.950000 -0.918139
107.000000 -0.972953
107.050000 -1.055174
107.100000 -1.151100
107.150000 -1.253876
107.200000 -1.346375
107.250000 -1.418319
107.300000 -1.462855
107.350000 -1.452578
107.400000 -1.390911
107.450000 -1.294986
107.500000 -1.161377
107.550000 -0.993509
107.600000 -0.805085
107.650000 -0.623513
107.700000 -0.476199
107.750000 -0.387126
107.800000 -0.342589
107.850000 -0.322034
107.900000 -0.369997
107.950000 -0.496755
108.000000 -0.620086
108.050000 -0.733140
108.100000 -0.901010
108.150000 -1.116841
108.200000 -1.274431
108.250000 -1.390912
108.300000 -1.545076
108.350000 -1.699242
108.400000 -1.778038
108.450000 -1.802019
108.500000 -1.829426
108.550000 -1.819148
108.600000 -1.719797
108.650000 -1.575910
108.700000 -1.442300
108.750000 -1.281283
108.800000 -1.065452
108.850000 -0.859899
108.900000 -0.709159
108.950000 -0.589253
109.000000 -0.496754
109.050000 -0.445366
109.100000 -0.441940
109.150000 -0.479625
109.200000 -0.561846
109.250000 -0.671475
109.300000 -0.798233
109.350000 -0.924991
109.400000 -1.027767
109.450000 -1.109989
109.500000 -1.192210
109.550000 -1.247024
109.600000 -1.250450
109.650000 -1.260727
109.700000 -1.281283
109.750000 -1.257302
109.800000 -1.195635
109.850000 -1.147673
109.900000 -1.116840
109.950000 -1.082581
110.000000 -1.038045
110.050000 -0.986657
110.100000 -0.959250
110.150000 -0.972953
110.200000 -0.983230
110.250000 -0.966101
110.300000 -0.948972
110.350000 -0.924991
110.400000 -0.880454
110.450000 -0.832492
110.500000 -0.794806
110.550000 -0.763974
110.600000 -0.746845
110.650000 -0.750271
110.700000 -0.777678
110.750000 -0.805084
110.800000 -0.839343
110.850000 -0.870176
110.900000 -0.907861
110.950000 -0.959249
111.000000 -1.007212
111.050000 -1.003786
111.100000 -0.959250
111.150000 -0.918139
111.200000 -0.870176
111.250000 -0.822214
111.300000 -0.801658
111.350000 -0.818788
111.400000 -0.856473
111.450000 -0.924991
111.500000 -1.034620
111.550000 -1.171655
111.600000 -1.305265
111.650000 -1.421745
111.700000 -1.524521
111.750000 -1.627298
111.800000 -1.688964
111.850000 -1.692390
111.900000 -1.658131
111.950000 -1.603317
112.000000 -1.521096
112.050000 -1.401189
112.100000 -1.267580
112.150000 -1.137396
112.200000 -1.031193
112.250000 -0.972953
112.300000 -0.921564
112.350000 -0.859898
112.400000 -0.815362
112.450000 -0.811937
112.500000 -0.839343
112.550000 -0.883880
112.600000 -0.928416
112.650000 -0.976379
112.700000 -1.020915
112.750000 -1.055174
112.800000 -1.068878
112.850000 -1.058600
112.900000 -1.038045
112.950000 -0.990083
113.000000 -0.931843
113.050000 -0.866750
113.100000 -0.815362
113.150000 -0.784530
113.200000 -0.767399
113.250000 -0.750270
113.300000 -0.757122
113.350000 -0.811936
113.400000 -0.870177
113.450000 -0.904435
113.500000 -0.952398
113.550000 -1.007212
113.600000 -1.034619
113.650000 -1.038045
113.700000 -1.044897
113.750000 -1.027767
113.800000 -0.969527
113.850000 -0.914713
113.900000 -0.870176
113.950000 -0.808511
114.000000 -0.753696
114.050000 -0.719437
114.100000 -0.712585
114.150000 -0.716012
114.200000 -0.726289
114.250000 -0.757122
114.300000 -0.842769
114.350000 -0.945546
114.400000 -1.007212
114.450000 -1.041471
114.500000 -1.089433
114.550000 -1.123692
114.600000 -1.109989
114.650000 -1.079155
114.700000 -1.051748
114.750000 -1.020916
114.800000 -0.993508
114.850000 -0.955823
114.900000 -0.887306
114.950000 -0.801659
115.000000 -0.739992
115.050000 -0.702307
115.100000 -0.664623
115.150000 -0.633790
115.200000 -0.613234
115.250000 -0.599531
115.300000 -0.613235
115.350000 -0.654345
115.400000 -0.702308
115.450000 -0.777677
115.500000 -0.890732
115.550000 -1.000360
115.600000 -1.065452
115.650000 -1.116840
115.700000 -1.164803
115.750000 -1.181933
115.800000 -1.157951
115.850000 -1.099711
115.900000 -1.031193
115.950000 -0.938694
116.000000 -0.811936
116.050000 -0.719437
116.100000 -0.698882
116.150000 -0.722864
116.200000 -0.729715
116.250000 -0.750271
116.300000 -0.835918
116.350000 -0.955823
116.400000 -1.058601
116.450000 -1.151100
116.500000 -1.247024
116.550000 -1.315542
116.600000 -1.336098
116.650000 -1.325820
116.700000 -1.284709
116.750000 -1.219617
116.800000 -1.120266
116.850000 -1.003787
116.900000 -0.907861
116.950000 -0.853047
117.000000 -0.791381
117.050000 -0.736567
117.100000 -0.729714
117.150000 -0.743418
117.200000 -0.729715
117.250000 -0.757122
117.300000 -0.859898
117.350000 -0.969528
117.400000 -1.041470
117.450000 -1.106563
117.500000 -1.178507
117.550000 -1.243598
117.600000 -1.301838
117.650000 -1.312116
117.700000 -1.274432
117.750000 -1.247025
117.800000 -1.236746
117.850000 -1.185358
117.900000 -1.120267
117.950000 -1.082582
118.000000 -1.038045
118.050000 -0.976379
118.100000 -0.931842
118.150000 -0.904435
118.200000 -0.849621
118.250000 -0.770826
118.300000 -0.712585
118.350000 -0.692031
118.400000 -0.695456
118.450000 -0.692030
118.500000 -0.685178
118.550000 -0.702308
118.600000 -0.743418
118.650000 -0.767400
118.700000 -0.801658
118.750000 -0.870176
118.800000 -0.924991
118.850000 -0.942120
118.900000 -0.986657
118.950000 -1.051749
119.000000 -1.075730
119.050000 -1.068878
119.100000 -1.079155
119.150000 -1.079156
119.200000 -1.048323
119.250000 -1.020915
119.300000 -1.003786
119.350000 -0.979805
119.400000 -0.948972
119.450000 -0.914713
119.500000 -0.859898
119.550000 -0.808510
119.600000 -0.763973
119.650000 -0.719438
119.700000 -0.674901
119.750000 -0.640642
119.800000 -0.609809
119.850000 -0.575549
119.900000 -0.544717
119.950000 -0.496754
120.000000 -0.428236
120.050000 -0.363144
120.100000 -0.308331
120.150000 -0.256942
120.200000 -0.219257
120.250000 -0.195276
120.300000 -0.195276
120.350000 -0.226109
120.400000 -0.270646
120.450000 -0.322034
120.500000 -0.424811
120.550000 -0.578976
120.600000 -0.726289
120.650000 -0.846196
120.700000 -0.990083
120.750000 -1.151100
120.800000 -1.260727
120.850000 -1.339524
120.900000 -1.425170
120.950000 -1.479985
121.000000 -1.486836
121.050000 -1.479985
121.100000 -1.476558
121.150000 -1.469707
121.200000 -1.469708
121.250000 -1.452578
121.300000 -1.401189
121.350000 -1.322394
121.400000 -1.253876
121.450000 -1.164803
121.500000 -1.044896
121.550000 -0.931842
121.600000 -0.818788
121.650000 -0.688604
121.700000 -0.572124
121.750000 -0.476199
121.800000 -0.397404
121.850000 -0.335737
121.900000 -0.304904
121.950000 -0.298052
122.000000 -0.325460
122.050000 -0.376849
122.100000 -0.428236
122.150000 -0.455644
122.200000 -0.462496
122.250000 -0.459070
122.300000 -0.445366
122.350000 -0.435088
122.400000 -0.404255
122.450000 -0.356293
122.500000 -0.342590
122.550000 -0.373423
122.600000 -0.393978
122.650000 -0.421385
122.700000 -0.496754
122.750000 -0.616661
122.800000 -0.746844
122.850000 -0.853047
122.900000 -0.938694
122.950000 -1.014063
123.000000 -1.086008
123.050000 -1.116841
123.100000 -1.082582
123.150000 -1.027767
123.200000 -0.945546
123.250000 -0.818788
123.300000 -0.698882
123.350000 -0.633790
123.400000 -0.609809
123.450000 -0.609809
123.500000 -0.637216
123.550000 -0.688604
123.600000 -0.767400
123.650000 -0.883880
123.700000 -1.017490
123.750000 -1.137396
123.800000 -1.243599
123.850000 -1.301838
123.900000 -1.294987
123.950000 -1.260728
124.000000 -1.188785
124.050000 -1.065452
124.100000 -0.911287
124.150000 -0.767400
124.200000 -0.640641
124.250000 -0.541291
124.300000 -0.489903
124.350000 -0.486477
124.400000 -0.507032
124.450000 -0.551569
124.500000 -0.633790
124.550000 -0.743419
124.600000 -0.829065
124.650000 -0.859899
124.700000 -0.866751
124.750000 -0.890731
124.800000 -0.883880
124.850000 -0.815362
124.900000 -0.736567
124.950000 -0.692030
125.000000 -0.678326
125.050000 -0.678326
125.100000 -0.712586
125.150000 -0.777677
125.200000 -0.842769
125.250000 -0.924991
125.300000 -1.034619
125.350000 -1.144247
125.400000 -1.223043
125.450000 -1.281284
125.500000 -1.322394
125.550000 -1.336098
125.600000 -1.329246
125.650000 -1.294987
125.700000 -1.250450
125.750000 -1.229895
125.800000 -1.199062
125.850000 -1.133970
125.900000 -1.072304
125.950000 -1.027767
126.000000 -0.948972
126.050000 -0.825639
126.100000 -0.726289
126.150000 -0.661197
126.200000 -0.585827
126.250000 -0.520735
126.300000 -0.510458
126.350000 -0.503606
126.400000 -0.496754
126.450000 -0.534439
126.500000 -0.613235
126.550000 -0.678326
126.600000 -0.743419
126.650000 -0.818788
126.700000 -0.894157
126.750000 -0.955823
126.800000 -0.996934
126.850000 -1.010638
126.900000 -0.996934
126.950000 -0.972953
127.000000 -0.945546
127.050000 -0.928416
127.100000 -0.914713
127.150000 -0.894157
127.200000 -0.863325
127.250000 -0.832492
127.300000 -0.829065
127.350000 -0.846196
127.400000 -0.849621
127.450000 -0.818788
127.500000 -0.791381
127.550000 -0.791380
127.600000 -0.787955
127.650000 -0.763974
127.700000 -0.746844
127.750000 -0.746844
127.800000 -0.757122
127.850000 -0.763973
127.900000 -0.763974
127.950000 -0.753696
128.000000 -0.750271
128.050000 -0.763973
128.100000 -0.774251
128.150000 -0.787955
128.200000 -0.808510
128.250000 -0.818788
128.300000 -0.818788
128.350000 -0.822214
128.400000 -0.818788
128.450000 -0.784530
128.500000 -0.736566
128.550000 -0.709160
128.600000 -0.685178
128.650000 -0.664623
128.700000 -0.678327
128.750000 -0.739992
128.800000 -0.815362
128.850000 -0.887306
128.900000 -0.996934
128.950000 -1.147674
129.000000 -1.271006
129.050000 -1.353227
129.100000 -1.411467
129.150000 -1.445726
129.200000 -1.425171
129.250000 -1.349801
129.300000 -1.240173
129.350000 -1.103137
129.400000 -0.955823
129.450000 -0.818788
129.500000 -0.671475
129.550000 -0.534439
129.600000 -0.438514
129.650000 -0.373423
129.700000 -0.301478
129.750000 -0.239812
129.800000 -0.219257
129.850000 -0.205554
129.900000 -0.226109
129.950000 -0.287775
130.000000 -0.373423
130.050000 -0.448792
130.100000 -0.541291
130.150000 -0.647494
130.200000 -0.729715
130.250000 -0.791381
130.300000 -0.870176
130.350000 -0.938694
130.400000 -0.955823
130.450000 -0.942120
130.500000 -0.928417
130.550000 -0.914713
130.600000 -0.897584
130.650000 -0.873602
130.700000 -0.870176
130.750000 -0.887306
130.800000 -0.897583
130.850000 -0.883880
130.900000 -0.873602
130.950000 -0.880454
131.000000 -0.859899
131.050000 -0.794807
131.100000 -0.726289
131.150000 -0.661197
131.200000 -0.613234
131.250000 -0.596105
131.300000 -0.585828
131.350000 -0.589253
131.400000 -0.637216
131.450000 -0.733140
131.500000 -0.829066
131.550000 -0.921565
131.600000 -1.041471
131.650000 -1.157951
131.700000 -1.216192
131.750000 -1.250450
131.800000 -1.257302
131.850000 -1.212765
131.900000 -1.140822
131.950000 -1.044896
132.000000 -0.924990
132.050000 -0.815362
132.100000 -0.753696
132.150000 -0.698882
132.200000 -0.650920
132.250000 -0.647493
132.300000 -0.688604
132.350000 -0.733141
132.400000 -0.770826
132.450000 -0.791380
132.500000 -0.791381
132.550000 -0.777677
132.600000 -0.736566
132.650000 -0.644067
132.700000 -0.537865
132.750000 -0.438514
132.800000 -0.335738
132.850000 -0.253516
132.900000 -0.256942
132.950000 -0.322034
133.000000 -0.393977
133.050000 -0.496755
133.100000 -0.654346
133.150000 -0.839343
133.200000 -1.020915
133.250000 -1.178507
133.300000 -1.322394
133.350000 -1.438874
133.400000 -1.500540
133.450000 -1.503966
133.500000 -1.493688
133.550000 -1.459430
133.600000 -1.366930
133.650000 -1.226469
133.700000 -1.106563
133.750000 -1.014064
133.800000 -0.931842
133.850000 -0.863324
133.900000 -0.805084
133.950000 -0.753696
134.000000 -0.722863
134.050000 -0.726289
134.100000 -0.719437
134.150000 -0.705734
134.200000 -0.722863
134.250000 -0.746845
134.300000 -0.750270
134.350000 -0.767400
134.400000 -0.808510
134.450000 -0.822214
134.500000 -0.811936
134.550000 -0.829066
134.600000 -0.842769
134.650000 -0.835917
134.700000 -0.863325
134.750000 -0.890732
134.800000 -0.846195
134.850000 -0.774251
134.900000 -0.743419
134.950000 -0.733141
135.000000 -0.709160
135.050000 -0.688605
135.100000 -0.674900
135.150000 -0.640642
135.200000 -0.602957
135.250000 -0.585828
135.300000 -0.582402
135.350000 -0.578975
135.400000 -0.551569
135.450000 -0.520735
135.500000 -0.517310
135.550000 -0.534439
135.600000 -0.534439
135.650000 -0.531013
135.700000 -0.568698
135.750000 -0.620086
135.800000 -0.661197
135.850000 -0.722863
135.900000 -0.811936
135.950000 -0.890731
136.000000 -0.942120
136.050000 -0.990082
136.100000 -1.034619
136.150000 -1.082581
136.200000 -1.106563
136.250000 -1.096285
136.300000 -1.103137
136.350000 -1.137396
136.400000 -1.164803
136.450000 -1.171655
136.500000 -1.195636
136.550000 -1.212766
136.600000 -1.195636
136.650000 -1.175081
136.700000 -1.175081
136.750000 -1.157951
136.800000 -1.109989
136.850000 -1.041471
136.900000 -0.983231
136.950000 -0.952397
137.000000 -0.911287
137.050000 -0.829066
137.100000 -0.767400
137.150000 -0.763974
137.200000 -0.767400
137.250000 -0.770826
137.300000 -0.825639
137.350000 -0.901010
137.400000 -0.942120
137.450000 -0.993508
137.500000 -1.082582
137.550000 -1.151099
137.600000 -1.151099
137.650000 -1.137395
137.700000 -1.130544
137.750000 -1.109988
137.800000 -1.055174
137.850000 -0.986657
137.900000 -0.931842
137.950000 -0.880454
138.000000 -0.794807
138.050000 -0.698882
138.100000 -0.626938
138.150000 -0.561847
138.200000 -0.479625
138.250000 -0.417959
138.300000 -0.387126
138.350000 -0.369996
138.400000 -0.352867
138.450000 -0.366571
138.500000 -0.421385
138.550000 -0.524161
138.600000 -0.671475
138.650000 -0.825640
138.700000 -0.972953
138.750000 -1.123693
138.800000 -1.260727
138.850000 -1.332672
138.900000 -1.339523
138.950000 -1.322393
139.000000 -1.267580
139.050000 -1.164803
139.100000 -1.048323
139.150000 -0.935269
139.200000 -0.818788
139.250000 -0.688604
139.300000 -0.565272
139.350000 -0.476199
139.400000 -0.397403
139.450000 -0.311756
139.500000 -0.263794
139.550000 -0.250091
139.600000 -0.236386
139.650000 -0.212406
139.700000 -0.205554
139.750000 -0.198702
139.800000 -0.161017
139.850000 -0.154165
139.900000 -0.191850
139.950000 -0.208979
140.000000 -0.198702
140.050000 -0.229535
140.100000 -0.287775
140.150000 -0.291201
140.200000 -0.287775
140.250000 -0.339164
140.300000 -0.407681
140.350000 -0.445366
140.400000 -0.479625
140.450000 -0.520735
140.500000 -0.558420
140.550000 -0.602957
140.600000 -0.616660
140.650000 -0.589254
140.700000 -0.572124
140.750000 -0.596106
140.800000 -0.602957
140.850000 -0.585827
140.900000 -0.599531
140.950000 -0.640642
141.000000 -0.668049
141.050000 -0.716011
141.100000 -0.781103
141.150000 -0.815363
141.200000 -0.818788
141.250000 -0.791381
141.300000 -0.757122
141.350000 -0.722863
141.400000 -0.657771
141.450000 -0.548142
141.500000 -0.424811
141.550000 -0.352867
141.600000 -0.318608
141.650000 -0.294627
141.700000 -0.284349
141.750000 -0.311756
141.800000 -0.376848
141.850000 -0.469348
141.900000 -0.582402
141.950000 -0.719437
142.000000 -0.839344
142.050000 -0.921565
142.100000 -0.976379
142.150000 -1.017489
142.200000 -1.017489
142.250000 -0.966101
142.300000 -0.887306
142.350000 -0.818788
142.400000 -0.736566
142.450000 -0.650920
142.500000 -0.596105
142.550000 -0.565272
142.600000 -0.520736
142.650000 -0.507032
142.700000 -0.537865
142.750000 -0.578976
142.800000 -0.633789
142.850000 -0.698882
142.900000 -0.739993
142.950000 -0.767400
143.000000 -0.791381
143.050000 -0.791381
143.100000 -0.777678
143.150000 -0.787955
143.200000 -0.801659
143.250000 -0.784529
143.300000 -0.791381
143.350000 -0.808510
143.400000 -0.787955
143.450000 -0.739992
143.500000 -0.736567
143.550000 -0.753697
143.600000 -0.719437
143.650000 -0.657771
143.700000 -0.613235
143.750000 -0.572124
143.800000 -0.507032
143.850000 -0.455644
143.900000 -0.435088
143.950000 -0.417959
144.000000 -0.387126
144.050000 -0.369997
144.100000 -0.390551
144.150000 -0.421384
144.200000 -0.455644
144.250000 -0.503607
144.300000 -0.575550
144.350000 -0.626938
144.400000 -0.661197
144.450000 -0.709160
144.500000 -0.781103
144.550000 -0.866751
144.600000 -0.955823
144.650000 -1.031193
144.700000 -1.109989
144.750000 -1.192210
144.800000 -1.260728
144.850000 -1.301839
144.900000 -1.339523
144.950000 -1.366931
145.000000 -1.349801
145.050000 -1.281284
145.100000 -1.202488
145.150000 -1.123692
145.200000 -1.048322
145.250000 -0.983230
145.300000 -0.931842
145.350000 -0.894158
145.400000 -0.880454
145.450000 -0.904435
145.500000 -0.935268
145.550000 -0.969527
145.600000 -1.020915
145.650000 -1.082582
145.700000 -1.123693
145.750000 -1.140822
145.800000 -1.120266
145.850000 -1.065452
145.900000 -1.010638
145.950000 -0.972953
146.000000 -0.945546
146.050000 -0.901009
146.100000 -0.877028
146.150000 -0.880454
146.200000 -0.890732
146.250000 -0.921564
146.300000 -0.996934
146.350000 -1.075730
146.400000 -1.147674
146.450000 -1.229895
146.500000 -1.284709
146.550000 -1.277857
146.600000 -1.247024
146.650000 -1.212766
146.700000 -1.157951
146.750000 -1.086008
146.800000 -1.003786
146.850000 -0.904435
146.900000 -0.805084
146.950000 -0.733141
147.000000 -0.674900
147.050000 -0.623512
147.100000 -0.609809
147.150000 -0.623512
147.200000 -0.633790
147.250000 -0.654346
147.300000 -0.716012
147.350000 -0.777678
147.400000 -0.770826
147.450000 -0.739992
147.500000 -0.739993
147.550000 -0.736566
147.600000 -0.681753
147.650000 -0.616661
147.700000 -0.568698
147.750000 -0.524162
147.800000 -0.469347
147.850000 -0.428236
147.900000 -0.397403
147.950000 -0.387126
148.000000 -0.397404
148.050000 -0.435088
148.100000 -0.493328
148.150000 -0.575550
148.200000 -0.674901
148.250000 -0.777678
148.300000 -0.877028
148.350000 -0.976379
148.400000 -1.051748
148.450000 -1.086008
148.500000 -1.106563
148.550000 -1.103136
148.600000 -1.055174
148.650000 -0.959250
148.700000 -0.839344
148.750000 -0.692030
148.800000 -0.534439
148.850000 -0.380274
148.900000 -0.246665
148.950000 -0.157591
149.000000 -0.130184
149.050000 -0.150740
149.100000 -0.215831
149.150000 -0.346015
149.200000 -0.527587
149.250000 -0.712585
149.300000 -0.877028
149.350000 -1.020915
149.400000 -1.147673
149.450000 -1.229894
149.500000 -1.267580
149.550000 -1.271006
149.600000 -1.240172
149.650000 -1.154525
149.700000 -1.038045
149.750000 -0.924990
149.800000 -0.808511
149.850000 -0.702308
149.900000 -0.630364
149.950000 -0.599531
150.000000 -0.582401
150.050000 -0.575550
150.100000 -0.585827
150.150000 -0.623513
150.200000 -0.671475
150.250000 -0.705734
150.300000 -0.729714
150.350000 -0.763974
150.400000 -0.794807
150.450000 -0.805084
150.500000 -0.801659
150.550000 -0.767400
150.600000 -0.685179
150.650000 -0.599531
150.700000 -0.524161
150.750000 -0.438514
150.800000 -0.328886
150.850000 -0.246665
150.900000 -0.232961
150.950000 -0.280924
151.000000 -0.339164
151.050000 -0.404256
151.100000 -0.541291
151.150000 -0.739993
151.200000 -0.928416
151.250000 -1.099711
151.300000 -1.312116
151.350000 -1.538225
151.400000 -1.699242
151.450000 -1.798593
151.500000 -1.870536
151.550000 -1.911647
151.600000 -1.904795
151.650000 -1.836278
151.700000 -1.706094
151.750000 -1.555354
151.800000 -1.425170
151.850000 -1.291561
151.900000 -1.130544
151.950000 -0.983231
152.000000 -0.911287
152.050000 -0.887306
152.100000 -0.873602
152.150000 -0.877029
152.200000 -0.897584
152.250000 -0.928417
152.300000 -0.966101
152.350000 -1.003786
152.400000 -1.007212
152.450000 -0.993508
152.500000 -0.993508
152.550000 -0.986657
152.600000 -0.945546
152.650000 -0.880454
152.700000 -0.818788
152.750000 -0.763974
152.800000 -0.709160
152.850000 -0.668048
152.900000 -0.630364
152.950000 -0.596105
153.000000 -0.551568
153.050000 -0.486477
153.100000 -0.435089
153.150000 -0.428237
153.200000 -0.421384
153.250000 -0.411107
153.300000 -0.441940
153.350000 -0.510458
153.400000 -0.585827
153.450000 -0.661197
153.500000 -0.743418
153.550000 -0.798233
153.600000 -0.815362
153.650000 -0.801659
153.700000 -0.746844
153.750000 -0.661197
153.800000 -0.578976
153.850000 -0.476199
153.900000 -0.373422
153.950000 -0.308330
154.000000 -0.267220
154.050000 -0.215831
154.100000 -0.188424
154.150000 -0.219257
154.200000 -0.263794
154.250000 -0.325459
154.300000 -0.404256
154.350000 -0.479625
154.400000 -0.531013
154.450000 -0.596105
154.500000 -0.688605
154.550000 -0.763974
154.600000 -0.815362
154.650000 -0.856473
154.700000 -0.901009
154.750000 -0.921565
154.800000 -0.921565
154.850000 -0.914713
154.900000 -0.863325
154.950000 -0.784529
155.000000 -0.729714
155.050000 -0.685179
155.100000 -0.620086
155.150000 -0.589254
155.200000 -0.578975
155.250000 -0.544716
155.300000 -0.513883
155.350000 -0.541291
155.400000 -0.589254
155.450000 -0.606383
155.500000 -0.630365
155.550000 -0.674901
155.600000 -0.729715
155.650000 -0.794807
155.700000 -0.853047
155.750000 -0.894157
155.800000 -0.928416
155.850000 -0.966101
155.900000 -0.986657
155.950000 -1.014064
156.000000 -1.062027
156.050000 -1.058600
156.100000 -0.996934
156.150000 -0.942120
156.200000 -0.866750
156.250000 -0.753696
156.300000 -0.664623
156.350000 -0.599531
156.400000 -0.486476
156.450000 -0.376848
156.500000 -0.346015
156.550000 -0.342589
156.600000 -0.318608
156.650000 -0.332312
156.700000 -0.393977
156.750000 -0.452218
156.800000 -0.517310
156.850000 -0.596105
156.900000 -0.674901
156.950000 -0.770826
157.000000 -0.863324
157.050000 -0.904435
157.100000 -0.914713
157.150000 -0.935268
157.200000 -0.959249
157.250000 -0.952398
157.300000 -0.938695
157.350000 -0.918139
157.400000 -0.883880
157.450000 -0.846195
157.500000 -0.818788
157.550000 -0.781103
157.600000 -0.739992
157.650000 -0.698882
157.700000 -0.637216
157.750000 -0.582401
157.800000 -0.554995
157.850000 -0.500180
157.900000 -0.424811
157.950000 -0.390552
158.000000 -0.376848
158.050000 -0.339163
158.100000 -0.339164
158.150000 -0.421385
158.200000 -0.510458
158.250000 -0.568698
158.300000 -0.640641
158.350000 -0.729715
158.400000 -0.787955
158.450000 -0.822214
158.500000 -0.825640
158.550000 -0.811937
158.600000 -0.801659
158.650000 -0.794807
158.700000 -0.777678
158.750000 -0.781104
158.800000 -0.805085
158.850000 -0.815362
158.900000 -0.853047
158.950000 -0.976379
159.000000 -1.127118
159.050000 -1.247024
159.100000 -1.346375
159.150000 -1.442300
159.200000 -1.490263
159.250000 -1.493688
159.300000 -1.456003
159.350000 -1.377208
159.400000 -1.267579
159.450000 -1.123693
159.500000 -0.955823
159.550000 -0.808510
159.600000 -0.716011
159.650000 -0.640642
159.700000 -0.592679
159.750000 -0.644067
159.800000 -0.750270
159.850000 -0.832492
159.900000 -0.935268
159.950000 -1.092860
160.000000 -1.202488
160.050000 -1.253876
160.100000 -1.315542
160.150000 -1.373782
160.200000 -1.373782
160.250000 -1.342949
160.300000 -1.305265
160.350000 -1.257302
160.400000 -1.209340
160.450000 -1.216191
160.500000 -1.236747
160.550000 -1.267580
160.600000 -1.318968
160.650000 -1.373783
160.700000 -1.414893
160.750000 -1.469707
160.800000 -1.517670
160.850000 -1.527947
160.900000 -1.541651
160.950000 -1.586187
161.000000 -1.586188
161.050000 -1.524522
161.100000 -1.473133
161.150000 -1.459430
161.200000 -1.421745
161.250000 -1.339524
161.300000 -1.257302
161.350000 -1.192210
161.400000 -1.113415
161.450000 -1.003786
161.500000 -0.901010
161.550000 -0.835918
161.600000 -0.791381
161.650000 -0.733141
161.700000 -0.705734
161.750000 -0.712586
161.800000 -0.716011
161.850000 -0.716012
161.900000 -0.746844
161.950000 -0.784529
162.000000 -0.808510
162.050000 -0.829066
162.100000 -0.866751
162.150000 -0.880454
162.200000 -0.863324
162.250000 -0.829065
162.300000 -0.794806
162.350000 -0.770826
162.400000 -0.743418
162.450000 -0.685178
162.500000 -0.630364
162.550000 -0.599531
162.600000 -0.578975
162.650000 -0.558421
162.700000 -0.575550
162.750000 -0.616660
162.800000 -0.647494
162.850000 -0.698882
162.900000 -0.815362
162.950000 -0.942120
163.000000 -1.014064
163.050000 -1.068878
163.100000 -1.161377
163.150000 -1.247024
163.200000 -1.288135
163.250000 -1.274431
163.300000 -1.219617
163.350000 -1.175081
163.400000 -1.161377
163.450000 -1.144248
163.500000 -1.127118
163.550000 -1.133970
163.600000 -1.123692
163.650000 -1.103137
163.700000 -1.116840
163.750000 -1.157951
163.800000 -1.168229
163.850000 -1.151100
163.900000 -1.157951
163.950000 -1.178507
164.000000 -1.181933
164.050000 -1.181932
164.100000 -1.195636
164.150000 -1.226469
164.200000 -1.267580
164.250000 -1.291561
164.300000 -1.294987
164.350000 -1.305264
164.400000 -1.294986
164.450000 -1.223043
164.500000 -1.151099
164.550000 -1.123693
164.600000 -1.072304
164.650000 -0.969527
164.700000 -0.894158
164.750000 -0.849621
164.800000 -0.787955
164.850000 -0.722863
164.900000 -0.698882
164.950000 -0.698882
165.000000 -0.688605
165.050000 -0.668048
165.100000 -0.644067
165.150000 -0.654345
165.200000 -0.678327
165.250000 -0.671475
165.300000 -0.640642
165.350000 -0.650920
165.400000 -0.688605
165.450000 -0.716011
165.500000 -0.763974
165.550000 -0.835918
165.600000 -0.897583
165.650000 -0.962675
165.700000 -1.027767
165.750000 -1.089433
165.800000 -1.151100
165.850000 -1.223043
165.900000 -1.267580
165.950000 -1.274431
166.000000 -1.260728
166.050000 -1.219617
166.100000 -1.151099
166.150000 -1.082582
166.200000 -1.020916
166.250000 -0.948971
166.300000 -0.901010
166.350000 -0.894158
166.400000 -0.887306
166.450000 -0.890732
166.500000 -0.942120
166.550000 -1.003786
166.600000 -1.038045
166.650000 -1.079155
166.700000 -1.147674
166.750000 -1.192210
166.800000 -1.205914
166.850000 -1.209340
166.900000 -1.199062
166.950000 -1.157951
167.000000 -1.113415
167.050000 -1.089433
167.100000 -1.089433
167.150000 -1.103137
167.200000 -1.123692
167.250000 -1.140822
167.300000 -1.168229
167.350000 -1.219617
167.400000 -1.277858
167.450000 -1.332671
167.500000 -1.387486
167.550000 -1.438874
167.600000 -1.473133
167.650000 -1.483411
167.700000 -1.473133
167.750000 -1.432022
167.800000 -1.366931
167.850000 -1.271005
167.900000 -1.151099
167.950000 -1.027768
168.000000 -0.911287
168.050000 -0.784529
168.100000 -0.671475
168.150000 -0.602957
168.200000 -0.565272
168.250000 -0.537865
168.300000 -0.561846
168.350000 -0.623512
168.400000 -0.681752
168.450000 -0.726289
168.500000 -0.781104
168.550000 -0.829066
168.600000 -0.835918
168.650000 -0.805084
168.700000 -0.770826
168.750000 -0.729715
168.800000 -0.668049
168.850000 -0.589254
168.900000 -0.551568
168.950000 -0.558420
169.000000 -0.548142
169.050000 -0.507032
169.100000 -0.489903
169.150000 -0.486477
169.200000 -0.469347
169.250000 -0.435088
169.300000 -0.380274
169.350000 -0.328885
169.400000 -0.280923
169.450000 -0.219257
169.500000 -0.130184
169.550000 -0.047962
169.600000 0.006851
169.650000 0.054814
169.700000 0.061666
169.750000 0.003425
169.800000 -0.092499
169.850000 -0.198702
169.900000 -0.373422
169.950000 -0.589253
170.000000 -0.770825
170.050000 -0.935269
170.100000 -1.106563
170.150000 -1.219617
170.200000 -1.247024
170.250000 -1.267580
170.300000 -1.267580
170.350000 -1.212766
170.400000 -1.144247
170.450000 -1.072304
170.500000 -0.990082
170.550000 -0.921564
170.600000 -0.883880
170.650000 -0.870177
170.700000 -0.907861
170.750000 -1.003786
170.800000 -1.068878
170.850000 -1.113414
170.900000 -1.199062
170.950000 -1.288135
171.000000 -1.308691
171.050000 -1.305264
171.100000 -1.315542
171.150000 -1.271005
171.200000 -1.181933
171.250000 -1.120266
171.300000 -1.058601
171.350000 -0.959250
171.400000 -0.863325
171.450000 -0.805084
171.500000 -0.746844
171.550000 -0.688605
171.600000 -0.644068
171.650000 -0.599531
171.700000 -0.558420
171.750000 -0.558421
171.800000 -0.582402
171.850000 -0.578976
171.900000 -0.582402
171.950000 -0.623512
172.000000 -0.664623
172.050000 -0.709159
172.100000 -0.787955
172.150000 -0.866751
172.200000 -0.911287
172.250000 -0.945546
172.300000 -1.000361
172.350000 -1.034619
172.400000 -1.003786
172.450000 -0.938694
172.500000 -0.883880
172.550000 -0.825640
172.600000 -0.705734
172.650000 -0.572124
172.700000 -0.486476
172.750000 -0.438514
172.800000 -0.393978
172.850000 -0.387126
172.900000 -0.435088
172.950000 -0.517310
173.000000 -0.602956
173.050000 -0.705734
173.100000 -0.832492
173.150000 -0.959250
173.200000 -1.072304
173.250000 -1.154526
173.300000 -1.212765
173.350000 -1.250450
173.400000 -1.260728
173.450000 -1.226469
173.500000 -1.178506
173.550000 -1.133970
173.600000 -1.075730
173.650000 -1.027768
173.700000 -1.020916
173.750000 -1.058600
173.800000 -1.113414
173.850000 -1.175081
173.900000 -1.267580
173.950000 -1.384060
174.000000 -1.483411
174.050000 -1.531373
174.100000 -1.545076
174.150000 -1.551929
174.200000 -1.521095
174.250000 -1.418319
174.300000 -1.281283
174.350000 -1.130544
174.400000 -0.948972
174.450000 -0.746844
174.500000 -0.589253
174.550000 -0.483050
174.600000 -0.411107
174.650000 -0.376848
174.700000 -0.421385
174.750000 -0.517310
174.800000 -0.637216
174.850000 -0.760548
174.900000 -0.931843
174.950000 -1.123692
175.000000 -1.257302
175.050000 -1.342949
175.100000 -1.408042
175.150000 -1.428597
175.200000 -1.387486
175.250000 -1.318968
175.300000 -1.236746
175.350000 -1.123693
175.400000 -0.993508
175.450000 -0.894158
175.500000 -0.822214
175.550000 -0.750270
175.600000 -0.685178
175.650000 -0.637216
175.700000 -0.620086
175.750000 -0.644067
175.800000 -0.685179
175.850000 -0.702308
175.900000 -0.685178
175.950000 -0.678326
176.000000 -0.685178
176.050000 -0.674901
176.100000 -0.640642
176.150000 -0.589253
176.200000 -0.513884
176.250000 -0.435089
176.300000 -0.376848
176.350000 -0.322034
176.400000 -0.260368
176.450000 -0.208980
176.500000 -0.181572
176.550000 -0.154165
176.600000 -0.123332
176.650000 -0.113054
176.700000 -0.130184
176.750000 -0.140462
176.800000 -0.130184
176.850000 -0.137036
176.900000 -0.195276
176.950000 -0.253517
177.000000 -0.274071
177.050000 -0.277497
177.100000 -0.277498
177.150000 -0.277497
177.200000 -0.277497
177.250000 -0.263794
177.300000 -0.256942
177.350000 -0.260368
177.400000 -0.256942
177.450000 -0.243239
177.500000 -0.232961
177.550000 -0.212405
177.600000 -0.167869
177.650000 -0.113055
177.700000 -0.071944
177.750000 -0.047962
177.800000 -0.023981
177.850000 0.006851
177.900000 0.017129
177.950000 -0.030833
178.000000 -0.123332
178.050000 -0.222683
178.100000 -0.352867
178.150000 -0.554995
178.200000 -0.781103
178.250000 -0.972953
178.300000 -1.164803
178.350000 -1.342949
178.400000 -1.459430
178.450000 -1.500540
178.500000 -1.524522
178.550000 -1.538225
178.600000 -1.483410
178.650000 -1.370356
178.700000 -1.253876
178.750000 -1.154525
178.800000 -1.034619
178.850000 -0.897583
178.900000 -0.784530
178.950000 -0.705734
179.000000 -0.650919
179.050000 -0.599531
179.100000 -0.572123
179.150000 -0.568698
179.200000 -0.565273
179.250000 -0.548143
179.300000 -0.554994
179.350000 -0.602956
179.400000 -0.654346
179.450000 -0.685179
179.500000 -0.709160
179.550000 -0.726289
179.600000 -0.719437
179.650000 -0.712586
179.700000 -0.716012
179.750000 -0.685178
179.800000 -0.626939
179.850000 -0.599531
179.900000 -0.599531
179.950000 -0.592679
180.000000 -0.585827
180.050000 -0.589254
180.100000 -0.578976
180.150000 -0.565272
180.200000 -0.575550
180.250000 -0.606382
180.300000 -0.647493
180.350000 -0.709160
180.400000 -0.774251
180.450000 -0.839344
180.500000 -0.918139
180.550000 -1.014063
180.600000 -1.120266
180.650000 -1.233321
180.700000 -1.346375
180.750000 -1.445726
180.800000 -1.527947
180.850000 -1.599891
180.900000 -1.644428
180.950000 -1.634149
181.000000 -1.575909
181.050000 -1.497115
181.100000 -1.401189
181.150000 -1.257302
181.200000 -1.082582
181.250000 -0.914713
181.300000 -0.757122
181.350000 -0.616661
181.400000 -0.524161
181.450000 -0.445366
181.500000 -0.383700
181.550000 -0.380274
181.600000 -0.404255
181.650000 -0.417958
181.700000 -0.445366
181.750000 -0.517310
181.800000 -0.596105
181.850000 -0.654345
181.900000 -0.705734
181.950000 -0.743418
182.000000 -0.763974
182.050000 -0.787955
182.100000 -0.805085
182.150000 -0.798233
182.200000 -0.763974
182.250000 -0.729715
182.300000 -0.705733
182.350000 -0.692030
182.400000 -0.674901
182.450000 -0.654346
182.500000 -0.654345
182.550000 -0.688604
182.600000 -0.739992
182.650000 -0.801658
182.700000 -0.859899
182.750000 -0.904436
182.800000 -0.938694
182.850000 -0.983231
182.900000 -1.044897
182.950000 -1.089433
183.000000 -1.127118
183.050000 -1.161377
183.100000 -1.209340
183.150000 -1.271005
183.200000 -1.325820
183.250000 -1.336097
183.300000 -1.349801
183.350000 -1.370357
183.400000 -1.346375
183.450000 -1.277857
183.500000 -1.212765
183.550000 -1.151099
183.600000 -1.048323
183.650000 -0.924991
183.700000 -0.811937
183.750000 -0.698882
183.800000 -0.589253
183.850000 -0.489903
183.900000 -0.400829
183.950000 -0.301478
184.000000 -0.202128
184.050000 -0.113054
184.100000 -0.044537
184.150000 0.023981
184.200000 0.095925
184.250000 0.164442
184.300000 0.198701
184.350000 0.198701
184.400000 0.178146
184.450000 0.116480
184.500000 -0.010278
184.550000 -0.137036
184.600000 -0.239812
184.650000 -0.342590
184.700000 -0.448792
184.750000 -0.503606
184.800000 -0.520736
184.850000 -0.537865
184.900000 -0.558420
184.950000 -0.537865
185.000000 -0.503607
185.050000 -0.476199
185.100000 -0.462496
185.150000 -0.455643
185.200000 -0.459070
185.250000 -0.476199
185.300000 -0.510458
185.350000 -0.561846
185.400000 -0.606383
185.450000 -0.637216
185.500000 -0.647494
185.550000 -0.637216
185.600000 -0.620087
185.650000 -0.582401
185.700000 -0.541291
185.750000 -0.510458
185.800000 -0.489902
185.850000 -0.448792
185.900000 -0.407681
185.950000 -0.407681
186.000000 -0.448792
186.050000 -0.486477
186.100000 -0.503606
186.150000 -0.551568
186.200000 -0.599531
186.250000 -0.620086
186.300000 -0.626938
186.350000 -0.640642
186.400000 -0.633790
186.450000 -0.602957
186.500000 -0.596105
186.550000 -0.616660
186.600000 -0.644067
186.650000 -0.688604
186.700000 -0.770826
186.750000 -0.880454
186.800000 -0.986657
186.850000 -1.072303
186.900000 -1.137396
186.950000 -1.192210
187.000000 -1.247024
187.050000 -1.267580
187.100000 -1.236747
187.150000 -1.195636
187.200000 -1.168229
187.250000 -1.127118
187.300000 -1.058600
187.350000 -1.007212
187.400000 -0.972953
187.450000 -0.935268
187.500000 -0.914713
187.550000 -0.914713
187.600000 -0.897584
187.650000 -0.880454
187.700000 -0.907861
187.750000 -0.948972
187.800000 -0.948972
187.850000 -0.945546
187.900000 -0.972953
187.950000 -0.986656
188.000000 -0.945546
188.050000 -0.870176
188.100000 -0.815362
188.150000 -0.777678
188.200000 -0.716011
188.250000 -0.644067
188.300000 -0.599531
188.350000 -0.585827
188.400000 -0.585828
188.450000 -0.620086
188.500000 -0.692030
188.550000 -0.733140
188.600000 -0.739992
188.650000 -0.750270
188.700000 -0.757122
188.750000 -0.719437
188.800000 -0.650919
188.850000 -0.572124
188.900000 -0.493329
