time[ns] Raw_signal[mV]
-11.100000 -0.209802
-11.050000 -0.220080
-11.000000 -0.292023
-10.950000 -0.408504
-10.900000 -0.518132
-10.850000 -0.620909
-10.800000 -0.720260
-10.750000 -0.785351
-10.700000 -0.840166
-10.650000 -0.864147
-10.600000 -0.792203
-10.550000 -0.662019
-10.500000 -0.555817
-10.450000 -0.422207
-10.400000 -0.213228
-10.350000 -0.035081
-10.300000 0.067695
-10.250000 0.163620
-10.200000 0.259545
-10.150000 0.290378
-10.100000 0.276674
-10.050000 0.262971
-10.000000 0.215009
-9.950000 0.153342
-9.900000 0.119084
-9.850000 0.098528
-9.800000 0.081398
-9.750000 0.088251
-9.700000 0.108806
-9.650000 0.098528
-9.600000 0.095103
-9.550000 0.108806
-9.500000 0.084824
-9.450000 0.036862
-9.400000 0.019732
-9.350000 0.036862
-9.300000 0.060844
-9.250000 0.108806
-9.200000 0.187602
-9.150000 0.290378
-9.100000 0.393154
-9.050000 0.492506
-9.000000 0.591856
-8.950000 0.674078
-8.900000 0.701485
-8.850000 0.660374
-8.800000 0.574727
-8.750000 0.444543
-8.700000 0.256119
-8.650000 0.057418
-8.600000 -0.096747
-8.550000 -0.226932
-8.500000 -0.350264
-8.450000 -0.425633
-8.400000 -0.456466
-8.350000 -0.446188
-8.300000 -0.391374
-8.250000 -0.309153
-8.200000 -0.237209
-8.150000 -0.172117
-8.100000 -0.107025
-8.050000 -0.072767
-8.000000 -0.079618
-7.950000 -0.096748
-7.900000 -0.141285
-7.850000 -0.206376
-7.800000 -0.244061
-7.750000 -0.261191
-7.700000 -0.302301
-7.650000 -0.339985
-7.600000 -0.326282
-7.550000 -0.309153
-7.500000 -0.305727
-7.450000 -0.274894
-7.400000 -0.223505
-7.350000 -0.196098
-7.300000 -0.196098
-7.250000 -0.199525
-7.200000 -0.226932
-7.150000 -0.285172
-7.100000 -0.353689
-7.050000 -0.425633
-7.000000 -0.504429
-6.950000 -0.569521
-6.900000 -0.634613
-6.850000 -0.686000
-6.800000 -0.675723
-6.750000 -0.600353
-6.700000 -0.518132
-6.650000 -0.418781
-6.600000 -0.257764
-6.550000 -0.093322
-6.500000 0.026585
-6.450000 0.149916
-6.400000 0.245841
-6.350000 0.245842
-6.300000 0.180750
-6.250000 0.081399
-6.200000 -0.069340
-6.150000 -0.268042
-6.100000 -0.487299
-6.050000 -0.713407
-6.000000 -0.888128
-5.950000 -0.987479
-5.900000 -1.049145
-5.850000 -1.076552
-5.800000 -0.990905
-5.750000 -0.802481
-5.700000 -0.586649
-5.650000 -0.353690
-5.600000 -0.089895
-5.550000 0.160194
-5.500000 0.352044
-5.450000 0.482228
-5.400000 0.564449
-5.350000 0.591857
-5.300000 0.540468
-5.250000 0.406858
-5.200000 0.225286
-5.150000 0.047140
-5.100000 -0.141284
-5.050000 -0.363967
-5.000000 -0.548965
-4.950000 -0.662019
-4.900000 -0.754518
-4.850000 -0.809332
-4.800000 -0.768222
-4.750000 -0.658593
-4.700000 -0.552391
-4.650000 -0.398226
-4.600000 -0.189247
-4.550000 -0.021378
-4.500000 0.064269
-4.450000 0.139638
-4.400000 0.232138
-4.350000 0.269823
-4.300000 0.232138
-4.250000 0.177323
-4.200000 0.153343
-4.150000 0.122509
-4.100000 0.077973
-4.050000 0.064269
-4.000000 0.112231
-3.950000 0.204731
-3.900000 0.314359
-3.850000 0.413710
-3.800000 0.499358
-3.750000 0.571301
-3.700000 0.626115
-3.650000 0.626115
-3.600000 0.557598
-3.550000 0.454821
-3.500000 0.334915
-3.450000 0.184175
-3.400000 0.009455
-3.350000 -0.124155
-3.300000 -0.209802
-3.250000 -0.322857
-3.200000 -0.483873
-3.150000 -0.531835
-3.100000 -0.432485
-3.050000 -0.401652
-3.000000 -0.439337
-2.950000 -0.326282
-2.900000 -0.124154
-2.850000 -0.065914
-2.800000 -0.089896
-2.750000 -0.045359
-2.700000 -0.065914
-2.650000 -0.141284
-2.600000 -0.055637
-2.550000 0.006029
-2.500000 -0.168691
-2.450000 -0.257764
-2.400000 -0.107026
-2.350000 -0.072767
-2.300000 -0.172117
-2.250000 -0.031656
-2.200000 0.197879
-2.150000 0.180749
-2.100000 0.197879
-2.050000 0.454821
-2.000000 0.557597
-1.950000 0.369174
-1.900000 0.225286
-1.850000 0.208156
-1.800000 0.167046
-1.750000 0.112232
-1.700000 -0.000822
-1.650000 -0.237209
-1.600000 -0.367393
-1.550000 -0.309153
-1.500000 -0.339986
-1.450000 -0.415355
-1.400000 -0.216653
-1.350000 0.077973
-1.300000 0.167046
-1.250000 0.228712
-1.200000 0.365747
-1.150000 0.365748
-1.100000 0.369173
-1.050000 0.523339
-1.000000 0.465098
-0.950000 0.081399
-0.900000 -0.131006
-0.850000 -0.124155
-0.800000 -0.298875
-0.750000 -0.528410
-0.700000 -0.528410
-0.650000 -0.538688
-0.600000 -0.655168
-0.550000 -0.603780
-0.500000 -0.415355
-0.450000 -0.339986
-0.400000 -0.268042
-0.350000 -0.079618
-0.300000 0.057417
-0.250000 0.081399
-0.200000 0.081399
-0.150000 0.023159
-0.100000 -0.134433
-0.050000 -0.305727
0.000000 -0.439336
0.050000 -0.552391
0.100000 -0.610631
0.150000 -0.662020
0.200000 -0.727112
0.250000 -0.651741
0.300000 -0.449615
0.350000 -0.363967
0.400000 -0.370818
0.450000 -0.199524
0.500000 0.064270
0.550000 0.153342
0.600000 0.132787
0.650000 0.149917
0.700000 0.125936
0.750000 0.019732
0.800000 -0.000822
0.850000 0.115657
0.900000 0.331489
0.950000 0.746021
1.000000 1.472310
1.050000 2.524058
1.100000 3.942377
1.150000 5.864301
1.200000 8.358348
1.250000 11.379984
1.300000 14.867544
1.350000 18.817592
1.400000 23.141070
1.450000 27.628982
1.500000 32.075786
1.550000 36.454074
1.600000 40.750143
1.650000 44.782409
1.700000 48.386454
1.750000 51.579378
1.800000 54.422871
1.850000 56.817568
1.900000 58.760048
1.950000 60.418178
2.000000 61.877608
2.050000 63.028708
2.100000 63.837208
2.150000 64.357948
2.200000 64.628598
2.250000 64.556648
2.300000 64.039338
2.350000 63.062968
2.400000 61.668628
2.450000 59.870028
2.500000 57.639778
2.550000 55.042958
2.600000 52.185758
2.650000 49.112738
2.700000 45.854718
2.750000 42.569288
2.800000 39.407188
2.850000 36.347878
2.900000 33.394748
2.950000 30.722558
3.000000 28.440918
3.050000 26.447053
3.100000 24.734106
3.150000 23.394576
3.200000 22.414777
3.250000 21.695341
3.300000 21.246544
3.350000 21.092382
3.400000 21.154053
3.450000 21.363025
3.500000 21.739874
3.550000 22.291444
3.600000 22.945794
3.650000 23.627540
3.700000 24.319571
3.750000 25.025303
3.800000 25.717335
3.850000 26.361397
3.900000 26.868435
3.950000 27.200747
4.000000 27.385747
4.050000 27.409728
4.100000 27.200747
4.150000 26.748525
4.200000 26.114742
4.250000 25.302803
4.300000 24.288738
4.350000 23.134217
4.400000 21.894041
4.450000 20.595631
4.500000 19.266387
4.550000 17.933716
4.600000 16.645581
4.650000 15.439659
4.700000 14.336531
4.750000 13.308760
4.800000 12.387193
4.850000 11.595819
4.900000 10.931196
4.950000 10.403605
5.000000 10.006206
5.050000 9.691021
5.100000 9.437505
5.150000 9.276485
5.200000 9.228529
5.250000 9.273062
5.300000 9.386121
5.350000 9.564265
5.400000 9.804079
5.450000 10.095272
5.500000 10.413889
5.550000 10.783877
5.600000 11.184709
5.650000 11.575263
5.700000 11.914427
5.750000 12.212476
5.800000 12.431737
5.850000 12.534505
5.900000 12.517381
5.950000 12.407749
6.000000 12.191918
6.050000 11.845908
6.100000 11.403964
6.150000 10.893506
6.200000 10.335086
6.250000 9.711573
6.300000 9.016121
6.350000 8.310387
6.400000 7.662894
6.450000 7.049659
6.500000 6.419296
6.550000 5.809487
6.600000 5.285326
6.650000 4.846812
6.700000 4.445983
6.750000 4.096542
6.800000 3.839601
6.850000 3.678583
6.900000 3.586085
6.950000 3.558677
7.000000 3.623769
7.050000 3.750527
7.100000 3.897840
7.150000 4.086264
7.200000 4.350058
7.250000 4.613852
7.300000 4.822831
7.350000 5.038662
7.400000 5.288752
7.450000 5.494305
7.500000 5.631340
7.550000 5.778654
7.600000 5.929393
7.650000 6.035596
7.700000 6.093835
7.750000 6.134946
7.800000 6.131521
7.850000 6.066429
7.900000 5.956801
7.950000 5.795783
8.000000 5.586805
8.050000 5.329863
8.100000 5.031810
8.150000 4.702924
8.200000 4.360335
8.250000 4.014320
8.300000 3.661454
8.350000 3.318865
8.400000 3.010534
8.450000 2.691927
8.500000 2.387023
8.550000 2.143785
8.600000 1.951934
8.650000 1.790918
8.700000 1.671012
8.750000 1.616197
8.800000 1.605920
8.850000 1.619623
8.900000 1.660734
8.950000 1.732678
9.000000 1.838881
9.050000 1.958786
9.100000 2.071841
9.150000 2.184895
9.200000 2.294524
9.250000 2.359616
9.300000 2.380171
9.350000 2.393874
9.400000 2.380171
9.450000 2.308227
9.500000 2.215728
9.550000 2.136933
9.600000 2.078693
9.650000 2.023879
9.700000 1.989619
9.750000 1.962213
9.800000 1.931379
9.850000 1.910824
9.900000 1.890268
9.950000 1.862861
10.000000 1.825177
10.050000 1.763511
10.100000 1.667586
10.150000 1.540828
10.200000 1.396940
10.250000 1.249628
10.300000 1.105739
10.350000 0.982408
10.400000 0.903613
10.450000 0.852224
10.500000 0.807688
10.550000 0.790558
10.600000 0.811114
10.650000 0.841946
10.700000 0.869353
10.750000 0.917316
10.800000 0.989259
10.850000 1.064629
10.900000 1.129721
10.950000 1.174257
11.000000 1.208516
11.050000 1.235924
11.100000 1.232498
11.150000 1.198238
11.200000 1.146851
11.250000 1.074906
11.300000 0.972130
11.350000 0.862501
11.400000 0.770002
11.450000 0.667226
11.500000 0.564449
11.550000 0.519913
11.600000 0.502783
11.650000 0.475376
11.700000 0.447969
11.750000 0.441117
11.800000 0.441117
11.850000 0.434266
11.900000 0.400006
11.950000 0.317785
12.000000 0.218434
12.050000 0.119083
12.100000 -0.021378
12.150000 -0.216654
12.200000 -0.381096
12.250000 -0.487299
12.300000 -0.555817
12.350000 -0.603780
12.400000 -0.586650
12.450000 -0.497576
12.500000 -0.357115
12.550000 -0.182395
12.600000 0.030010
12.650000 0.235564
12.700000 0.386303
12.750000 0.495931
12.800000 0.598708
12.850000 0.663800
12.900000 0.612412
12.950000 0.458247
13.000000 0.304081
13.050000 0.167046
13.100000 -0.021378
13.150000 -0.226931
13.200000 -0.374245
13.250000 -0.494151
13.300000 -0.620909
13.350000 -0.696278
13.400000 -0.716834
13.450000 -0.723685
13.500000 -0.699704
13.550000 -0.607205
13.600000 -0.507854
13.650000 -0.453040
13.700000 -0.415356
13.750000 -0.384522
13.800000 -0.377670
13.850000 -0.401651
13.900000 -0.439337
13.950000 -0.483874
14.000000 -0.501003
14.050000 -0.497576
14.100000 -0.504428
14.150000 -0.504428
14.200000 -0.442762
14.250000 -0.336560
14.300000 -0.213228
14.350000 -0.059062
14.400000 0.125935
14.450000 0.269823
14.500000 0.338340
14.550000 0.355470
14.600000 0.345193
14.650000 0.266396
14.700000 0.105380
14.750000 -0.089895
14.800000 -0.268042
14.850000 -0.435910
14.900000 -0.614057
14.950000 -0.757944
15.000000 -0.829888
15.050000 -0.843591
15.100000 -0.816185
15.150000 -0.751093
15.200000 -0.634612
15.250000 -0.501002
15.300000 -0.384522
15.350000 -0.257764
15.400000 -0.113877
15.450000 -0.011101
15.500000 0.026584
15.550000 0.047140
15.600000 0.060843
15.650000 0.047140
15.700000 0.012881
15.750000 -0.035082
15.800000 -0.100174
15.850000 -0.178969
15.900000 -0.261190
15.950000 -0.319430
16.000000 -0.363967
16.050000 -0.394800
16.100000 -0.418781
16.150000 -0.432485
16.200000 -0.377671
16.250000 -0.285172
16.300000 -0.216654
16.350000 -0.144710
16.400000 -0.024804
16.450000 0.105380
16.500000 0.194453
16.550000 0.266397
16.600000 0.324636
16.650000 0.341766
16.700000 0.314359
16.750000 0.266397
16.800000 0.187601
16.850000 0.088250
16.900000 0.006029
16.950000 -0.069341
17.000000 -0.154987
17.050000 -0.213228
17.100000 -0.250913
17.150000 -0.305726
17.200000 -0.360541
17.250000 -0.377671
17.300000 -0.387948
17.350000 -0.408503
17.400000 -0.405078
17.450000 -0.398226
17.500000 -0.411929
17.550000 -0.405078
17.600000 -0.381097
17.650000 -0.377671
17.700000 -0.363967
17.750000 -0.305727
17.800000 -0.254339
17.850000 -0.223505
17.900000 -0.213228
17.950000 -0.237209
18.000000 -0.278320
18.050000 -0.329709
18.100000 -0.405078
18.150000 -0.514706
18.200000 -0.614057
18.250000 -0.689427
18.300000 -0.781926
18.350000 -0.867573
18.400000 -0.898406
18.450000 -0.888128
18.500000 -0.853869
18.550000 -0.785352
18.600000 -0.689426
18.650000 -0.590075
18.700000 -0.470170
18.750000 -0.333134
18.800000 -0.244060
18.850000 -0.223505
18.900000 -0.237209
18.950000 -0.244061
19.000000 -0.261190
19.050000 -0.288598
19.100000 -0.319430
19.150000 -0.346837
19.200000 -0.357115
19.250000 -0.339986
19.300000 -0.305726
19.350000 -0.261190
19.400000 -0.216654
19.450000 -0.178969
19.500000 -0.141284
19.550000 -0.120729
19.600000 -0.144710
19.650000 -0.199524
19.700000 -0.281745
19.750000 -0.387948
19.800000 -0.518133
19.850000 -0.638039
19.900000 -0.747666
19.950000 -0.843592
20.000000 -0.905257
20.050000 -0.925812
20.100000 -0.936091
20.150000 -0.905258
20.200000 -0.805907
20.250000 -0.699704
20.300000 -0.620909
20.350000 -0.562669
20.400000 -0.504428
20.450000 -0.456466
20.500000 -0.422207
20.550000 -0.418782
20.600000 -0.456466
20.650000 -0.487299
20.700000 -0.511280
20.750000 -0.566095
20.800000 -0.614057
20.850000 -0.590076
20.900000 -0.552391
20.950000 -0.542113
21.000000 -0.518132
21.050000 -0.501002
21.100000 -0.511280
21.150000 -0.524984
21.200000 -0.535262
21.250000 -0.590076
21.300000 -0.658594
21.350000 -0.699704
21.400000 -0.713407
21.450000 -0.730537
21.500000 -0.761370
21.550000 -0.781925
21.600000 -0.778500
21.650000 -0.764796
21.700000 -0.761370
21.750000 -0.761370
21.800000 -0.747667
21.850000 -0.768222
21.900000 -0.836740
21.950000 -0.881276
22.000000 -0.877850
22.050000 -0.874424
22.100000 -0.888128
22.150000 -0.874425
22.200000 -0.816184
22.250000 -0.744240
22.300000 -0.672297
22.350000 -0.617483
22.400000 -0.579798
22.450000 -0.579798
22.500000 -0.631186
22.550000 -0.720259
22.600000 -0.805907
22.650000 -0.881276
22.700000 -0.984053
22.750000 -1.083404
22.800000 -1.124515
22.850000 -1.124515
22.900000 -1.124515
22.950000 -1.076552
23.000000 -0.963498
23.050000 -0.853869
23.100000 -0.778499
23.150000 -0.682575
23.200000 -0.566094
23.250000 -0.490724
23.300000 -0.442763
23.350000 -0.384522
23.400000 -0.346838
23.450000 -0.346837
23.500000 -0.360541
23.550000 -0.401651
23.600000 -0.480447
23.650000 -0.579798
23.700000 -0.716834
23.750000 -0.901832
23.800000 -1.069700
23.850000 -1.189606
23.900000 -1.357475
23.950000 -1.549325
24.000000 -1.665806
24.050000 -1.706916
24.100000 -1.717194
24.150000 -1.672657
24.200000 -1.556177
24.250000 -1.405438
24.300000 -1.220439
24.350000 -1.025163
24.400000 -0.836740
24.450000 -0.644890
24.500000 -0.463317
24.550000 -0.329708
24.600000 -0.261190
24.650000 -0.254338
24.700000 -0.319430
24.750000 -0.415355
24.800000 -0.501003
24.850000 -0.607205
24.900000 -0.747667
24.950000 -0.870999
25.000000 -0.963498
25.050000 -1.073126
25.100000 -1.158774
25.150000 -1.162200
25.200000 -1.145069
25.250000 -1.151922
25.300000 -1.134792
25.350000 -1.079978
25.400000 -1.021737
25.450000 -0.953221
25.500000 -0.857295
25.550000 -0.757945
25.600000 -0.668871
25.650000 -0.552391
25.700000 -0.459892
25.750000 -0.408504
25.800000 -0.381097
25.850000 -0.374245
25.900000 -0.422207
25.950000 -0.497577
26.000000 -0.552391
26.050000 -0.638038
26.100000 -0.785352
26.150000 -0.936090
26.200000 -1.038868
26.250000 -1.138218
26.300000 -1.254698
26.350000 -1.326642
26.400000 -1.333494
26.450000 -1.319791
26.500000 -1.309513
26.550000 -1.278679
26.600000 -1.203310
26.650000 -1.103959
26.700000 -1.032016
26.750000 -0.994331
26.800000 -0.953220
26.850000 -0.905257
26.900000 -0.888128
26.950000 -0.901832
27.000000 -0.925813
27.050000 -0.942943
27.100000 -0.984053
27.150000 -1.055997
27.200000 -1.134792
27.250000 -1.193032
27.300000 -1.234143
27.350000 -1.261551
27.400000 -1.244421
27.450000 -1.172477
27.500000 -1.079978
27.550000 -0.973776
27.600000 -0.853870
27.650000 -0.740815
27.700000 -0.624334
27.750000 -0.501003
27.800000 -0.429059
27.850000 -0.453040
27.900000 -0.535262
27.950000 -0.648316
28.000000 -0.788777
28.050000 -0.932665
28.100000 -1.086830
28.150000 -1.288958
28.200000 -1.456826
28.250000 -1.535622
28.300000 -1.556177
28.350000 -1.542473
28.400000 -1.453400
28.450000 -1.330068
28.500000 -1.223865
28.550000 -1.131366
28.600000 -1.049145
28.650000 -1.008035
28.700000 -1.011460
28.750000 -1.032015
28.800000 -1.066275
28.850000 -1.134793
28.900000 -1.223866
28.950000 -1.306086
29.000000 -1.357475
29.050000 -1.391734
29.100000 -1.425993
29.150000 -1.432845
29.200000 -1.405437
29.250000 -1.364327
29.300000 -1.336920
29.350000 -1.295809
29.400000 -1.230717
29.450000 -1.175903
29.500000 -1.158774
29.550000 -1.148496
29.600000 -1.110811
29.650000 -1.062849
29.700000 -1.052571
29.750000 -1.086830
29.800000 -1.103959
29.850000 -1.090255
29.900000 -1.121089
29.950000 -1.199884
30.000000 -1.261550
30.050000 -1.309513
30.100000 -1.408864
30.150000 -1.518492
30.200000 -1.580158
30.250000 -1.621269
30.300000 -1.710342
30.350000 -1.775434
30.400000 -1.768582
30.450000 -1.748026
30.500000 -1.772008
30.550000 -1.772008
30.600000 -1.713768
30.650000 -1.631546
30.700000 -1.545899
30.750000 -1.408863
30.800000 -1.223865
30.850000 -1.052571
30.900000 -0.894980
30.950000 -0.727111
31.000000 -0.590076
31.050000 -0.518132
31.100000 -0.511281
31.150000 -0.559243
31.200000 -0.686000
31.250000 -0.877850
31.300000 -1.107386
31.350000 -1.340346
31.400000 -1.552751
31.450000 -1.734323
31.500000 -1.871359
31.550000 -1.939876
31.600000 -1.902191
31.650000 -1.772008
31.700000 -1.621269
31.750000 -1.449975
31.800000 -1.247847
31.850000 -1.066275
31.900000 -0.946368
31.950000 -0.867573
32.000000 -0.809332
32.050000 -0.812758
32.100000 -0.860721
32.150000 -0.898406
32.200000 -0.918961
32.250000 -0.966924
32.300000 -1.032016
32.350000 -1.069700
32.400000 -1.086830
32.450000 -1.103959
32.500000 -1.103959
32.550000 -1.090256
32.600000 -1.086830
32.650000 -1.076553
32.700000 -1.049145
32.750000 -1.018312
32.800000 -0.984053
32.850000 -0.929239
32.900000 -0.915535
32.950000 -0.953220
33.000000 -0.973775
33.050000 -0.970350
33.100000 -1.028590
33.150000 -1.134792
33.200000 -1.223865
33.250000 -1.326642
33.300000 -1.487659
33.350000 -1.634972
33.400000 -1.751452
33.450000 -1.902191
33.500000 -2.028950
33.550000 -2.063209
33.600000 -2.056357
33.650000 -2.056356
33.700000 -2.008394
33.750000 -1.909043
33.800000 -1.795989
33.850000 -1.676083
33.900000 -1.545899
33.950000 -1.429419
34.000000 -1.306087
34.050000 -1.158774
34.100000 -1.038867
34.150000 -0.970349
34.200000 -0.912109
34.250000 -0.867573
34.300000 -0.857295
34.350000 -0.867573
34.400000 -0.867573
34.450000 -0.867573
34.500000 -0.881276
34.550000 -0.894980
34.600000 -0.905258
34.650000 -0.929239
34.700000 -0.966924
34.750000 -1.021738
34.800000 -1.076552
34.850000 -1.138218
34.900000 -1.220439
34.950000 -1.330068
35.000000 -1.432845
35.050000 -1.484233
35.100000 -1.521918
35.150000 -1.600713
35.200000 -1.672657
35.250000 -1.679509
35.300000 -1.662379
35.350000 -1.679509
35.400000 -1.713768
35.450000 -1.727471
35.500000 -1.730897
35.550000 -1.741175
35.600000 -1.754878
35.650000 -1.761730
35.700000 -1.761730
35.750000 -1.758304
35.800000 -1.727471
35.850000 -1.669231
35.900000 -1.621269
35.950000 -1.600713
36.000000 -1.583584
36.050000 -1.580158
36.100000 -1.607565
36.150000 -1.617843
36.200000 -1.600713
36.250000 -1.628120
36.300000 -1.682935
36.350000 -1.700064
36.400000 -1.679509
36.450000 -1.669231
36.500000 -1.648675
36.550000 -1.617843
36.600000 -1.607565
36.650000 -1.617843
36.700000 -1.617843
36.750000 -1.634972
36.800000 -1.689787
36.850000 -1.748027
36.900000 -1.785711
36.950000 -1.802841
37.000000 -1.792563
37.050000 -1.768582
37.100000 -1.727472
37.150000 -1.665805
37.200000 -1.590435
37.250000 -1.511641
37.300000 -1.446548
37.350000 -1.402011
37.400000 -1.374604
37.450000 -1.357475
37.500000 -1.367753
37.550000 -1.419141
37.600000 -1.470530
37.650000 -1.508214
37.700000 -1.573306
37.750000 -1.672657
37.800000 -1.724045
37.850000 -1.737748
37.900000 -1.765156
37.950000 -1.795989
38.000000 -1.778859
38.050000 -1.754878
38.100000 -1.761730
38.150000 -1.754879
38.200000 -1.703490
38.250000 -1.662379
38.300000 -1.679509
38.350000 -1.696638
38.400000 -1.669232
38.450000 -1.624695
38.500000 -1.628121
38.550000 -1.682934
38.600000 -1.734323
38.650000 -1.778859
38.700000 -1.867932
38.750000 -1.970709
38.800000 -2.022098
38.850000 -2.049505
38.900000 -2.087189
38.950000 -2.073486
39.000000 -1.977561
39.050000 -1.861080
39.100000 -1.737749
39.150000 -1.580158
39.200000 -1.439697
39.250000 -1.350623
39.300000 -1.288957
39.350000 -1.264976
39.400000 -1.306086
39.450000 -1.388308
39.500000 -1.501363
39.550000 -1.628120
39.600000 -1.730897
39.650000 -1.819971
39.700000 -1.919321
39.750000 -1.987839
39.800000 -1.984413
39.850000 -1.957006
39.900000 -1.943303
39.950000 -1.898766
40.000000 -1.813118
40.050000 -1.744600
40.100000 -1.689786
40.150000 -1.645250
40.200000 -1.600714
40.250000 -1.552751
40.300000 -1.487659
40.350000 -1.405437
40.400000 -1.288957
40.450000 -1.172477
40.500000 -1.083403
40.550000 -1.014886
40.600000 -0.929239
40.650000 -0.850444
40.700000 -0.823037
40.750000 -0.840166
40.800000 -0.867573
40.850000 -0.915535
40.900000 -0.990905
40.950000 -1.045719
41.000000 -1.076552
41.050000 -1.097107
41.100000 -1.117663
41.150000 -1.110811
41.200000 -1.073126
41.250000 -1.049145
41.300000 -1.069701
41.350000 -1.117663
41.400000 -1.162199
41.450000 -1.237569
41.500000 -1.357475
41.550000 -1.477381
41.600000 -1.576732
41.650000 -1.693212
41.700000 -1.813119
41.750000 -1.895340
41.800000 -1.926173
41.850000 -1.929599
41.900000 -1.891914
41.950000 -1.806267
42.000000 -1.689787
42.050000 -1.563028
42.100000 -1.429419
42.150000 -1.292383
42.200000 -1.169052
42.250000 -1.066275
42.300000 -0.997757
42.350000 -0.966924
42.400000 -0.956646
42.450000 -0.977201
42.500000 -1.066274
42.550000 -1.213588
42.600000 -1.378030
42.650000 -1.539047
42.700000 -1.693212
42.750000 -1.813119
42.800000 -1.878210
42.850000 -1.878210
42.900000 -1.840526
42.950000 -1.734323
43.000000 -1.569880
43.050000 -1.402012
43.100000 -1.247847
43.150000 -1.107385
43.200000 -0.984053
43.250000 -0.912110
43.300000 -0.894980
43.350000 -0.922387
43.400000 -0.984053
43.450000 -1.090256
43.500000 -1.220440
43.550000 -1.354049
43.600000 -1.470530
43.650000 -1.545899
43.700000 -1.597287
43.750000 -1.641824
43.800000 -1.665805
43.850000 -1.648676
43.900000 -1.621268
43.950000 -1.604139
44.000000 -1.566455
44.050000 -1.501362
44.100000 -1.429419
44.150000 -1.357475
44.200000 -1.268402
44.250000 -1.182755
44.300000 -1.110811
44.350000 -1.062849
44.400000 -1.032015
44.450000 -1.008034
44.500000 -0.990905
44.550000 -0.980627
44.600000 -0.977201
44.650000 -0.984053
44.700000 -1.004609
44.750000 -1.038868
44.800000 -1.062848
44.850000 -1.100533
44.900000 -1.172477
44.950000 -1.268402
45.000000 -1.347198
45.050000 -1.425993
45.100000 -1.515066
45.150000 -1.604139
45.200000 -1.672657
45.250000 -1.730897
45.300000 -1.782285
45.350000 -1.816545
45.400000 -1.809692
45.450000 -1.768582
45.500000 -1.717193
45.550000 -1.655527
45.600000 -1.569881
45.650000 -1.480807
45.700000 -1.419141
45.750000 -1.378030
45.800000 -1.323216
45.850000 -1.261550
45.900000 -1.210161
45.950000 -1.169051
46.000000 -1.138219
46.050000 -1.131366
46.100000 -1.162199
46.150000 -1.189607
46.200000 -1.193032
46.250000 -1.230717
46.300000 -1.319790
46.350000 -1.402012
46.400000 -1.453400
46.450000 -1.525343
46.500000 -1.597287
46.550000 -1.634972
46.600000 -1.652102
46.650000 -1.634973
46.700000 -1.580158
46.750000 -1.511641
46.800000 -1.446548
46.850000 -1.360901
46.900000 -1.282106
46.950000 -1.230718
47.000000 -1.175903
47.050000 -1.124515
47.100000 -1.138218
47.150000 -1.196458
47.200000 -1.240995
47.250000 -1.319790
47.300000 -1.460252
47.350000 -1.580158
47.400000 -1.641824
47.450000 -1.713767
47.500000 -1.782285
47.550000 -1.785712
47.600000 -1.748026
47.650000 -1.693212
47.700000 -1.607565
47.750000 -1.525344
47.800000 -1.449975
47.850000 -1.381456
47.900000 -1.354049
47.950000 -1.391734
48.000000 -1.456826
48.050000 -1.525343
48.100000 -1.624695
48.150000 -1.737749
48.200000 -1.819971
48.250000 -1.881637
48.300000 -1.929599
48.350000 -1.912469
48.400000 -1.826822
48.450000 -1.737749
48.500000 -1.652102
48.550000 -1.532195
48.600000 -1.415715
48.650000 -1.343772
48.700000 -1.292383
48.750000 -1.258124
48.800000 -1.264976
48.850000 -1.319790
48.900000 -1.381456
48.950000 -1.453400
49.000000 -1.545899
49.050000 -1.645250
49.100000 -1.730897
49.150000 -1.792563
49.200000 -1.809693
49.250000 -1.789137
49.300000 -1.765156
49.350000 -1.727471
49.400000 -1.631547
49.450000 -1.511640
49.500000 -1.432844
49.550000 -1.371178
49.600000 -1.292383
49.650000 -1.247846
49.700000 -1.268402
49.750000 -1.312939
49.800000 -1.347197
49.850000 -1.408864
49.900000 -1.521918
49.950000 -1.628120
50.000000 -1.682935
50.050000 -1.700064
50.100000 -1.717194
50.150000 -1.717194
50.200000 -1.672657
50.250000 -1.617843
50.300000 -1.556177
50.350000 -1.487659
50.400000 -1.419141
50.450000 -1.371178
50.500000 -1.333494
50.550000 -1.299235
50.600000 -1.261550
50.650000 -1.234143
50.700000 -1.234143
50.750000 -1.254699
50.800000 -1.264976
50.850000 -1.271827
50.900000 -1.309512
50.950000 -1.364327
51.000000 -1.419141
51.050000 -1.494511
51.100000 -1.580158
51.150000 -1.652102
51.200000 -1.717193
51.250000 -1.799415
51.300000 -1.881636
51.350000 -1.926173
51.400000 -1.919321
51.450000 -1.898765
51.500000 -1.885062
51.550000 -1.857655
51.600000 -1.799415
51.650000 -1.734323
51.700000 -1.696638
51.750000 -1.682935
51.800000 -1.689787
51.850000 -1.720619
51.900000 -1.754879
51.950000 -1.782285
52.000000 -1.792563
52.050000 -1.778859
52.100000 -1.761730
52.150000 -1.724045
52.200000 -1.638398
52.250000 -1.535622
52.300000 -1.422567
52.350000 -1.302661
52.400000 -1.172477
52.450000 -1.076552
52.500000 -1.014886
52.550000 -0.966924
52.600000 -0.939517
52.650000 -0.960072
52.700000 -1.025164
52.750000 -1.114237
52.800000 -1.186180
52.850000 -1.223866
52.900000 -1.261550
52.950000 -1.326642
53.000000 -1.374605
53.050000 -1.391734
53.100000 -1.446548
53.150000 -1.528769
53.200000 -1.563029
53.250000 -1.563028
53.300000 -1.597287
53.350000 -1.638398
53.400000 -1.610991
53.450000 -1.559603
53.500000 -1.521917
53.550000 -1.477381
53.600000 -1.391734
53.650000 -1.299235
53.700000 -1.220439
53.750000 -1.162200
53.800000 -1.117663
53.850000 -1.086830
53.900000 -1.079978
53.950000 -1.110811
54.000000 -1.162200
54.050000 -1.217013
54.100000 -1.285532
54.150000 -1.357475
54.200000 -1.381457
54.250000 -1.374604
54.300000 -1.381456
54.350000 -1.395160
54.400000 -1.388308
54.450000 -1.367753
54.500000 -1.360901
54.550000 -1.378030
54.600000 -1.415715
54.650000 -1.470529
54.700000 -1.539047
54.750000 -1.614417
54.800000 -1.679509
54.850000 -1.734323
54.900000 -1.799415
54.950000 -1.854229
55.000000 -1.854229
55.050000 -1.830248
55.100000 -1.837100
55.150000 -1.816545
55.200000 -1.744601
55.250000 -1.700065
55.300000 -1.689786
55.350000 -1.652102
55.400000 -1.610991
55.450000 -1.614417
55.500000 -1.634972
55.550000 -1.648676
55.600000 -1.679509
55.650000 -1.734323
55.700000 -1.813119
55.750000 -1.905617
55.800000 -1.974135
55.850000 -2.022098
55.900000 -2.083763
55.950000 -2.145429
56.000000 -2.162559
56.050000 -2.131726
56.100000 -2.080338
56.150000 -2.004968
56.200000 -1.909043
56.250000 -1.813119
56.300000 -1.696638
56.350000 -1.552751
56.400000 -1.425993
56.450000 -1.360901
56.500000 -1.333494
56.550000 -1.319790
56.600000 -1.357475
56.650000 -1.439697
56.700000 -1.542473
56.750000 -1.658954
56.800000 -1.792563
56.850000 -1.902192
56.900000 -1.991265
56.950000 -2.059783
57.000000 -2.070060
57.050000 -2.035801
57.100000 -1.987839
57.150000 -1.895340
57.200000 -1.737749
57.250000 -1.590436
57.300000 -1.494511
57.350000 -1.432844
57.400000 -1.408864
57.450000 -1.449974
57.500000 -1.515066
57.550000 -1.607565
57.600000 -1.734323
57.650000 -1.867933
57.700000 -1.994690
57.750000 -2.118023
57.800000 -2.207095
57.850000 -2.234502
57.900000 -2.220799
57.950000 -2.162560
58.000000 -2.028950
58.050000 -1.857656
58.100000 -1.700064
58.150000 -1.566454
58.200000 -1.436271
58.250000 -1.336920
58.300000 -1.292383
58.350000 -1.306086
58.400000 -1.347197
58.450000 -1.408864
58.500000 -1.491085
58.550000 -1.569881
58.600000 -1.600713
58.650000 -1.607565
58.700000 -1.610991
58.750000 -1.545899
58.800000 -1.391734
58.850000 -1.254698
58.900000 -1.179328
58.950000 -1.103959
59.000000 -1.004609
59.050000 -0.949795
59.100000 -0.936090
59.150000 -0.953220
59.200000 -1.008035
59.250000 -1.086830
59.300000 -1.189607
59.350000 -1.306087
59.400000 -1.408863
59.450000 -1.484233
59.500000 -1.566454
59.550000 -1.628120
59.600000 -1.610991
59.650000 -1.556177
59.700000 -1.528770
59.750000 -1.484233
59.800000 -1.398585
59.850000 -1.323216
59.900000 -1.285531
59.950000 -1.251273
60.000000 -1.227292
60.050000 -1.230717
60.100000 -1.230717
60.150000 -1.206736
60.200000 -1.217013
60.250000 -1.254698
60.300000 -1.275253
60.350000 -1.285532
60.400000 -1.285531
60.450000 -1.258124
60.500000 -1.237569
60.550000 -1.217014
60.600000 -1.148496
60.650000 -1.055997
60.700000 -0.997757
60.750000 -0.929239
60.800000 -0.833314
60.850000 -0.778500
60.900000 -0.764796
60.950000 -0.740815
61.000000 -0.730537
61.050000 -0.781926
61.100000 -0.898406
61.150000 -1.035442
61.200000 -1.189606
61.250000 -1.367753
61.300000 -1.576732
61.350000 -1.775433
61.400000 -1.909044
61.450000 -1.984413
61.500000 -2.035801
61.550000 -2.035802
61.600000 -1.939876
61.650000 -1.782285
61.700000 -1.600713
61.750000 -1.402012
61.800000 -1.189606
61.850000 -0.997756
61.900000 -0.836740
61.950000 -0.737389
62.000000 -0.723685
62.050000 -0.788777
62.100000 -0.915535
62.150000 -1.090256
62.200000 -1.282105
62.250000 -1.487659
62.300000 -1.696638
62.350000 -1.871358
62.400000 -1.984413
62.450000 -2.046079
62.500000 -2.059782
62.550000 -2.025524
62.600000 -1.963858
62.650000 -1.874785
62.700000 -1.789137
62.750000 -1.717194
62.800000 -1.634972
62.850000 -1.525344
62.900000 -1.470530
62.950000 -1.473955
63.000000 -1.446548
63.050000 -1.398586
63.100000 -1.395160
63.150000 -1.402011
63.200000 -1.357475
63.250000 -1.309512
63.300000 -1.275253
63.350000 -1.230717
63.400000 -1.196459
63.450000 -1.199885
63.500000 -1.234143
63.550000 -1.264976
63.600000 -1.306087
63.650000 -1.371179
63.700000 -1.473956
63.750000 -1.600713
63.800000 -1.689786
63.850000 -1.730898
63.900000 -1.809693
63.950000 -1.891914
64.000000 -1.891914
64.050000 -1.847378
64.100000 -1.837100
64.150000 -1.823396
64.200000 -1.758304
64.250000 -1.703490
64.300000 -1.679508
64.350000 -1.645250
64.400000 -1.600713
64.450000 -1.569880
64.500000 -1.549325
64.550000 -1.542473
64.600000 -1.552751
64.650000 -1.556177
64.700000 -1.569880
64.750000 -1.607566
64.800000 -1.638398
64.850000 -1.645249
64.900000 -1.669231
64.950000 -1.710342
65.000000 -1.720620
65.050000 -1.730897
65.100000 -1.765156
65.150000 -1.775434
65.200000 -1.734323
65.250000 -1.689787
65.300000 -1.648676
65.350000 -1.587010
65.400000 -1.518492
65.450000 -1.460252
65.500000 -1.398585
65.550000 -1.336920
65.600000 -1.275254
65.650000 -1.234143
65.700000 -1.223865
65.750000 -1.206736
65.800000 -1.165625
65.850000 -1.169051
65.900000 -1.237569
65.950000 -1.316365
66.000000 -1.388308
66.050000 -1.480807
66.100000 -1.583584
66.150000 -1.669231
66.200000 -1.720620
66.250000 -1.713768
66.300000 -1.689787
66.350000 -1.669231
66.400000 -1.614417
66.450000 -1.508215
66.500000 -1.429419
66.550000 -1.374605
66.600000 -1.285531
66.650000 -1.217013
66.700000 -1.210162
66.750000 -1.186181
66.800000 -1.134793
66.850000 -1.131367
66.900000 -1.158774
66.950000 -1.151921
67.000000 -1.141644
67.050000 -1.141644
67.100000 -1.114237
67.150000 -1.069700
67.200000 -1.042293
67.250000 -1.018312
67.300000 -0.980628
67.350000 -0.960072
67.400000 -0.953220
67.450000 -0.949794
67.500000 -0.939516
67.550000 -0.929239
67.600000 -0.942943
67.650000 -0.973775
67.700000 -1.014886
67.750000 -1.059422
67.800000 -1.121089
67.850000 -1.175903
67.900000 -1.206736
67.950000 -1.234143
68.000000 -1.278680
68.050000 -1.309512
68.100000 -1.319790
68.150000 -1.336920
68.200000 -1.357475
68.250000 -1.374604
68.300000 -1.395160
68.350000 -1.436270
68.400000 -1.484233
68.450000 -1.535622
68.500000 -1.604139
68.550000 -1.672657
68.600000 -1.713768
68.650000 -1.737749
68.700000 -1.758305
68.750000 -1.748027
68.800000 -1.689786
68.850000 -1.645250
68.900000 -1.631546
68.950000 -1.593861
69.000000 -1.504789
69.050000 -1.432844
69.100000 -1.422567
69.150000 -1.415715
69.200000 -1.354049
69.250000 -1.282106
69.300000 -1.240994
69.350000 -1.193032
69.400000 -1.107385
69.450000 -1.038868
69.500000 -0.980627
69.550000 -0.877851
69.600000 -0.768222
69.650000 -0.703130
69.700000 -0.662020
69.750000 -0.634613
69.800000 -0.631186
69.850000 -0.641464
69.900000 -0.658593
69.950000 -0.703130
70.000000 -0.747667
70.050000 -0.778500
70.100000 -0.833314
70.150000 -0.894980
70.200000 -0.905258
70.250000 -0.918961
70.300000 -0.956646
70.350000 -0.973775
70.400000 -0.977201
70.450000 -1.001182
70.500000 -1.018312
70.550000 -1.035441
70.600000 -1.097107
70.650000 -1.189607
70.700000 -1.302661
70.750000 -1.446548
70.800000 -1.583584
70.850000 -1.686361
70.900000 -1.789137
70.950000 -1.885062
71.000000 -1.912469
71.050000 -1.909043
71.100000 -1.939876
71.150000 -1.957006
71.200000 -1.909043
71.250000 -1.850803
71.300000 -1.816544
71.350000 -1.754878
71.400000 -1.662379
71.450000 -1.583584
71.500000 -1.521918
71.550000 -1.443122
71.600000 -1.354049
71.650000 -1.275254
71.700000 -1.189606
71.750000 -1.107385
71.800000 -1.035442
71.850000 -0.963497
71.900000 -0.915535
71.950000 -0.901832
72.000000 -0.908683
72.050000 -0.929239
72.100000 -0.984053
72.150000 -1.069701
72.200000 -1.165625
72.250000 -1.285532
72.300000 -1.425993
72.350000 -1.535621
72.400000 -1.628120
72.450000 -1.730897
72.500000 -1.823396
72.550000 -1.861081
72.600000 -1.840525
72.650000 -1.792563
72.700000 -1.724046
72.750000 -1.628121
72.800000 -1.494511
72.850000 -1.364327
72.900000 -1.278679
72.950000 -1.220440
73.000000 -1.172477
73.050000 -1.165626
73.100000 -1.217013
73.150000 -1.275254
73.200000 -1.340346
73.250000 -1.443122
73.300000 -1.566455
73.350000 -1.662379
73.400000 -1.713768
73.450000 -1.727472
73.500000 -1.717194
73.550000 -1.676083
73.600000 -1.576732
73.650000 -1.446548
73.700000 -1.350623
73.750000 -1.268402
73.800000 -1.162199
73.850000 -1.103959
73.900000 -1.114237
73.950000 -1.127941
74.000000 -1.155348
74.050000 -1.244421
74.100000 -1.360901
74.150000 -1.460252
74.200000 -1.563029
74.250000 -1.665805
74.300000 -1.744600
74.350000 -1.809692
74.400000 -1.864507
74.450000 -1.915895
74.500000 -1.950154
74.550000 -1.963858
74.600000 -1.960431
74.650000 -1.946728
74.700000 -1.953580
74.750000 -1.943303
74.800000 -1.881636
74.850000 -1.813119
74.900000 -1.772008
74.950000 -1.710342
75.000000 -1.604139
75.050000 -1.521918
75.100000 -1.484233
75.150000 -1.443122
75.200000 -1.412289
75.250000 -1.415715
75.300000 -1.432845
75.350000 -1.463678
75.400000 -1.504788
75.450000 -1.545899
75.500000 -1.569880
75.550000 -1.593862
75.600000 -1.590435
75.650000 -1.556177
75.700000 -1.515066
75.750000 -1.477382
75.800000 -1.422567
75.850000 -1.360901
75.900000 -1.323216
75.950000 -1.295809
76.000000 -1.285532
76.050000 -1.323216
76.100000 -1.381456
76.150000 -1.436271
76.200000 -1.494511
76.250000 -1.563029
76.300000 -1.614417
76.350000 -1.641824
76.400000 -1.624695
76.450000 -1.556176
76.500000 -1.467104
76.550000 -1.395160
76.600000 -1.302661
76.650000 -1.206736
76.700000 -1.151921
76.750000 -1.134793
76.800000 -1.131366
76.850000 -1.179329
76.900000 -1.275254
76.950000 -1.336919
77.000000 -1.367752
77.050000 -1.412289
77.100000 -1.446548
77.150000 -1.436271
77.200000 -1.398586
77.250000 -1.326642
77.300000 -1.230717
77.350000 -1.138218
77.400000 -1.038867
77.450000 -0.908684
77.500000 -0.799055
77.550000 -0.747667
77.600000 -0.706556
77.650000 -0.668871
77.700000 -0.689426
77.750000 -0.754518
77.800000 -0.809333
77.850000 -0.877850
77.900000 -0.960072
77.950000 -1.025164
78.000000 -1.086830
78.050000 -1.186180
78.100000 -1.285532
78.150000 -1.350623
78.200000 -1.381456
78.250000 -1.395159
78.300000 -1.398586
78.350000 -1.391734
78.400000 -1.326642
78.450000 -1.213588
78.500000 -1.110811
78.550000 -1.001182
78.600000 -0.870999
78.650000 -0.788777
78.700000 -0.771648
78.750000 -0.727112
78.800000 -0.658593
78.850000 -0.655168
78.900000 -0.699704
78.950000 -0.727111
79.000000 -0.764796
79.050000 -0.843591
79.100000 -0.929239
79.150000 -1.021737
79.200000 -1.141644
79.250000 -1.261550
79.300000 -1.360901
79.350000 -1.456826
79.400000 -1.528770
79.450000 -1.566454
79.500000 -1.563029
79.550000 -1.542473
79.600000 -1.491085
79.650000 -1.422567
79.700000 -1.340346
79.750000 -1.254698
79.800000 -1.151922
79.850000 -1.066275
79.900000 -1.011460
79.950000 -0.990905
80.000000 -0.980627
80.050000 -1.014886
80.100000 -1.093682
80.150000 -1.182755
80.200000 -1.244421
80.250000 -1.292384
80.300000 -1.343772
80.350000 -1.367753
80.400000 -1.343772
80.450000 -1.302661
80.500000 -1.271827
80.550000 -1.206736
80.600000 -1.110811
80.650000 -1.042293
80.700000 -0.994331
80.750000 -0.925813
80.800000 -0.860721
80.850000 -0.829888
80.900000 -0.812759
80.950000 -0.802481
81.000000 -0.802481
81.050000 -0.805907
81.100000 -0.816185
81.150000 -0.843591
81.200000 -0.864146
81.250000 -0.874424
81.300000 -0.898405
81.350000 -0.936090
81.400000 -0.946368
81.450000 -0.977201
81.500000 -1.066275
81.550000 -1.114236
81.600000 -1.117662
81.650000 -1.148496
81.700000 -1.220439
81.750000 -1.268402
81.800000 -1.306087
81.850000 -1.360901
81.900000 -1.402011
81.950000 -1.436271
82.000000 -1.460252
82.050000 -1.467104
82.100000 -1.470530
82.150000 -1.494510
82.200000 -1.511640
82.250000 -1.515066
82.300000 -1.549325
82.350000 -1.614416
82.400000 -1.652102
82.450000 -1.655528
82.500000 -1.676082
82.550000 -1.700064
82.600000 -1.669231
82.650000 -1.597287
82.700000 -1.549325
82.750000 -1.491085
82.800000 -1.378030
82.850000 -1.268402
82.900000 -1.206736
82.950000 -1.165625
83.000000 -1.110811
83.050000 -1.069700
83.100000 -1.086830
83.150000 -1.165625
83.200000 -1.268402
83.250000 -1.388308
83.300000 -1.542473
83.350000 -1.710341
83.400000 -1.837099
83.450000 -1.960432
83.500000 -2.087190
83.550000 -2.176263
83.600000 -2.196818
83.650000 -2.179689
83.700000 -2.118023
83.750000 -1.998117
83.800000 -1.867933
83.850000 -1.727471
83.900000 -1.569881
83.950000 -1.425993
84.000000 -1.302661
84.050000 -1.158774
84.100000 -1.038867
84.150000 -0.997757
84.200000 -0.980627
84.250000 -0.966924
84.300000 -1.021738
84.350000 -1.124515
84.400000 -1.189607
84.450000 -1.258124
84.500000 -1.350623
84.550000 -1.402012
84.600000 -1.408863
84.650000 -1.439697
84.700000 -1.477381
84.750000 -1.473955
84.800000 -1.456826
84.850000 -1.439696
84.900000 -1.436271
84.950000 -1.456826
85.000000 -1.477381
85.050000 -1.473955
85.100000 -1.480807
85.150000 -1.508214
85.200000 -1.515066
85.250000 -1.497936
85.300000 -1.480807
85.350000 -1.439697
85.400000 -1.354050
85.450000 -1.278680
85.500000 -1.220440
85.550000 -1.141644
85.600000 -1.055997
85.650000 -1.025164
85.700000 -1.059422
85.750000 -1.110811
85.800000 -1.158774
85.850000 -1.230717
85.900000 -1.326642
85.950000 -1.391734
86.000000 -1.405438
86.050000 -1.405438
86.100000 -1.402012
86.150000 -1.367753
86.200000 -1.295809
86.250000 -1.223866
86.300000 -1.162200
86.350000 -1.107385
86.400000 -1.090256
86.450000 -1.100533
86.500000 -1.127941
86.550000 -1.182755
86.600000 -1.264976
86.650000 -1.330068
86.700000 -1.378031
86.750000 -1.419141
86.800000 -1.405437
86.850000 -1.330068
86.900000 -1.264976
86.950000 -1.196458
87.000000 -1.059422
87.050000 -0.932664
87.100000 -0.881276
87.150000 -0.847017
87.200000 -0.816185
87.250000 -0.867573
87.300000 -1.011460
87.350000 -1.169051
87.400000 -1.309513
87.450000 -1.456826
87.500000 -1.614417
87.550000 -1.734323
87.600000 -1.778859
87.650000 -1.775434
87.700000 -1.734323
87.750000 -1.648676
87.800000 -1.525343
87.850000 -1.391734
87.900000 -1.261550
87.950000 -1.138218
88.000000 -1.066274
88.050000 -1.073126
88.100000 -1.127941
88.150000 -1.206736
88.200000 -1.330068
88.250000 -1.491085
88.300000 -1.648675
88.350000 -1.775434
88.400000 -1.891914
88.450000 -1.974136
88.500000 -1.984413
88.550000 -1.943302
88.600000 -1.885062
88.650000 -1.806267
88.700000 -1.696638
88.750000 -1.590436
88.800000 -1.491085
88.850000 -1.405437
88.900000 -1.343772
88.950000 -1.299235
89.000000 -1.268402
89.050000 -1.247846
89.100000 -1.247846
89.150000 -1.244421
89.200000 -1.227292
89.250000 -1.230717
89.300000 -1.264976
89.350000 -1.309512
89.400000 -1.340346
89.450000 -1.388308
89.500000 -1.460251
89.550000 -1.535621
89.600000 -1.552750
89.650000 -1.532195
89.700000 -1.528770
89.750000 -1.521918
89.800000 -1.443122
89.850000 -1.326642
89.900000 -1.261550
89.950000 -1.203310
90.000000 -1.103959
90.050000 -1.038867
90.100000 -1.045719
90.150000 -1.079978
90.200000 -1.100533
90.250000 -1.103959
90.300000 -1.114237
90.350000 -1.138218
90.400000 -1.138218
90.450000 -1.086830
90.500000 -1.021738
90.550000 -0.966923
90.600000 -0.881276
90.650000 -0.788778
90.700000 -0.754519
90.750000 -0.754519
90.800000 -0.761370
90.850000 -0.833314
90.900000 -0.977201
90.950000 -1.121089
91.000000 -1.240995
91.050000 -1.398585
91.100000 -1.580158
91.150000 -1.720620
91.200000 -1.795989
91.250000 -1.823396
91.300000 -1.806267
91.350000 -1.754878
91.400000 -1.652101
91.450000 -1.491085
91.500000 -1.336920
91.550000 -1.206736
91.600000 -1.086830
91.650000 -0.987479
91.700000 -0.956646
91.750000 -0.977201
91.800000 -1.028589
91.850000 -1.117663
91.900000 -1.258124
91.950000 -1.412289
92.000000 -1.566454
92.050000 -1.724045
92.100000 -1.854229
92.150000 -1.926173
92.200000 -1.933025
92.250000 -1.902192
92.300000 -1.891914
92.350000 -1.871359
92.400000 -1.785711
92.450000 -1.703490
92.500000 -1.689787
92.550000 -1.689786
92.600000 -1.662379
92.650000 -1.693212
92.700000 -1.782286
92.750000 -1.806267
92.800000 -1.813119
92.850000 -1.888488
92.900000 -1.974135
92.950000 -1.984413
93.000000 -1.994690
93.050000 -2.022097
93.100000 -2.011820
93.150000 -1.970709
93.200000 -1.936450
93.250000 -1.867933
93.300000 -1.778859
93.350000 -1.703490
93.400000 -1.597287
93.450000 -1.480807
93.500000 -1.412289
93.550000 -1.381456
93.600000 -1.319790
93.650000 -1.271828
93.700000 -1.295809
93.750000 -1.330068
93.800000 -1.347198
93.850000 -1.378031
93.900000 -1.443122
93.950000 -1.494511
94.000000 -1.518492
94.050000 -1.528770
94.100000 -1.566454
94.150000 -1.590436
94.200000 -1.566455
94.250000 -1.515066
94.300000 -1.494511
94.350000 -1.504788
94.400000 -1.494511
94.450000 -1.480807
94.500000 -1.497937
94.550000 -1.535621
94.600000 -1.563028
94.650000 -1.600713
94.700000 -1.658953
94.750000 -1.689787
94.800000 -1.706916
94.850000 -1.730897
94.900000 -1.737749
94.950000 -1.703490
95.000000 -1.624694
95.050000 -1.508214
95.100000 -1.381457
95.150000 -1.261551
95.200000 -1.131367
95.250000 -0.973775
95.300000 -0.843591
95.350000 -0.747667
95.400000 -0.655168
95.450000 -0.586649
95.500000 -0.583224
95.550000 -0.620908
95.600000 -0.668871
95.650000 -0.754519
95.700000 -0.870998
95.750000 -0.977202
95.800000 -1.049145
95.850000 -1.121088
95.900000 -1.179329
95.950000 -1.186180
96.000000 -1.121089
96.050000 -1.025164
96.100000 -0.946368
96.150000 -0.870999
96.200000 -0.768222
96.250000 -0.662019
96.300000 -0.607206
96.350000 -0.583224
96.400000 -0.559242
96.450000 -0.583224
96.500000 -0.675723
96.550000 -0.788777
96.600000 -0.915535
96.650000 -1.076552
96.700000 -1.244421
96.750000 -1.371179
96.800000 -1.477381
96.850000 -1.556177
96.900000 -1.600713
96.950000 -1.631547
97.000000 -1.655528
97.050000 -1.662379
97.100000 -1.669231
97.150000 -1.686360
97.200000 -1.648676
97.250000 -1.580158
97.300000 -1.563029
97.350000 -1.573306
97.400000 -1.535622
97.450000 -1.508215
97.500000 -1.542473
97.550000 -1.573307
97.600000 -1.559602
97.650000 -1.566454
97.700000 -1.587010
97.750000 -1.593861
97.800000 -1.593861
97.850000 -1.590436
97.900000 -1.563028
97.950000 -1.556177
98.000000 -1.552751
98.050000 -1.497937
98.100000 -1.443123
98.150000 -1.449974
98.200000 -1.460252
98.250000 -1.439697
98.300000 -1.456826
98.350000 -1.515066
98.400000 -1.556176
98.450000 -1.617843
98.500000 -1.710341
98.550000 -1.765156
98.600000 -1.782285
98.650000 -1.826822
98.700000 -1.878211
98.750000 -1.874785
98.800000 -1.843951
98.850000 -1.806267
98.900000 -1.748027
98.950000 -1.696638
99.000000 -1.658953
99.050000 -1.614417
99.100000 -1.569881
99.150000 -1.559603
99.200000 -1.525343
99.250000 -1.460252
99.300000 -1.436271
99.350000 -1.453400
99.400000 -1.422567
99.450000 -1.381456
99.500000 -1.384882
99.550000 -1.384882
99.600000 -1.343772
99.650000 -1.333494
99.700000 -1.357475
99.750000 -1.343772
99.800000 -1.302661
99.850000 -1.292383
99.900000 -1.299235
99.950000 -1.299235
100.000000 -1.288958
100.050000 -1.244421
100.100000 -1.199884
100.150000 -1.179328
100.200000 -1.162200
100.250000 -1.121089
100.300000 -1.076552
100.350000 -1.028590
100.400000 -0.960072
100.450000 -0.901832
100.500000 -0.860721
100.550000 -0.826462
100.600000 -0.788777
100.650000 -0.778500
100.700000 -0.812759
100.750000 -0.894980
100.800000 -0.977201
100.850000 -1.049145
100.900000 -1.155347
100.950000 -1.285531
101.000000 -1.374604
101.050000 -1.446549
101.100000 -1.559603
101.150000 -1.658953
101.200000 -1.665805
101.250000 -1.641824
101.300000 -1.655528
101.350000 -1.662379
101.400000 -1.631546
101.450000 -1.587009
101.500000 -1.532195
101.550000 -1.449974
101.600000 -1.374605
101.650000 -1.295809
101.700000 -1.189606
101.750000 -1.073126
101.800000 -0.966924
101.850000 -0.877851
101.900000 -0.809332
101.950000 -0.764797
102.000000 -0.733964
102.050000 -0.740815
102.100000 -0.785351
102.150000 -0.833314
102.200000 -0.877851
102.250000 -0.949794
102.300000 -1.045720
102.350000 -1.127941
102.400000 -1.186180
102.450000 -1.234143
102.500000 -1.261550
102.550000 -1.282106
102.600000 -1.312939
102.650000 -1.354050
102.700000 -1.412289
102.750000 -1.480808
102.800000 -1.504788
102.850000 -1.497936
102.900000 -1.504788
102.950000 -1.518492
103.000000 -1.491085
103.050000 -1.446548
103.100000 -1.408863
103.150000 -1.367753
103.200000 -1.333494
103.250000 -1.312938
103.300000 -1.285531
103.350000 -1.261550
103.400000 -1.275254
103.450000 -1.278680
103.500000 -1.261551
103.550000 -1.268402
103.600000 -1.271827
103.650000 -1.240995
103.700000 -1.217013
103.750000 -1.227292
103.800000 -1.213588
103.850000 -1.179329
103.900000 -1.182755
103.950000 -1.193032
104.000000 -1.169051
104.050000 -1.141644
104.100000 -1.141644
104.150000 -1.124514
104.200000 -1.079978
104.250000 -1.049145
104.300000 -1.042293
104.350000 -1.018312
104.400000 -0.990904
104.450000 -0.997756
104.500000 -1.059422
104.550000 -1.134792
104.600000 -1.189606
104.650000 -1.230717
104.700000 -1.299235
104.750000 -1.381457
104.800000 -1.436271
104.850000 -1.460252
104.900000 -1.494511
104.950000 -1.515066
105.000000 -1.473955
105.050000 -1.419141
105.100000 -1.405437
105.150000 -1.381457
105.200000 -1.326642
105.250000 -1.292384
105.300000 -1.288957
105.350000 -1.264976
105.400000 -1.227291
105.450000 -1.206736
105.500000 -1.206736
105.550000 -1.220440
105.600000 -1.217014
105.650000 -1.179329
105.700000 -1.175903
105.750000 -1.213588
105.800000 -1.217014
105.850000 -1.220439
105.900000 -1.264976
105.950000 -1.316364
106.000000 -1.347197
106.050000 -1.422567
106.100000 -1.549325
106.150000 -1.641824
106.200000 -1.679509
106.250000 -1.720619
106.300000 -1.761730
106.350000 -1.782286
106.400000 -1.754878
106.450000 -1.682934
106.500000 -1.614417
106.550000 -1.569880
106.600000 -1.497937
106.650000 -1.408864
106.700000 -1.374604
106.750000 -1.398585
106.800000 -1.425993
106.850000 -1.477381
106.900000 -1.573306
106.950000 -1.662379
107.000000 -1.696639
107.050000 -1.706916
107.100000 -1.700064
107.150000 -1.658954
107.200000 -1.549325
107.250000 -1.395159
107.300000 -1.247847
107.350000 -1.103959
107.400000 -0.949794
107.450000 -0.812759
107.500000 -0.747667
107.550000 -0.744241
107.600000 -0.771648
107.650000 -0.843591
107.700000 -0.984053
107.750000 -1.134792
107.800000 -1.247847
107.850000 -1.347198
107.900000 -1.449974
107.950000 -1.518492
108.000000 -1.549325
108.050000 -1.552751
108.100000 -1.549325
108.150000 -1.525344
108.200000 -1.463678
108.250000 -1.412289
108.300000 -1.432845
108.350000 -1.470530
108.400000 -1.463677
108.450000 -1.487659
108.500000 -1.604139
108.550000 -1.696638
108.600000 -1.734323
108.650000 -1.795989
108.700000 -1.867933
108.750000 -1.864507
108.800000 -1.799415
108.850000 -1.717193
108.900000 -1.593861
108.950000 -1.449974
109.000000 -1.323216
109.050000 -1.165625
109.100000 -0.994330
109.150000 -0.891555
109.200000 -0.853869
109.250000 -0.833314
109.300000 -0.853869
109.350000 -0.912109
109.400000 -0.953220
109.450000 -0.990905
109.500000 -1.066274
109.550000 -1.124515
109.600000 -1.117663
109.650000 -1.097107
109.700000 -1.103959
109.750000 -1.066275
109.800000 -0.963498
109.850000 -0.857295
109.900000 -0.785351
109.950000 -0.751093
110.000000 -0.716834
110.050000 -0.709982
110.100000 -0.764796
110.150000 -0.850443
110.200000 -0.908684
110.250000 -0.970350
110.300000 -1.069701
110.350000 -1.169051
110.400000 -1.237569
110.450000 -1.312939
110.500000 -1.388308
110.550000 -1.425993
110.600000 -1.456826
110.650000 -1.501362
110.700000 -1.542474
110.750000 -1.573306
110.800000 -1.597287
110.850000 -1.610991
110.900000 -1.621268
110.950000 -1.641824
111.000000 -1.652102
111.050000 -1.641824
111.100000 -1.621269
111.150000 -1.552751
111.200000 -1.432845
111.250000 -1.347198
111.300000 -1.309513
111.350000 -1.271828
111.400000 -1.210162
111.450000 -1.165626
111.500000 -1.134792
111.550000 -1.127940
111.600000 -1.134792
111.650000 -1.131366
111.700000 -1.121089
111.750000 -1.141644
111.800000 -1.151922
111.850000 -1.141644
111.900000 -1.151921
111.950000 -1.189607
112.000000 -1.210162
112.050000 -1.244421
112.100000 -1.354049
112.150000 -1.460252
112.200000 -1.518492
112.250000 -1.600714
112.300000 -1.703490
112.350000 -1.741175
112.400000 -1.720619
112.450000 -1.706916
112.500000 -1.672657
112.550000 -1.576732
112.600000 -1.463678
112.650000 -1.360901
112.700000 -1.234143
112.750000 -1.103959
112.800000 -0.994331
112.850000 -0.918961
112.900000 -0.867573
112.950000 -0.823037
113.000000 -0.778500
113.050000 -0.747666
113.100000 -0.754518
113.150000 -0.764796
113.200000 -0.744240
113.250000 -0.751092
113.300000 -0.792203
113.350000 -0.805906
113.400000 -0.792203
113.450000 -0.819610
113.500000 -0.894980
113.550000 -0.977202
113.600000 -1.090255
113.650000 -1.244421
113.700000 -1.408864
113.750000 -1.563029
113.800000 -1.710342
113.850000 -1.843951
113.900000 -1.963858
113.950000 -2.042654
114.000000 -2.039227
114.050000 -1.991265
114.100000 -1.926173
114.150000 -1.799415
114.200000 -1.604139
114.250000 -1.405438
114.300000 -1.237569
114.350000 -1.073126
114.400000 -0.908683
114.450000 -0.805906
114.500000 -0.771647
114.550000 -0.781926
114.600000 -0.809332
114.650000 -0.870998
114.700000 -0.987479
114.750000 -1.145070
114.800000 -1.299235
114.850000 -1.443123
114.900000 -1.576732
114.950000 -1.658954
115.000000 -1.682935
115.050000 -1.700064
115.100000 -1.706916
115.150000 -1.648676
115.200000 -1.542473
115.250000 -1.443122
115.300000 -1.357476
115.350000 -1.254698
115.400000 -1.148495
115.450000 -1.066274
115.500000 -1.028589
115.550000 -1.042293
115.600000 -1.090256
115.650000 -1.155348
115.700000 -1.268402
115.750000 -1.412289
115.800000 -1.549325
115.850000 -1.672657
115.900000 -1.799415
115.950000 -1.898766
116.000000 -1.943302
116.050000 -1.967284
116.100000 -1.957006
116.150000 -1.891914
116.200000 -1.795989
116.250000 -1.696638
116.300000 -1.566455
116.350000 -1.412290
116.400000 -1.295809
116.450000 -1.234143
116.500000 -1.210161
116.550000 -1.223865
116.600000 -1.268402
116.650000 -1.347197
116.700000 -1.484233
116.750000 -1.648676
116.800000 -1.765156
116.850000 -1.854229
116.900000 -1.960431
116.950000 -2.022098
117.000000 -1.991264
117.050000 -1.943302
117.100000 -1.895340
117.150000 -1.792564
117.200000 -1.641824
117.250000 -1.501362
117.300000 -1.374605
117.350000 -1.275254
117.400000 -1.199884
117.450000 -1.117662
117.500000 -1.052571
117.550000 -1.059423
117.600000 -1.083404
117.650000 -1.062848
117.700000 -1.052571
117.750000 -1.079978
117.800000 -1.079978
117.850000 -1.045719
117.900000 -1.014886
117.950000 -0.977201
118.000000 -0.912109
118.050000 -0.853869
118.100000 -0.833314
118.150000 -0.833314
118.200000 -0.857295
118.250000 -0.915535
118.300000 -0.973776
118.350000 -1.032015
118.400000 -1.121088
118.450000 -1.217013
118.500000 -1.285532
118.550000 -1.343771
118.600000 -1.408863
118.650000 -1.443122
118.700000 -1.480807
118.750000 -1.545899
118.800000 -1.566455
118.850000 -1.535621
118.900000 -1.532196
118.950000 -1.515066
119.000000 -1.429419
119.050000 -1.340346
119.100000 -1.271828
119.150000 -1.158773
119.200000 -1.001182
119.250000 -0.891554
119.300000 -0.812758
119.350000 -0.716833
119.400000 -0.620909
119.450000 -0.576372
119.500000 -0.590076
119.550000 -0.641464
119.600000 -0.733963
119.650000 -0.829888
119.700000 -0.925813
119.750000 -1.028589
119.800000 -1.127941
119.850000 -1.213588
119.900000 -1.285531
119.950000 -1.333494
120.000000 -1.357475
120.050000 -1.364327
120.100000 -1.343771
120.150000 -1.292383
120.200000 -1.234143
120.250000 -1.175903
120.300000 -1.117663
120.350000 -1.086830
120.400000 -1.066275
120.450000 -1.055997
120.500000 -1.076552
120.550000 -1.155347
120.600000 -1.237569
120.650000 -1.295809
120.700000 -1.360901
120.750000 -1.449974
120.800000 -1.532196
120.850000 -1.590436
120.900000 -1.641824
120.950000 -1.672657
121.000000 -1.662379
121.050000 -1.617843
121.100000 -1.569880
121.150000 -1.525344
121.200000 -1.487659
121.250000 -1.463678
121.300000 -1.439697
121.350000 -1.412290
121.400000 -1.391734
121.450000 -1.371179
121.500000 -1.336920
121.550000 -1.302661
121.600000 -1.258124
121.650000 -1.206736
121.700000 -1.175903
121.750000 -1.155347
121.800000 -1.121089
121.850000 -1.134792
121.900000 -1.220440
121.950000 -1.302661
122.000000 -1.364327
122.050000 -1.443122
122.100000 -1.566454
122.150000 -1.696638
122.200000 -1.799415
122.250000 -1.878211
122.300000 -1.929599
122.350000 -1.957006
122.400000 -1.943303
122.450000 -1.881636
122.500000 -1.809692
122.550000 -1.734323
122.600000 -1.634972
122.650000 -1.525343
122.700000 -1.456826
122.750000 -1.419141
122.800000 -1.374604
122.850000 -1.316364
122.900000 -1.288957
122.950000 -1.292383
123.000000 -1.282105
123.050000 -1.244421
123.100000 -1.196458
123.150000 -1.169051
123.200000 -1.114236
123.250000 -0.997757
123.300000 -0.877850
123.350000 -0.788778
123.400000 -0.682575
123.450000 -0.562668
123.500000 -0.511281
123.550000 -0.501003
123.600000 -0.497577
123.650000 -0.524984
123.700000 -0.610631
123.750000 -0.703130
123.800000 -0.761370
123.850000 -0.823036
123.900000 -0.908684
123.950000 -0.977201
124.000000 -1.025163
124.050000 -1.083404
124.100000 -1.158774
124.150000 -1.206736
124.200000 -1.227291
124.250000 -1.251272
124.300000 -1.275254
124.350000 -1.282105
124.400000 -1.264976
124.450000 -1.217014
124.500000 -1.169051
124.550000 -1.121088
124.600000 -1.045719
124.650000 -0.942942
124.700000 -0.847017
124.750000 -0.764796
124.800000 -0.699704
124.850000 -0.686001
124.900000 -0.744241
124.950000 -0.857295
125.000000 -0.987479
125.050000 -1.127941
125.100000 -1.282106
125.150000 -1.439697
125.200000 -1.552751
125.250000 -1.617843
125.300000 -1.672657
125.350000 -1.710341
125.400000 -1.672657
125.450000 -1.576732
125.500000 -1.480807
125.550000 -1.364326
125.600000 -1.206736
125.650000 -1.066274
125.700000 -0.956646
125.750000 -0.847017
125.800000 -0.744241
125.850000 -0.703130
125.900000 -0.696279
125.950000 -0.716833
126.000000 -0.771648
126.050000 -0.833314
126.100000 -0.894980
126.150000 -0.980628
126.200000 -1.062848
126.250000 -1.124515
126.300000 -1.199884
126.350000 -1.295809
126.400000 -1.357475
126.450000 -1.371179
126.500000 -1.388308
126.550000 -1.402012
126.600000 -1.388308
126.650000 -1.374605
126.700000 -1.357475
126.750000 -1.333494
126.800000 -1.326642
126.850000 -1.347198
126.900000 -1.381456
126.950000 -1.395160
127.000000 -1.395160
127.050000 -1.408863
127.100000 -1.463678
127.150000 -1.511640
127.200000 -1.508215
127.250000 -1.497936
127.300000 -1.539048
127.350000 -1.573306
127.400000 -1.545900
127.450000 -1.484233
127.500000 -1.419141
127.550000 -1.347197
127.600000 -1.261550
127.650000 -1.182754
127.700000 -1.103959
127.750000 -1.035441
127.800000 -1.014886
127.850000 -1.014886
127.900000 -1.014886
127.950000 -1.069700
128.000000 -1.155348
128.050000 -1.227292
128.100000 -1.316365
128.150000 -1.460252
128.200000 -1.580158
128.250000 -1.641824
128.300000 -1.706916
128.350000 -1.778860
128.400000 -1.785712
128.450000 -1.761731
128.500000 -1.751452
128.550000 -1.706915
128.600000 -1.600713
128.650000 -1.491085
128.700000 -1.405437
128.750000 -1.312939
128.800000 -1.213588
128.850000 -1.141644
128.900000 -1.103959
128.950000 -1.083404
129.000000 -1.086830
129.050000 -1.141644
129.100000 -1.244421
129.150000 -1.360901
129.200000 -1.460252
129.250000 -1.552751
129.300000 -1.645250
129.350000 -1.696638
129.400000 -1.706916
129.450000 -1.703490
129.500000 -1.689787
129.550000 -1.648676
129.600000 -1.576732
129.650000 -1.511641
129.700000 -1.439697
129.750000 -1.347198
129.800000 -1.240995
129.850000 -1.145070
129.900000 -1.066275
129.950000 -1.008034
130.000000 -0.963497
130.050000 -0.922387
130.100000 -0.881276
130.150000 -0.874425
130.200000 -0.915535
130.250000 -0.990905
130.300000 -1.079978
130.350000 -1.199884
130.400000 -1.326642
130.450000 -1.419141
130.500000 -1.487659
130.550000 -1.535622
130.600000 -1.515066
130.650000 -1.429419
130.700000 -1.330068
130.750000 -1.237569
130.800000 -1.107385
130.850000 -0.956646
130.900000 -0.857295
130.950000 -0.816184
131.000000 -0.799055
131.050000 -0.809333
131.100000 -0.867573
131.150000 -0.970349
131.200000 -1.076553
131.250000 -1.182754
131.300000 -1.271828
131.350000 -1.326642
131.400000 -1.354049
131.450000 -1.384882
131.500000 -1.405438
131.550000 -1.412290
131.600000 -1.432844
131.650000 -1.463677
131.700000 -1.497937
131.750000 -1.552750
131.800000 -1.607565
131.850000 -1.645250
131.900000 -1.700064
131.950000 -1.785711
132.000000 -1.833674
132.050000 -1.840525
132.100000 -1.854229
132.150000 -1.840525
132.200000 -1.758304
132.250000 -1.658953
132.300000 -1.563028
132.350000 -1.422567
132.400000 -1.258124
132.450000 -1.110811
132.500000 -0.960072
132.550000 -0.792204
132.600000 -0.644890
132.650000 -0.514706
132.700000 -0.391374
132.750000 -0.316004
132.800000 -0.281746
132.850000 -0.261190
132.900000 -0.302301
132.950000 -0.442762
133.000000 -0.596928
133.050000 -0.747667
133.100000 -0.977201
133.150000 -1.244420
133.200000 -1.453400
133.250000 -1.645250
133.300000 -1.867933
133.350000 -2.042653
133.400000 -2.118023
133.450000 -2.155708
133.500000 -2.172837
133.550000 -2.135152
133.600000 -2.035802
133.650000 -1.912470
133.700000 -1.778859
133.750000 -1.662379
133.800000 -1.535622
133.850000 -1.402012
133.900000 -1.309513
133.950000 -1.278680
134.000000 -1.230717
134.050000 -1.151922
134.100000 -1.103959
134.150000 -1.093682
134.200000 -1.062849
134.250000 -1.028590
134.300000 -1.004609
134.350000 -0.977201
134.400000 -0.946369
134.450000 -0.953220
134.500000 -0.977202
134.550000 -1.021738
134.600000 -1.103959
134.650000 -1.196458
134.700000 -1.288957
134.750000 -1.408864
134.800000 -1.542474
134.850000 -1.628120
134.900000 -1.700064
134.950000 -1.782285
135.000000 -1.819970
135.050000 -1.802841
135.100000 -1.775434
135.150000 -1.751452
135.200000 -1.700064
135.250000 -1.631546
135.300000 -1.573307
135.350000 -1.542473
135.400000 -1.508214
135.450000 -1.504789
135.500000 -1.566455
135.550000 -1.638398
135.600000 -1.679509
135.650000 -1.754878
135.700000 -1.871358
135.750000 -1.946728
135.800000 -1.967283
135.850000 -1.984413
135.900000 -1.980987
135.950000 -1.915895
136.000000 -1.809693
136.050000 -1.703490
136.100000 -1.576732
136.150000 -1.429419
136.200000 -1.288957
136.250000 -1.179329
136.300000 -1.103959
136.350000 -1.055996
136.400000 -1.018312
136.450000 -0.987479
136.500000 -0.994331
136.550000 -1.014887
136.600000 -1.028590
136.650000 -1.038868
136.700000 -1.083403
136.750000 -1.151922
136.800000 -1.230717
136.850000 -1.302661
136.900000 -1.360901
136.950000 -1.405437
137.000000 -1.432845
137.050000 -1.443122
137.100000 -1.419141
137.150000 -1.374605
137.200000 -1.295809
137.250000 -1.206736
137.300000 -1.124515
137.350000 -1.062848
137.400000 -1.001183
137.450000 -0.942943
137.500000 -0.925813
137.550000 -0.953220
137.600000 -0.994330
137.650000 -1.045720
137.700000 -1.124514
137.750000 -1.199884
137.800000 -1.261550
137.850000 -1.323216
137.900000 -1.367753
137.950000 -1.398586
138.000000 -1.439697
138.050000 -1.480807
138.100000 -1.508215
138.150000 -1.542473
138.200000 -1.587009
138.250000 -1.610991
138.300000 -1.614417
138.350000 -1.607565
138.400000 -1.559603
138.450000 -1.473956
138.500000 -1.391734
138.550000 -1.285531
138.600000 -1.148496
138.650000 -1.032016
138.700000 -0.942942
138.750000 -0.836740
138.800000 -0.737389
138.850000 -0.709982
138.900000 -0.730537
138.950000 -0.764797
139.000000 -0.826463
139.050000 -0.929239
139.100000 -1.045719
139.150000 -1.169051
139.200000 -1.278680
139.250000 -1.371178
139.300000 -1.456826
139.350000 -1.518492
139.400000 -1.528770
139.450000 -1.501362
139.500000 -1.463678
139.550000 -1.391734
139.600000 -1.264976
139.650000 -1.134793
139.700000 -1.052571
139.750000 -0.973775
139.800000 -0.867572
139.850000 -0.792203
139.900000 -0.785351
139.950000 -0.819610
140.000000 -0.843592
140.050000 -0.884702
140.100000 -0.994331
140.150000 -1.151921
140.200000 -1.251272
140.250000 -1.295809
140.300000 -1.364327
140.350000 -1.415715
140.400000 -1.384882
140.450000 -1.316364
140.500000 -1.261550
140.550000 -1.175903
140.600000 -1.045719
140.650000 -0.936090
140.700000 -0.853869
140.750000 -0.778499
140.800000 -0.740815
140.850000 -0.733963
140.900000 -0.723686
140.950000 -0.733963
141.000000 -0.809333
141.050000 -0.894980
141.100000 -0.966924
141.150000 -1.083404
141.200000 -1.217013
141.250000 -1.323217
141.300000 -1.432844
141.350000 -1.552751
141.400000 -1.631546
141.450000 -1.682934
141.500000 -1.748027
141.550000 -1.782285
141.600000 -1.758304
141.650000 -1.710342
141.700000 -1.652102
141.750000 -1.559602
141.800000 -1.477381
141.850000 -1.415715
141.900000 -1.336920
141.950000 -1.261551
142.000000 -1.220440
142.050000 -1.186180
142.100000 -1.172477
142.150000 -1.199884
142.200000 -1.210162
142.250000 -1.196459
142.300000 -1.210161
142.350000 -1.230718
142.400000 -1.189607
142.450000 -1.131367
142.500000 -1.073126
142.550000 -0.953220
142.600000 -0.805907
142.650000 -0.709981
142.700000 -0.644890
142.750000 -0.562668
142.800000 -0.511280
142.850000 -0.511280
142.900000 -0.521558
142.950000 -0.555816
143.000000 -0.648316
143.050000 -0.768222
143.100000 -0.915535
143.150000 -1.103959
143.200000 -1.292384
143.250000 -1.439696
143.300000 -1.593862
143.350000 -1.748026
143.400000 -1.850803
143.450000 -1.902192
143.500000 -1.915895
143.550000 -1.885062
143.600000 -1.806267
143.650000 -1.672657
143.700000 -1.501362
143.750000 -1.333494
143.800000 -1.203310
143.850000 -1.083403
143.900000 -0.987479
143.950000 -0.956646
144.000000 -0.953220
144.050000 -0.942942
144.100000 -0.970350
144.150000 -1.052570
144.200000 -1.114237
144.250000 -1.145070
144.300000 -1.172478
144.350000 -1.165625
144.400000 -1.107385
144.450000 -1.052571
144.500000 -1.004608
144.550000 -0.939516
144.600000 -0.877851
144.650000 -0.864146
144.700000 -0.870999
144.750000 -0.898406
144.800000 -0.966924
144.850000 -1.066274
144.900000 -1.193032
144.950000 -1.347198
145.000000 -1.467104
145.050000 -1.535621
145.100000 -1.614417
145.150000 -1.700064
145.200000 -1.734323
145.250000 -1.748027
145.300000 -1.772008
145.350000 -1.748027
145.400000 -1.669231
145.450000 -1.628121
145.500000 -1.593861
145.550000 -1.521918
145.600000 -1.453400
145.650000 -1.412290
145.700000 -1.354049
145.750000 -1.285531
145.800000 -1.251273
145.850000 -1.223865
145.900000 -1.182755
145.950000 -1.158773
146.000000 -1.121088
146.050000 -1.083404
146.100000 -1.079978
146.150000 -1.097108
146.200000 -1.097107
146.250000 -1.100533
146.300000 -1.169051
146.350000 -1.264976
146.400000 -1.350624
146.450000 -1.456826
146.500000 -1.593862
146.550000 -1.724045
146.600000 -1.806267
146.650000 -1.840526
146.700000 -1.881636
146.750000 -1.909043
146.800000 -1.874784
146.850000 -1.799415
146.900000 -1.730897
146.950000 -1.648676
147.000000 -1.528769
147.050000 -1.429419
147.100000 -1.384883
147.150000 -1.323216
147.200000 -1.240995
147.250000 -1.189606
147.300000 -1.131366
147.350000 -1.032016
147.400000 -0.984054
147.450000 -0.987479
147.500000 -0.973775
147.550000 -0.956646
147.600000 -0.966924
147.650000 -0.990905
147.700000 -1.038868
147.750000 -1.124515
147.800000 -1.189606
147.850000 -1.220440
147.900000 -1.295809
147.950000 -1.381457
148.000000 -1.398585
148.050000 -1.391734
148.100000 -1.419141
148.150000 -1.432845
148.200000 -1.402011
148.250000 -1.388308
148.300000 -1.405437
148.350000 -1.429419
148.400000 -1.453400
148.450000 -1.456826
148.500000 -1.467104
148.550000 -1.508215
148.600000 -1.535621
148.650000 -1.528770
148.700000 -1.542474
148.750000 -1.559603
148.800000 -1.515066
148.850000 -1.449974
148.900000 -1.395160
148.950000 -1.326642
149.000000 -1.240995
149.050000 -1.196458
149.100000 -1.179328
149.150000 -1.145070
149.200000 -1.131366
149.250000 -1.175903
149.300000 -1.251273
149.350000 -1.330068
149.400000 -1.405438
149.450000 -1.480807
149.500000 -1.569880
149.550000 -1.645249
149.600000 -1.655528
149.650000 -1.641824
149.700000 -1.645249
149.750000 -1.628121
149.800000 -1.559603
149.850000 -1.494511
149.900000 -1.477381
149.950000 -1.456826
150.000000 -1.422567
150.050000 -1.415716
150.100000 -1.439696
150.150000 -1.470530
150.200000 -1.508215
150.250000 -1.542473
150.300000 -1.566455
150.350000 -1.566454
150.400000 -1.521917
150.450000 -1.439697
150.500000 -1.350624
150.550000 -1.264976
150.600000 -1.148496
150.650000 -1.035442
150.700000 -0.977201
150.750000 -0.956646
150.800000 -0.946368
150.850000 -0.960071
150.900000 -1.008034
150.950000 -1.073126
151.000000 -1.158773
151.050000 -1.244420
151.100000 -1.312938
151.150000 -1.378030
151.200000 -1.402012
151.250000 -1.374604
151.300000 -1.336920
151.350000 -1.312938
151.400000 -1.244421
151.450000 -1.158773
151.500000 -1.121088
151.550000 -1.100533
151.600000 -1.052570
151.650000 -1.011460
151.700000 -1.045720
151.750000 -1.131366
151.800000 -1.206736
151.850000 -1.282105
151.900000 -1.402012
151.950000 -1.549325
152.000000 -1.648676
152.050000 -1.706916
152.100000 -1.792563
152.150000 -1.857655
152.200000 -1.816545
152.250000 -1.724045
152.300000 -1.665805
152.350000 -1.566454
152.400000 -1.398586
152.450000 -1.251273
152.500000 -1.158773
152.550000 -1.073127
152.600000 -1.004609
152.650000 -0.980628
152.700000 -0.994331
152.750000 -1.052571
152.800000 -1.148496
152.850000 -1.223865
152.900000 -1.282106
152.950000 -1.367753
153.000000 -1.425993
153.050000 -1.398586
153.100000 -1.354049
153.150000 -1.299235
153.200000 -1.186181
153.250000 -1.083404
153.300000 -1.059423
153.350000 -1.055997
153.400000 -1.038867
153.450000 -1.069700
153.500000 -1.172477
153.550000 -1.278679
153.600000 -1.381456
153.650000 -1.491085
153.700000 -1.576732
153.750000 -1.628120
153.800000 -1.655527
153.850000 -1.638398
153.900000 -1.573306
153.950000 -1.501362
154.000000 -1.419141
154.050000 -1.323216
154.100000 -1.237569
154.150000 -1.182755
154.200000 -1.131366
154.250000 -1.110811
154.300000 -1.151921
154.350000 -1.199885
154.400000 -1.206736
154.450000 -1.210162
154.500000 -1.251272
154.550000 -1.282105
154.600000 -1.268402
154.650000 -1.244421
154.700000 -1.247847
154.750000 -1.237568
154.800000 -1.223866
154.850000 -1.251272
154.900000 -1.316364
154.950000 -1.371178
155.000000 -1.422567
155.050000 -1.515066
155.100000 -1.638398
155.150000 -1.744601
155.200000 -1.819971
155.250000 -1.874785
155.300000 -1.912469
155.350000 -1.919321
155.400000 -1.867933
155.450000 -1.782285
155.500000 -1.710342
155.550000 -1.648676
155.600000 -1.566455
155.650000 -1.453400
155.700000 -1.360901
155.750000 -1.282105
155.800000 -1.206735
155.850000 -1.141644
155.900000 -1.100533
155.950000 -1.073126
156.000000 -1.032015
156.050000 -0.990905
156.100000 -0.953220
156.150000 -0.922387
156.200000 -0.901832
156.250000 -0.898406
156.300000 -0.932665
156.350000 -0.994331
156.400000 -1.035442
156.450000 -1.062848
156.500000 -1.127941
156.550000 -1.220439
156.600000 -1.285532
156.650000 -1.336919
156.700000 -1.395160
156.750000 -1.449974
156.800000 -1.494511
156.850000 -1.532195
156.900000 -1.563028
156.950000 -1.583584
157.000000 -1.590436
157.050000 -1.573306
157.100000 -1.563029
157.150000 -1.563029
157.200000 -1.535622
157.250000 -1.508214
157.300000 -1.535622
157.350000 -1.583584
157.400000 -1.590436
157.450000 -1.617842
157.500000 -1.710342
157.550000 -1.795989
157.600000 -1.837099
157.650000 -1.878211
157.700000 -1.922747
157.750000 -1.915895
157.800000 -1.864506
157.850000 -1.813119
157.900000 -1.748027
157.950000 -1.658953
158.000000 -1.569881
158.050000 -1.501363
158.100000 -1.456826
158.150000 -1.432845
158.200000 -1.412289
158.250000 -1.422567
158.300000 -1.463677
158.350000 -1.497936
158.400000 -1.494511
158.450000 -1.504788
158.500000 -1.528770
158.550000 -1.518492
158.600000 -1.480808
158.650000 -1.432845
158.700000 -1.354049
158.750000 -1.254698
158.800000 -1.145070
158.850000 -1.028590
158.900000 -0.932665
158.950000 -0.881276
159.000000 -0.833314
159.050000 -0.771648
159.100000 -0.744240
159.150000 -0.764797
159.200000 -0.785351
159.250000 -0.836740
159.300000 -0.936090
159.350000 -1.038867
159.400000 -1.141644
159.450000 -1.271828
159.500000 -1.384882
159.550000 -1.439697
159.600000 -1.473955
159.650000 -1.511640
159.700000 -1.504788
159.750000 -1.463678
159.800000 -1.415715
159.850000 -1.367752
159.900000 -1.302661
159.950000 -1.247846
160.000000 -1.227292
160.050000 -1.244421
160.100000 -1.292383
160.150000 -1.357475
160.200000 -1.436270
160.250000 -1.539047
160.300000 -1.679509
160.350000 -1.809693
160.400000 -1.898765
160.450000 -1.970709
160.500000 -2.035802
160.550000 -2.070061
160.600000 -2.059783
160.650000 -2.028950
160.700000 -1.970709
160.750000 -1.888488
160.800000 -1.809692
160.850000 -1.717194
160.900000 -1.604139
160.950000 -1.487659
161.000000 -1.395160
161.050000 -1.312939
161.100000 -1.244420
161.150000 -1.220440
161.200000 -1.227291
161.250000 -1.258124
161.300000 -1.326642
161.350000 -1.422567
161.400000 -1.504788
161.450000 -1.569880
161.500000 -1.631546
161.550000 -1.689786
161.600000 -1.724045
161.650000 -1.720619
161.700000 -1.679508
161.750000 -1.587009
161.800000 -1.436270
161.850000 -1.278679
161.900000 -1.145070
161.950000 -0.997757
162.000000 -0.829888
162.050000 -0.720259
162.100000 -0.709982
162.150000 -0.723685
162.200000 -0.720259
162.250000 -0.730537
162.300000 -0.792203
162.350000 -0.870998
162.400000 -0.929239
162.450000 -0.953220
162.500000 -0.987479
162.550000 -1.052571
162.600000 -1.103960
162.650000 -1.141644
162.700000 -1.220440
162.750000 -1.336920
162.800000 -1.432845
162.850000 -1.532195
162.900000 -1.645250
162.950000 -1.730897
163.000000 -1.761730
163.050000 -1.768582
163.100000 -1.754878
163.150000 -1.686360
163.200000 -1.580158
163.250000 -1.477381
163.300000 -1.374605
163.350000 -1.258125
163.400000 -1.169051
163.450000 -1.138218
163.500000 -1.138218
163.550000 -1.172477
163.600000 -1.227291
163.650000 -1.292383
163.700000 -1.333494
163.750000 -1.360901
163.800000 -1.360901
163.850000 -1.333494
163.900000 -1.282106
163.950000 -1.206736
164.000000 -1.103959
164.050000 -1.011460
164.100000 -0.956646
164.150000 -0.915535
164.200000 -0.905257
164.250000 -0.973775
164.300000 -1.086830
164.350000 -1.182755
164.400000 -1.282106
164.450000 -1.432845
164.500000 -1.566454
164.550000 -1.641824
164.600000 -1.696639
164.650000 -1.730897
164.700000 -1.703490
164.750000 -1.621269
164.800000 -1.521918
164.850000 -1.388308
164.900000 -1.223866
164.950000 -1.069700
165.000000 -0.942942
165.050000 -0.840165
165.100000 -0.792203
165.150000 -0.799055
165.200000 -0.840166
165.250000 -0.918962
165.300000 -1.018312
165.350000 -1.110811
165.400000 -1.175903
165.450000 -1.227291
165.500000 -1.292384
165.550000 -1.340346
165.600000 -1.336920
165.650000 -1.299235
165.700000 -1.285532
165.750000 -1.271828
165.800000 -1.223865
165.850000 -1.172477
165.900000 -1.165625
165.950000 -1.165625
166.000000 -1.155347
166.050000 -1.158773
166.100000 -1.169051
166.150000 -1.182755
166.200000 -1.206736
166.250000 -1.203310
166.300000 -1.169051
166.350000 -1.134792
166.400000 -1.093682
166.450000 -1.038867
166.500000 -1.011460
166.550000 -1.004608
166.600000 -0.977201
166.650000 -0.953220
166.700000 -1.001183
166.750000 -1.097107
166.800000 -1.186180
166.850000 -1.275254
166.900000 -1.405438
166.950000 -1.535622
167.000000 -1.648676
167.050000 -1.737749
167.100000 -1.802841
167.150000 -1.843952
167.200000 -1.854229
167.250000 -1.813119
167.300000 -1.737749
167.350000 -1.638398
167.400000 -1.525344
167.450000 -1.419142
167.500000 -1.336920
167.550000 -1.285531
167.600000 -1.251273
167.650000 -1.237569
167.700000 -1.258124
167.750000 -1.326642
167.800000 -1.408863
167.850000 -1.494511
167.900000 -1.617843
167.950000 -1.748026
168.000000 -1.837100
168.050000 -1.905617
168.100000 -1.984413
168.150000 -2.011820
168.200000 -1.960432
168.250000 -1.902192
168.300000 -1.871359
168.350000 -1.785712
168.400000 -1.665805
168.450000 -1.587010
168.500000 -1.563029
168.550000 -1.515066
168.600000 -1.443123
168.650000 -1.398586
168.700000 -1.367753
168.750000 -1.336920
168.800000 -1.312938
168.850000 -1.309512
168.900000 -1.312939
168.950000 -1.316365
169.000000 -1.316364
169.050000 -1.306087
169.100000 -1.326642
169.150000 -1.381456
169.200000 -1.419141
169.250000 -1.439696
169.300000 -1.504789
169.350000 -1.576733
169.400000 -1.583583
169.450000 -1.552751
169.500000 -1.545899
169.550000 -1.542473
169.600000 -1.501363
169.650000 -1.467103
169.700000 -1.470530
169.750000 -1.494510
169.800000 -1.532196
169.850000 -1.610991
169.900000 -1.751452
169.950000 -1.919321
170.000000 -2.059782
170.050000 -2.172837
170.100000 -2.268762
170.150000 -2.299595
170.200000 -2.251632
170.250000 -2.179688
170.300000 -2.087190
170.350000 -1.929598
170.400000 -1.741175
170.450000 -1.593862
170.500000 -1.463678
170.550000 -1.326642
170.600000 -1.244421
170.650000 -1.227291
170.700000 -1.234143
170.750000 -1.282106
170.800000 -1.364327
170.850000 -1.432845
170.900000 -1.497936
170.950000 -1.573306
171.000000 -1.631547
171.050000 -1.652102
171.100000 -1.679509
171.150000 -1.703490
171.200000 -1.706915
171.250000 -1.734323
171.300000 -1.768582
171.350000 -1.765157
171.400000 -1.748027
171.450000 -1.758304
171.500000 -1.768582
171.550000 -1.758305
171.600000 -1.751453
171.650000 -1.730897
171.700000 -1.665805
171.750000 -1.607565
171.800000 -1.556177
171.850000 -1.473956
171.900000 -1.381456
171.950000 -1.326642
172.000000 -1.268402
172.050000 -1.203310
172.100000 -1.175903
172.150000 -1.145070
172.200000 -1.079978
172.250000 -1.025164
172.300000 -1.038867
172.350000 -1.035441
172.400000 -1.018312
172.450000 -1.042293
172.500000 -1.083404
172.550000 -1.093682
172.600000 -1.127940
172.650000 -1.210162
172.700000 -1.285532
172.750000 -1.343771
172.800000 -1.398586
172.850000 -1.443123
172.900000 -1.460252
172.950000 -1.449975
173.000000 -1.395160
173.050000 -1.312939
173.100000 -1.251272
173.150000 -1.206736
173.200000 -1.124515
173.250000 -1.032016
173.300000 -0.997756
173.350000 -1.014886
173.400000 -1.038868
173.450000 -1.093681
173.500000 -1.210162
173.550000 -1.371178
173.600000 -1.515066
173.650000 -1.628121
173.700000 -1.737749
173.750000 -1.813119
173.800000 -1.809693
173.850000 -1.754878
173.900000 -1.662380
173.950000 -1.511641
174.000000 -1.312938
174.050000 -1.127940
174.100000 -0.970350
174.150000 -0.809333
174.200000 -0.679149
174.250000 -0.600354
174.300000 -0.562668
174.350000 -0.559243
174.400000 -0.614057
174.450000 -0.699704
174.500000 -0.795629
174.550000 -0.929239
174.600000 -1.045719
174.650000 -1.124514
174.700000 -1.206736
174.750000 -1.278680
174.800000 -1.278680
174.850000 -1.230717
174.900000 -1.196459
174.950000 -1.145070
175.000000 -1.045719
175.050000 -0.963498
175.100000 -0.922388
175.150000 -0.864147
175.200000 -0.840166
175.250000 -0.912109
175.300000 -1.011461
175.350000 -1.073127
175.400000 -1.148495
175.450000 -1.247846
175.500000 -1.316364
175.550000 -1.347197
175.600000 -1.347197
175.650000 -1.306087
175.700000 -1.254699
175.750000 -1.203310
175.800000 -1.121088
175.850000 -1.021738
175.900000 -0.963497
175.950000 -0.932664
176.000000 -0.908683
176.050000 -0.915535
176.100000 -0.970349
176.150000 -1.045719
176.200000 -1.134792
176.250000 -1.234143
176.300000 -1.326642
176.350000 -1.402011
176.400000 -1.429419
176.450000 -1.422567
176.500000 -1.412290
176.550000 -1.408863
176.600000 -1.371179
176.650000 -1.309513
176.700000 -1.264976
176.750000 -1.206736
176.800000 -1.134793
176.850000 -1.100533
176.900000 -1.107385
176.950000 -1.114237
177.000000 -1.110811
177.050000 -1.134792
177.100000 -1.186181
177.150000 -1.237569
177.200000 -1.278680
177.250000 -1.292383
177.300000 -1.312938
177.350000 -1.343772
177.400000 -1.336919
177.450000 -1.261550
177.500000 -1.186181
177.550000 -1.131366
177.600000 -1.035442
177.650000 -0.908684
177.700000 -0.812759
177.750000 -0.737389
177.800000 -0.658593
177.850000 -0.638039
177.900000 -0.689427
177.950000 -0.754518
178.000000 -0.812759
178.050000 -0.905258
178.100000 -1.011460
178.150000 -1.093681
178.200000 -1.175903
178.250000 -1.240995
178.300000 -1.282105
178.350000 -1.292383
178.400000 -1.271828
178.450000 -1.220440
178.500000 -1.165625
178.550000 -1.145070
178.600000 -1.124514
178.650000 -1.110811
178.700000 -1.162199
178.750000 -1.247846
178.800000 -1.326642
178.850000 -1.419141
178.900000 -1.542473
178.950000 -1.655528
179.000000 -1.730897
179.050000 -1.782286
179.100000 -1.806267
179.150000 -1.778859
179.200000 -1.693212
179.250000 -1.587010
179.300000 -1.494511
179.350000 -1.402012
179.400000 -1.261550
179.450000 -1.117663
179.500000 -1.038868
179.550000 -1.004608
179.600000 -0.953220
179.650000 -0.908683
179.700000 -0.949795
179.750000 -1.028590
179.800000 -1.073127
179.850000 -1.127941
179.900000 -1.223866
179.950000 -1.323217
180.000000 -1.391734
180.050000 -1.456826
180.100000 -1.515066
180.150000 -1.556177
180.200000 -1.590436
180.250000 -1.600713
180.300000 -1.573306
180.350000 -1.552751
180.400000 -1.549325
180.450000 -1.525344
180.500000 -1.515066
180.550000 -1.549325
180.600000 -1.573306
180.650000 -1.563029
180.700000 -1.569880
180.750000 -1.573306
180.800000 -1.525344
180.850000 -1.429419
180.900000 -1.333493
180.950000 -1.227291
181.000000 -1.090256
181.050000 -0.960071
181.100000 -0.867573
181.150000 -0.799055
181.200000 -0.744240
181.250000 -0.737389
181.300000 -0.819610
181.350000 -0.956646
181.400000 -1.093681
181.450000 -1.213587
181.500000 -1.350624
181.550000 -1.494511
181.600000 -1.617843
181.650000 -1.703490
181.700000 -1.730897
181.750000 -1.713768
181.800000 -1.689786
181.850000 -1.669231
181.900000 -1.638399
181.950000 -1.597287
182.000000 -1.545899
182.050000 -1.477381
182.100000 -1.422567
182.150000 -1.378030
182.200000 -1.299235
182.250000 -1.196459
182.300000 -1.121088
182.350000 -1.038867
182.400000 -0.905257
182.450000 -0.795629
182.500000 -0.764796
182.550000 -0.761370
182.600000 -0.761370
182.650000 -0.826463
182.700000 -0.966923
182.750000 -1.127941
182.800000 -1.302661
182.850000 -1.501362
182.900000 -1.693212
182.950000 -1.843952
183.000000 -1.922747
183.050000 -1.957005
183.100000 -1.950154
183.150000 -1.874784
183.200000 -1.717194
183.250000 -1.552750
183.300000 -1.425993
183.350000 -1.299235
183.400000 -1.138218
183.450000 -1.021738
183.500000 -0.990904
183.550000 -0.987479
183.600000 -0.994330
183.650000 -1.038867
183.700000 -1.103959
183.750000 -1.165626
183.800000 -1.210162
183.850000 -1.247847
183.900000 -1.251273
183.950000 -1.230717
184.000000 -1.193032
184.050000 -1.165626
184.100000 -1.169051
184.150000 -1.196459
184.200000 -1.213588
184.250000 -1.247847
184.300000 -1.302661
184.350000 -1.350624
184.400000 -1.371179
184.450000 -1.391734
184.500000 -1.398586
184.550000 -1.367753
184.600000 -1.309512
184.650000 -1.251273
184.700000 -1.196458
184.750000 -1.138218
184.800000 -1.073127
184.850000 -1.004608
184.900000 -0.980627
184.950000 -0.984053
185.000000 -0.956646
185.050000 -0.932664
185.100000 -0.946368
185.150000 -0.953220
185.200000 -0.936091
185.250000 -0.932665
185.300000 -0.953220
185.350000 -0.960072
185.400000 -0.963497
185.450000 -0.977202
185.500000 -0.997757
185.550000 -1.032015
185.600000 -1.079978
185.650000 -1.121089
185.700000 -1.162199
185.750000 -1.217013
185.800000 -1.268402
185.850000 -1.309513
185.900000 -1.364327
185.950000 -1.422567
186.000000 -1.443123
186.050000 -1.473956
186.100000 -1.539047
186.150000 -1.600713
186.200000 -1.617843
186.250000 -1.631546
186.300000 -1.638398
186.350000 -1.607566
186.400000 -1.535622
186.450000 -1.467103
186.500000 -1.398586
186.550000 -1.330068
186.600000 -1.268402
186.650000 -1.234143
186.700000 -1.213588
186.750000 -1.206736
186.800000 -1.210162
186.850000 -1.227291
186.900000 -1.261550
186.950000 -1.309512
187.000000 -1.360901
187.050000 -1.405437
187.100000 -1.449974
187.150000 -1.477381
187.200000 -1.473955
187.250000 -1.453400
187.300000 -1.432845
187.350000 -1.391734
187.400000 -1.309513
187.450000 -1.196458
187.500000 -1.103959
187.550000 -1.038867
187.600000 -0.963498
187.650000 -0.884702
187.700000 -0.850443
187.750000 -0.850443
187.800000 -0.843592
187.850000 -0.850443
187.900000 -0.894980
187.950000 -0.960071
188.000000 -1.001182
188.050000 -1.035442
188.100000 -1.069701
188.150000 -1.079978
188.200000 -1.045719
188.250000 -1.014886
188.300000 -1.021738
188.350000 -1.049145
188.400000 -1.069700
188.450000 -1.093682
188.500000 -1.162199
188.550000 -1.251273
188.600000 -1.326642
188.650000 -1.391734
188.700000 -1.456826
188.750000 -1.504788
188.800000 -1.501362
188.850000 -1.460252
188.900000 -1.405437
