time[ns] Raw_signal[mV]
-11.150000 -0.270919
-11.100000 -0.274346
-11.050000 -0.301752
-11.000000 -0.356567
-10.950000 -0.390826
-10.900000 -0.394251
-10.850000 -0.390825
-10.800000 -0.380548
-10.750000 -0.346289
-10.700000 -0.274345
-10.650000 -0.188698
-10.600000 -0.127032
-10.550000 -0.055088
-10.500000 0.051114
-10.450000 0.150466
-10.400000 0.198427
-10.350000 0.212131
-10.300000 0.218983
-10.250000 0.208705
-10.200000 0.195001
-10.150000 0.174446
-10.100000 0.160743
-10.050000 0.177872
-10.000000 0.205280
-9.950000 0.225835
-9.900000 0.263520
-9.850000 0.314908
-9.800000 0.345741
-9.750000 0.356019
-9.700000 0.386852
-9.650000 0.410833
-9.600000 0.383425
-9.550000 0.318334
-9.500000 0.249816
-9.450000 0.177873
-9.400000 0.105929
-9.350000 0.033985
-9.300000 -0.024256
-9.250000 -0.058514
-9.200000 -0.068791
-9.150000 -0.085921
-9.100000 -0.096199
-9.050000 -0.089347
-9.000000 -0.106476
-8.950000 -0.157865
-8.900000 -0.185272
-8.850000 -0.202401
-8.800000 -0.226382
-8.750000 -0.243512
-8.700000 -0.229809
-8.650000 -0.205827
-8.600000 -0.178420
-8.550000 -0.127032
-8.500000 -0.079069
-8.450000 -0.037959
-8.400000 0.003152
-8.350000 0.033985
-8.300000 0.040837
-8.250000 0.047688
-8.200000 0.040837
-8.150000 -0.013977
-8.100000 -0.082495
-8.050000 -0.140735
-8.000000 -0.202401
-7.950000 -0.253790
-7.900000 -0.253790
-7.850000 -0.222956
-7.800000 -0.178420
-7.750000 -0.099625
-7.700000 0.003152
-7.650000 0.129910
-7.600000 0.266946
-7.550000 0.376574
-7.500000 0.434814
-7.450000 0.455369
-7.400000 0.431388
-7.350000 0.366296
-7.300000 0.263520
-7.250000 0.133336
-7.200000 -0.020829
-7.150000 -0.151013
-7.100000 -0.229809
-7.050000 -0.301753
-7.000000 -0.356566
-6.950000 -0.339438
-6.900000 -0.264067
-6.850000 -0.188698
-6.800000 -0.109902
-6.750000 -0.020830
-6.700000 0.051114
-6.650000 0.099076
-6.600000 0.133335
-6.550000 0.140187
-6.500000 0.109354
-6.450000 0.068244
-6.400000 0.033985
-6.350000 -0.000274
-6.300000 -0.013978
-6.250000 -0.007126
-6.200000 0.006578
-6.150000 0.040837
-6.100000 0.112780
-6.050000 0.167595
-6.000000 0.167595
-5.950000 0.177873
-5.900000 0.218983
-5.850000 0.222409
-5.800000 0.174447
-5.750000 0.140188
-5.700000 0.123058
-5.650000 0.061392
-5.600000 -0.041385
-5.550000 -0.116754
-5.500000 -0.168143
-5.450000 -0.216105
-5.400000 -0.226383
-5.350000 -0.181847
-5.300000 -0.120180
-5.250000 -0.048236
-5.200000 0.040837
-5.150000 0.157317
-5.100000 0.270372
-5.050000 0.342315
-5.000000 0.380000
-4.950000 0.393704
-4.900000 0.383425
-4.850000 0.325185
-4.800000 0.242965
-4.750000 0.147040
-4.700000 0.037411
-4.650000 -0.079069
-4.600000 -0.188698
-4.550000 -0.281197
-4.500000 -0.363419
-4.450000 -0.428510
-4.400000 -0.469621
-4.350000 -0.483325
-4.300000 -0.493602
-4.250000 -0.493603
-4.200000 -0.476472
-4.150000 -0.445640
-4.100000 -0.442213
-4.050000 -0.452491
-4.000000 -0.442214
-3.950000 -0.421658
-3.900000 -0.397677
-3.850000 -0.349714
-3.800000 -0.294901
-3.750000 -0.250364
-3.700000 -0.195550
-3.650000 -0.103051
-3.600000 -0.000274
-3.550000 0.078521
-3.500000 0.147040
-3.450000 0.195001
-3.400000 0.232686
-3.350000 0.290927
-3.300000 0.284075
-3.250000 0.129909
-3.200000 0.006578
-3.150000 0.037411
-3.100000 0.003152
-3.050000 -0.192123
-3.000000 -0.257216
-2.950000 -0.164717
-2.900000 -0.195549
-2.850000 -0.264067
-2.800000 -0.181846
-2.750000 -0.120180
-2.700000 -0.085921
-2.650000 0.123058
-2.600000 0.284075
-2.550000 0.153891
-2.500000 0.095651
-2.450000 0.253242
-2.400000 0.167595
-2.350000 -0.096198
-2.300000 -0.099624
-2.250000 -0.037959
-2.200000 -0.222957
-2.150000 -0.264067
-2.100000 0.006578
-2.050000 0.150465
-2.000000 0.061392
-1.950000 0.088799
-1.900000 0.270372
-1.850000 0.448518
-1.800000 0.623238
-1.750000 0.664349
-1.700000 0.537590
-1.650000 0.475925
-1.600000 0.479351
-1.550000 0.304630
-1.500000 0.071670
-1.450000 0.033985
-1.400000 0.023707
-1.350000 -0.123605
-1.300000 -0.202402
-1.250000 -0.246938
-1.200000 -0.377122
-1.150000 -0.353141
-1.100000 -0.075644
-1.050000 0.003152
-1.000000 -0.181847
-0.950000 -0.116754
-0.900000 0.188150
-0.850000 0.280649
-0.800000 0.249816
-0.750000 0.386852
-0.700000 0.489629
-0.650000 0.380000
-0.600000 0.301204
-0.550000 0.314908
-0.500000 0.218983
-0.450000 0.075095
-0.400000 0.071669
-0.350000 0.129910
-0.300000 0.126484
-0.250000 0.119632
-0.200000 0.153891
-0.150000 0.195002
-0.100000 0.236112
-0.050000 0.301205
0.000000 0.397129
0.050000 0.503332
0.100000 0.554720
0.150000 0.537590
0.200000 0.561572
0.250000 0.626664
0.300000 0.558146
0.350000 0.380000
0.400000 0.321760
0.450000 0.386852
0.500000 0.362871
0.550000 0.280649
0.600000 0.297778
0.650000 0.321760
0.700000 0.249816
0.750000 0.215557
0.800000 0.318334
0.850000 0.455370
0.900000 0.626664
0.950000 0.972679
1.000000 1.524247
1.050000 2.271091
1.100000 3.322839
1.150000 4.799398
1.200000 6.680212
1.250000 8.927599
1.300000 11.572378
1.350000 14.597440
1.400000 17.841761
1.450000 21.178580
1.500000 24.631873
1.550000 28.143418
1.600000 31.538474
1.650000 34.738251
1.700000 37.766739
1.750000 40.572545
1.800000 43.052895
1.850000 45.224905
1.900000 47.167385
1.950000 48.870055
2.000000 50.260955
2.050000 51.305855
2.100000 52.021865
2.150000 52.439825
2.200000 52.518615
2.250000 52.200015
2.300000 51.456605
2.350000 50.360315
2.400000 48.952265
2.450000 47.215345
2.500000 45.176935
2.550000 42.919275
2.600000 40.473195
2.650000 37.872935
2.700000 35.214455
2.750000 32.586795
2.800000 29.931725
2.850000 27.293795
2.900000 24.851125
2.950000 22.668845
3.000000 20.678400
3.050000 18.924341
3.100000 17.526575
3.150000 16.474830
3.200000 15.693731
3.250000 15.241514
3.300000 15.118180
3.350000 15.224385
3.400000 15.512161
3.450000 15.988356
3.500000 16.622146
3.550000 17.317602
3.600000 18.016477
3.650000 18.718791
3.700000 19.379983
3.750000 19.955537
3.800000 20.438585
3.850000 20.815436
3.900000 21.017564
3.950000 21.034696
4.000000 20.945621
4.050000 20.729789
4.100000 20.318679
4.150000 19.749979
4.200000 19.095640
4.250000 18.331663
4.300000 17.434082
4.350000 16.447425
4.400000 15.423083
4.450000 14.391891
4.500000 13.398382
4.550000 12.411726
4.600000 11.414791
4.650000 10.472672
4.700000 9.629903
4.750000 8.838523
4.800000 8.122512
4.850000 7.533258
4.900000 7.081041
4.950000 6.704193
5.000000 6.382159
5.050000 6.176606
5.100000 6.094385
5.150000 6.104662
5.200000 6.186884
5.250000 6.361604
5.300000 6.591139
5.350000 6.837802
5.400000 7.115300
5.450000 7.403074
5.500000 7.683998
5.550000 7.944365
5.600000 8.191029
5.650000 8.393157
5.700000 8.537044
5.750000 8.629543
5.800000 8.656950
5.850000 8.626117
5.900000 8.543896
5.950000 8.417138
6.000000 8.238992
6.050000 8.012883
6.100000 7.749089
6.150000 7.427056
6.200000 7.036504
6.250000 6.591139
6.300000 6.132070
6.350000 5.693556
6.400000 5.258468
6.450000 4.806250
6.500000 4.374588
6.550000 4.001165
6.600000 3.682558
6.650000 3.418764
6.700000 3.209785
6.750000 3.062472
6.800000 2.980250
6.850000 2.932288
6.900000 2.898029
6.950000 2.901455
7.000000 2.949418
7.050000 3.028213
7.100000 3.127563
7.150000 3.250896
7.200000 3.367376
7.250000 3.456449
7.300000 3.521542
7.350000 3.586633
7.400000 3.641448
7.450000 3.689410
7.500000 3.723669
7.550000 3.730520
7.600000 3.709965
7.650000 3.679132
7.700000 3.655151
7.750000 3.627743
7.800000 3.576356
7.850000 3.507837
7.900000 3.446172
7.950000 3.374227
8.000000 3.274877
8.050000 3.154971
8.100000 3.004232
8.150000 2.839789
8.200000 2.668494
8.250000 2.480070
8.300000 2.284795
8.350000 2.113501
8.400000 1.959335
8.450000 1.812022
8.500000 1.688690
8.550000 1.579061
8.600000 1.452303
8.650000 1.332397
8.700000 1.246750
8.750000 1.154251
8.800000 1.051475
8.850000 1.013790
8.900000 1.010364
8.950000 0.982957
9.000000 0.952124
9.050000 0.969253
9.100000 0.996660
9.150000 1.030919
9.200000 1.092585
9.250000 1.140548
9.300000 1.167955
9.350000 1.222768
9.400000 1.284435
9.450000 1.311842
9.500000 1.328971
9.550000 1.373508
9.600000 1.418044
9.650000 1.472859
9.700000 1.548229
9.750000 1.592765
9.800000 1.579061
9.850000 1.568784
9.900000 1.561932
9.950000 1.496840
10.000000 1.387212
10.050000 1.263879
10.100000 1.137121
10.150000 0.982957
10.200000 0.828791
10.250000 0.691756
10.300000 0.571850
10.350000 0.469073
10.400000 0.400555
10.450000 0.359445
10.500000 0.356019
10.550000 0.366297
10.600000 0.366296
10.650000 0.373149
10.700000 0.417685
10.750000 0.455369
10.800000 0.434814
10.850000 0.397129
10.900000 0.383426
10.950000 0.342315
11.000000 0.242964
11.050000 0.133336
11.100000 0.068244
11.150000 0.013429
11.200000 -0.058514
11.250000 -0.099624
11.300000 -0.099625
11.350000 -0.089347
11.400000 -0.055088
11.450000 0.016855
11.500000 0.092225
11.550000 0.160743
11.600000 0.246390
11.650000 0.338889
11.700000 0.400556
11.750000 0.438240
11.800000 0.475924
11.850000 0.506757
11.900000 0.527314
11.950000 0.530739
12.000000 0.506758
12.050000 0.462222
12.100000 0.421111
12.150000 0.390277
12.200000 0.349166
12.250000 0.304630
12.300000 0.266945
12.350000 0.205279
12.400000 0.071670
12.450000 -0.079069
12.500000 -0.209253
12.550000 -0.363418
12.600000 -0.544990
12.650000 -0.699156
12.700000 -0.822487
12.750000 -0.935542
12.800000 -1.014338
12.850000 -1.045171
12.900000 -1.076003
12.950000 -1.093133
13.000000 -1.034893
13.050000 -0.949246
13.100000 -0.887580
13.150000 -0.819062
13.200000 -0.719711
13.250000 -0.640916
13.300000 -0.572398
13.350000 -0.503880
13.400000 -0.438788
13.450000 -0.353140
13.500000 -0.233234
13.550000 -0.127032
13.600000 -0.051663
13.650000 0.054540
13.700000 0.195002
13.750000 0.304630
13.800000 0.352593
13.850000 0.386851
13.900000 0.417685
13.950000 0.407407
14.000000 0.345741
14.050000 0.253242
14.100000 0.133335
14.150000 -0.000273
14.200000 -0.147587
14.250000 -0.291474
14.300000 -0.411381
14.350000 -0.503879
14.400000 -0.603230
14.450000 -0.719711
14.500000 -0.801932
14.550000 -0.832765
14.600000 -0.873876
14.650000 -0.956097
14.700000 -1.004060
14.750000 -0.997208
14.800000 -0.976652
14.850000 -0.962949
14.900000 -0.925264
14.950000 -0.853320
15.000000 -0.760822
15.050000 -0.661471
15.100000 -0.558694
15.150000 -0.442214
15.200000 -0.318882
15.250000 -0.212679
15.300000 -0.109903
15.350000 0.016856
15.400000 0.119632
15.450000 0.153891
15.500000 0.174446
15.550000 0.184725
15.600000 0.147039
15.650000 0.061392
15.700000 -0.031107
15.750000 -0.144161
15.800000 -0.288048
15.850000 -0.425084
15.900000 -0.541565
15.950000 -0.664897
16.000000 -0.784803
16.050000 -0.863599
16.100000 -0.901283
16.150000 -0.938967
16.200000 -0.952671
16.250000 -0.938968
16.300000 -0.935542
16.350000 -0.952671
16.400000 -1.004060
16.450000 -1.096559
16.500000 -1.202761
16.550000 -1.298686
16.600000 -1.401463
16.650000 -1.528221
16.700000 -1.596739
16.750000 -1.596739
16.800000 -1.579610
16.850000 -1.538498
16.900000 -1.435722
16.950000 -1.284983
17.000000 -1.113688
17.050000 -0.891005
17.100000 -0.651194
17.150000 -0.442213
17.200000 -0.288048
17.250000 -0.185272
17.300000 -0.130458
17.350000 -0.109902
17.400000 -0.133883
17.450000 -0.192124
17.500000 -0.270919
17.550000 -0.383974
17.600000 -0.534713
17.650000 -0.658045
17.700000 -0.743692
17.750000 -0.853321
17.800000 -0.973227
17.850000 -1.028041
17.900000 -1.034892
17.950000 -1.093133
18.000000 -1.161650
18.050000 -1.154798
18.100000 -1.134243
18.150000 -1.147947
18.200000 -1.141095
18.250000 -1.076004
18.300000 -0.983504
18.350000 -0.877302
18.400000 -0.757395
18.450000 -0.654618
18.500000 -0.562120
18.550000 -0.466195
18.600000 -0.397677
18.650000 -0.363419
18.700000 -0.332586
18.750000 -0.298326
18.800000 -0.301752
18.850000 -0.322308
18.900000 -0.294900
18.950000 -0.240086
19.000000 -0.185272
19.050000 -0.120180
19.100000 -0.037959
19.150000 0.013429
19.200000 -0.007126
19.250000 -0.065365
19.300000 -0.133884
19.350000 -0.226383
19.400000 -0.390825
19.450000 -0.603231
19.500000 -0.836191
19.550000 -1.052023
19.600000 -1.223317
19.650000 -1.336371
19.700000 -1.422018
19.750000 -1.469981
19.800000 -1.456277
19.850000 -1.377481
19.900000 -1.288409
19.950000 -1.192483
20.000000 -1.082855
20.050000 -0.959523
20.100000 -0.832766
20.150000 -0.702582
20.200000 -0.606657
20.250000 -0.538139
20.300000 -0.476473
20.350000 -0.425085
20.400000 -0.397677
20.450000 -0.373696
20.500000 -0.349715
20.550000 -0.349715
20.600000 -0.349715
20.650000 -0.318882
20.700000 -0.322307
20.750000 -0.370271
20.800000 -0.407955
20.850000 -0.431936
20.900000 -0.497028
20.950000 -0.572398
21.000000 -0.616934
21.050000 -0.682027
21.100000 -0.760822
21.150000 -0.795081
21.200000 -0.829339
21.250000 -0.911561
21.300000 -0.980078
21.350000 -1.014337
21.400000 -1.072578
21.450000 -1.175354
21.500000 -1.247298
21.550000 -1.298686
21.600000 -1.370630
21.650000 -1.442574
21.700000 -1.493962
21.750000 -1.524795
21.800000 -1.511092
21.850000 -1.473406
21.900000 -1.418592
21.950000 -1.315816
22.000000 -1.178780
22.050000 -1.058874
22.100000 -0.925264
22.150000 -0.764247
22.200000 -0.640916
22.250000 -0.548417
22.300000 -0.462769
22.350000 -0.428510
22.400000 -0.462769
22.450000 -0.479898
22.500000 -0.473047
22.550000 -0.517584
22.600000 -0.586101
22.650000 -0.610083
22.700000 -0.630638
22.750000 -0.661471
22.800000 -0.664897
22.850000 -0.644341
22.900000 -0.603230
22.950000 -0.527861
23.000000 -0.462769
23.050000 -0.452491
23.100000 -0.455917
23.150000 -0.462769
23.200000 -0.534713
23.250000 -0.644341
23.300000 -0.736840
23.350000 -0.836191
23.400000 -0.980078
23.450000 -1.113688
23.500000 -1.219890
23.550000 -1.312389
23.600000 -1.370630
23.650000 -1.387759
23.700000 -1.380907
23.750000 -1.346649
23.800000 -1.274705
23.850000 -1.182206
23.900000 -1.076003
23.950000 -0.949246
24.000000 -0.825914
24.050000 -0.712859
24.100000 -0.603231
24.150000 -0.514158
24.200000 -0.449066
24.250000 -0.373696
24.300000 -0.281197
24.350000 -0.198975
24.400000 -0.130458
24.450000 -0.089347
24.500000 -0.089348
24.550000 -0.123606
24.600000 -0.198976
24.650000 -0.329160
24.700000 -0.479898
24.750000 -0.627212
24.800000 -0.825914
24.850000 -1.062300
24.900000 -1.240446
24.950000 -1.374056
25.000000 -1.541924
25.050000 -1.678960
25.100000 -1.720071
25.150000 -1.730348
25.200000 -1.744052
25.250000 -1.713219
25.300000 -1.654979
25.350000 -1.603591
25.400000 -1.531646
25.450000 -1.435721
25.500000 -1.356927
25.550000 -1.291835
25.600000 -1.219891
25.650000 -1.171929
25.700000 -1.130817
25.750000 -1.089707
25.800000 -1.065726
25.850000 -1.062300
25.900000 -1.052022
25.950000 -1.034892
26.000000 -1.007485
26.050000 -0.952671
26.100000 -0.877302
26.150000 -0.819062
26.200000 -0.757396
26.250000 -0.682026
26.300000 -0.620360
26.350000 -0.589527
26.400000 -0.575824
26.450000 -0.589527
26.500000 -0.630637
26.550000 -0.688878
26.600000 -0.771099
26.650000 -0.863598
26.700000 -0.935542
26.750000 -1.000634
26.800000 -1.086281
26.850000 -1.171928
26.900000 -1.213039
26.950000 -1.237020
27.000000 -1.278131
27.050000 -1.326094
27.100000 -1.370630
27.150000 -1.411741
27.200000 -1.435722
27.250000 -1.432296
27.300000 -1.418593
27.350000 -1.391185
27.400000 -1.326093
27.450000 -1.223317
27.500000 -1.117114
27.550000 -1.010912
27.600000 -0.908135
27.650000 -0.822488
27.700000 -0.757396
27.750000 -0.702581
27.800000 -0.692304
27.850000 -0.760822
27.900000 -0.846469
27.950000 -0.935542
28.000000 -1.048597
28.050000 -1.171929
28.100000 -1.261001
28.150000 -1.319242
28.200000 -1.367204
28.250000 -1.401463
28.300000 -1.398037
28.350000 -1.363778
28.400000 -1.322667
28.450000 -1.271279
28.500000 -1.209613
28.550000 -1.158225
28.600000 -1.134243
28.650000 -1.141096
28.700000 -1.182206
28.750000 -1.250723
28.800000 -1.315816
28.850000 -1.377482
28.900000 -1.445999
28.950000 -1.490536
29.000000 -1.476832
29.050000 -1.415166
29.100000 -1.312390
29.150000 -1.182206
29.200000 -1.038318
29.250000 -0.908135
29.300000 -0.784803
29.350000 -0.664896
29.400000 -0.562120
29.450000 -0.500454
29.500000 -0.473047
29.550000 -0.473046
29.600000 -0.541564
29.650000 -0.668322
29.700000 -0.777951
29.750000 -0.860172
29.800000 -0.962949
29.850000 -1.058874
29.900000 -1.106836
29.950000 -1.106837
30.000000 -1.096559
30.050000 -1.062299
30.100000 -1.004059
30.150000 -0.945820
30.200000 -0.880728
30.250000 -0.791654
30.300000 -0.699155
30.350000 -0.637490
30.400000 -0.613508
30.450000 -0.634064
30.500000 -0.664896
30.550000 -0.709433
30.600000 -0.788229
30.650000 -0.897857
30.700000 -1.021189
30.750000 -1.123966
30.800000 -1.209613
30.850000 -1.267853
30.900000 -1.315816
30.950000 -1.336371
31.000000 -1.326094
31.050000 -1.302112
31.100000 -1.278131
31.150000 -1.230169
31.200000 -1.168503
31.250000 -1.130818
31.300000 -1.103410
31.350000 -1.062300
31.400000 -1.041744
31.450000 -1.052022
31.500000 -1.038318
31.550000 -1.010911
31.600000 -1.004060
31.650000 -0.986930
31.700000 -0.942394
31.750000 -0.908135
31.800000 -0.884154
31.850000 -0.829339
31.900000 -0.753970
31.950000 -0.685452
32.000000 -0.620360
32.050000 -0.565546
32.100000 -0.531287
32.150000 -0.500454
32.200000 -0.493602
32.250000 -0.514158
32.300000 -0.534713
32.350000 -0.558694
32.400000 -0.640915
32.450000 -0.747118
32.500000 -0.836192
32.550000 -0.918413
32.600000 -1.021189
32.650000 -1.086281
32.700000 -1.096559
32.750000 -1.089707
32.800000 -1.072577
32.850000 -1.010912
32.900000 -0.894431
32.950000 -0.777951
33.000000 -0.671748
33.050000 -0.555268
33.100000 -0.438788
33.150000 -0.349715
33.200000 -0.284623
33.250000 -0.243512
33.300000 -0.246938
33.350000 -0.294900
33.400000 -0.346289
33.450000 -0.377121
33.500000 -0.435362
33.550000 -0.527861
33.600000 -0.616935
33.650000 -0.716285
33.700000 -0.849895
33.750000 -0.973227
33.800000 -1.076003
33.850000 -1.195910
33.900000 -1.332945
33.950000 -1.428870
34.000000 -1.497388
34.050000 -1.565906
34.100000 -1.576183
34.150000 -1.504240
34.200000 -1.415167
34.250000 -1.339797
34.300000 -1.264427
34.350000 -1.182206
34.400000 -1.141096
34.450000 -1.127392
34.500000 -1.120540
34.550000 -1.134244
34.600000 -1.192484
34.650000 -1.271279
34.700000 -1.308964
34.750000 -1.329519
34.800000 -1.384334
34.850000 -1.435722
34.900000 -1.446000
34.950000 -1.442574
35.000000 -1.439147
35.050000 -1.404889
35.100000 -1.343223
35.150000 -1.308964
35.200000 -1.298686
35.250000 -1.257576
35.300000 -1.192484
35.350000 -1.151373
35.400000 -1.096559
35.450000 -1.004060
35.500000 -0.908135
35.550000 -0.822487
35.600000 -0.743692
35.650000 -0.695730
35.700000 -0.699156
35.750000 -0.726563
35.800000 -0.771099
35.850000 -0.867024
35.900000 -0.980078
35.950000 -1.106836
36.000000 -1.247298
36.050000 -1.374056
36.100000 -1.463129
36.150000 -1.535072
36.200000 -1.596739
36.250000 -1.593313
36.300000 -1.524795
36.350000 -1.411740
36.400000 -1.291835
36.450000 -1.178780
36.500000 -1.065726
36.550000 -0.969801
36.600000 -0.932116
36.650000 -0.959524
36.700000 -1.007486
36.750000 -1.055448
36.800000 -1.134244
36.850000 -1.243872
36.900000 -1.350075
36.950000 -1.442574
37.000000 -1.517943
37.050000 -1.531647
37.100000 -1.476833
37.150000 -1.398037
37.200000 -1.298686
37.250000 -1.158225
37.300000 -0.993782
37.350000 -0.846469
37.400000 -0.712859
37.450000 -0.606657
37.500000 -0.558694
37.550000 -0.551842
37.600000 -0.565546
37.650000 -0.613508
37.700000 -0.695730
37.750000 -0.784802
37.800000 -0.870450
37.850000 -0.949245
37.900000 -1.004060
37.950000 -1.024615
38.000000 -1.024615
38.050000 -0.997207
38.100000 -0.935542
38.150000 -0.846469
38.200000 -0.757396
38.250000 -0.675174
38.300000 -0.620360
38.350000 -0.599805
38.400000 -0.620360
38.450000 -0.671748
38.500000 -0.764248
38.550000 -0.873876
38.600000 -1.004060
38.650000 -1.161651
38.700000 -1.302112
38.750000 -1.398037
38.800000 -1.469981
38.850000 -1.500813
38.900000 -1.452851
38.950000 -1.343223
39.000000 -1.206187
39.050000 -1.031467
39.100000 -0.832765
39.150000 -0.671748
39.200000 -0.555268
39.250000 -0.452492
39.300000 -0.407955
39.350000 -0.438788
39.400000 -0.510731
39.450000 -0.616935
39.500000 -0.757395
39.550000 -0.914987
39.600000 -1.055448
39.650000 -1.151373
39.700000 -1.213039
39.750000 -1.223317
39.800000 -1.202761
39.850000 -1.161651
39.900000 -1.096559
39.950000 -1.000634
40.000000 -0.921838
40.050000 -0.880727
40.100000 -0.856747
40.150000 -0.856747
40.200000 -0.894432
40.250000 -0.956097
40.300000 -1.031466
40.350000 -1.130818
40.400000 -1.233594
40.450000 -1.332945
40.500000 -1.446000
40.550000 -1.569331
40.600000 -1.661831
40.650000 -1.709793
40.700000 -1.744052
40.750000 -1.737201
40.800000 -1.702941
40.850000 -1.672108
40.900000 -1.624146
40.950000 -1.531647
41.000000 -1.435721
41.050000 -1.360353
41.100000 -1.281556
41.150000 -1.230168
41.200000 -1.233594
41.250000 -1.261002
41.300000 -1.326093
41.350000 -1.449426
41.400000 -1.589887
41.450000 -1.696089
41.500000 -1.778311
41.550000 -1.836551
41.600000 -1.839977
41.650000 -1.802292
41.700000 -1.726923
41.750000 -1.596739
41.800000 -1.439148
41.850000 -1.295261
41.900000 -1.151373
41.950000 -1.010912
42.000000 -0.914987
42.050000 -0.853320
42.100000 -0.815636
42.150000 -0.798507
42.200000 -0.798507
42.250000 -0.791655
42.300000 -0.805358
42.350000 -0.846469
42.400000 -0.887579
42.450000 -0.887580
42.500000 -0.860172
42.550000 -0.856746
42.600000 -0.897858
42.650000 -0.935542
42.700000 -0.952672
42.750000 -0.980078
42.800000 -1.045170
42.850000 -1.096558
42.900000 -1.093133
42.950000 -1.072577
43.000000 -1.076004
43.050000 -1.065726
43.100000 -1.024615
43.150000 -0.956097
43.200000 -0.894431
43.250000 -0.860172
43.300000 -0.860173
43.350000 -0.877302
43.400000 -0.897857
43.450000 -0.928691
43.500000 -0.956097
43.550000 -0.976652
43.600000 -1.031467
43.650000 -1.120540
43.700000 -1.178780
43.750000 -1.202761
43.800000 -1.247298
43.850000 -1.315816
43.900000 -1.353501
43.950000 -1.374055
44.000000 -1.394611
44.050000 -1.391186
44.100000 -1.370630
44.150000 -1.339797
44.200000 -1.274705
44.250000 -1.178780
44.300000 -1.082856
44.350000 -0.993782
44.400000 -0.901283
44.450000 -0.829340
44.500000 -0.801932
44.550000 -0.788229
44.600000 -0.812210
44.650000 -0.897857
44.700000 -0.993782
44.750000 -1.065726
44.800000 -1.151373
44.850000 -1.264427
44.900000 -1.380907
44.950000 -1.500814
45.000000 -1.630998
45.050000 -1.737200
45.100000 -1.795441
45.150000 -1.829699
45.200000 -1.853681
45.250000 -1.836551
45.300000 -1.781737
45.350000 -1.723497
45.400000 -1.644701
45.450000 -1.511092
45.500000 -1.332945
45.550000 -1.182206
45.600000 -1.076003
45.650000 -1.000634
45.700000 -0.962949
45.750000 -0.952672
45.800000 -0.969801
45.850000 -1.010912
45.900000 -1.072578
45.950000 -1.117114
46.000000 -1.154799
46.050000 -1.175354
46.100000 -1.171928
46.150000 -1.168503
46.200000 -1.158225
46.250000 -1.099984
46.300000 -1.014337
46.350000 -0.966374
46.400000 -0.952671
46.450000 -0.945820
46.500000 -0.956097
46.550000 -0.997208
46.600000 -1.048596
46.650000 -1.103411
46.700000 -1.147947
46.750000 -1.189058
46.800000 -1.223317
46.850000 -1.267853
46.900000 -1.288409
46.950000 -1.291835
47.000000 -1.305538
47.050000 -1.315816
47.100000 -1.291835
47.150000 -1.254150
47.200000 -1.216465
47.250000 -1.165077
47.300000 -1.086281
47.350000 -1.010911
47.400000 -0.945820
47.450000 -0.846469
47.500000 -0.702582
47.550000 -0.572397
47.600000 -0.493602
47.650000 -0.449065
47.700000 -0.407955
47.750000 -0.401103
47.800000 -0.418233
47.850000 -0.442214
47.900000 -0.469621
47.950000 -0.517583
48.000000 -0.592953
48.050000 -0.675175
48.100000 -0.733414
48.150000 -0.764247
48.200000 -0.808784
48.250000 -0.867024
48.300000 -0.884154
48.350000 -0.867024
48.400000 -0.884153
48.450000 -0.935542
48.500000 -0.973227
48.550000 -1.007485
48.600000 -1.055448
48.650000 -1.099985
48.700000 -1.130818
48.750000 -1.154799
48.800000 -1.182206
48.850000 -1.219891
48.900000 -1.257575
48.950000 -1.274705
49.000000 -1.284983
49.050000 -1.302112
49.100000 -1.305538
49.150000 -1.288409
49.200000 -1.295260
49.250000 -1.339797
49.300000 -1.377481
49.350000 -1.404888
49.400000 -1.452851
49.450000 -1.493962
49.500000 -1.487110
49.550000 -1.446000
49.600000 -1.411741
49.650000 -1.377482
49.700000 -1.343223
49.750000 -1.305538
49.800000 -1.264427
49.850000 -1.223317
49.900000 -1.202761
49.950000 -1.202761
50.000000 -1.199336
50.050000 -1.206187
50.100000 -1.202762
50.150000 -1.192483
50.200000 -1.189057
50.250000 -1.168502
50.300000 -1.110262
50.350000 -1.062300
50.400000 -1.072577
50.450000 -1.096559
50.500000 -1.106836
50.550000 -1.141095
50.600000 -1.182206
50.650000 -1.209613
50.700000 -1.261002
50.750000 -1.329519
50.800000 -1.370630
50.850000 -1.408315
50.900000 -1.439148
50.950000 -1.459703
51.000000 -1.483684
51.050000 -1.521370
51.100000 -1.511092
51.150000 -1.463129
51.200000 -1.428870
51.250000 -1.394612
51.300000 -1.329519
51.350000 -1.240446
51.400000 -1.134243
51.450000 -0.990357
51.500000 -0.836192
51.550000 -0.702582
51.600000 -0.582675
51.650000 -0.490177
51.700000 -0.442214
51.750000 -0.445640
51.800000 -0.524435
51.850000 -0.675175
51.900000 -0.839617
51.950000 -0.997208
52.000000 -1.189058
52.050000 -1.374056
52.100000 -1.483684
52.150000 -1.545350
52.200000 -1.596738
52.250000 -1.586461
52.300000 -1.500814
52.350000 -1.411741
52.400000 -1.308964
52.450000 -1.175354
52.500000 -1.069151
52.550000 -1.038318
52.600000 -1.031467
52.650000 -1.031467
52.700000 -1.089707
52.750000 -1.199336
52.800000 -1.326093
52.850000 -1.432296
52.900000 -1.507665
52.950000 -1.559054
53.000000 -1.593313
53.050000 -1.579609
53.100000 -1.504240
53.150000 -1.418592
53.200000 -1.322668
53.250000 -1.182206
53.300000 -1.031467
53.350000 -0.925264
53.400000 -0.853320
53.450000 -0.819062
53.500000 -0.822488
53.550000 -0.846469
53.600000 -0.901283
53.650000 -0.976652
53.700000 -1.031467
53.750000 -1.069152
53.800000 -1.134243
53.850000 -1.199336
53.900000 -1.209613
53.950000 -1.213039
54.000000 -1.223317
54.050000 -1.202762
54.100000 -1.185632
54.150000 -1.199335
54.200000 -1.178781
54.250000 -1.130818
54.300000 -1.144522
54.350000 -1.206187
54.400000 -1.243872
54.450000 -1.291835
54.500000 -1.343223
54.550000 -1.360353
54.600000 -1.380908
54.650000 -1.425444
54.700000 -1.428870
54.750000 -1.391185
54.800000 -1.350075
54.850000 -1.305538
54.900000 -1.240446
54.950000 -1.199335
55.000000 -1.192484
55.050000 -1.175354
55.100000 -1.158225
55.150000 -1.171929
55.200000 -1.213039
55.250000 -1.278131
55.300000 -1.356926
55.350000 -1.449425
55.400000 -1.545350
55.450000 -1.630998
55.500000 -1.658405
55.550000 -1.654979
55.600000 -1.668682
55.650000 -1.661831
55.700000 -1.610442
55.750000 -1.555628
55.800000 -1.507665
55.850000 -1.432296
55.900000 -1.360352
55.950000 -1.336371
56.000000 -1.343223
56.050000 -1.319242
56.100000 -1.284983
56.150000 -1.284983
56.200000 -1.319241
56.250000 -1.360353
56.300000 -1.408315
56.350000 -1.452851
56.400000 -1.504239
56.450000 -1.572758
56.500000 -1.627572
56.550000 -1.675535
56.600000 -1.733774
56.650000 -1.781737
56.700000 -1.792014
56.750000 -1.792015
56.800000 -1.781737
56.850000 -1.737200
56.900000 -1.637849
56.950000 -1.541925
57.000000 -1.473406
57.050000 -1.418592
57.100000 -1.343223
57.150000 -1.261002
57.200000 -1.213040
57.250000 -1.175354
57.300000 -1.113688
57.350000 -1.045170
57.400000 -0.997207
57.450000 -0.935542
57.500000 -0.860172
57.550000 -0.825914
57.600000 -0.819061
57.650000 -0.808784
57.700000 -0.819062
57.750000 -0.891005
57.800000 -0.976653
57.850000 -1.062300
57.900000 -1.175355
57.950000 -1.288408
58.000000 -1.353500
58.050000 -1.394611
58.100000 -1.391185
58.150000 -1.312389
58.200000 -1.216465
58.250000 -1.134243
58.300000 -1.034893
58.350000 -0.921838
58.400000 -0.836192
58.450000 -0.774525
58.500000 -0.733414
58.550000 -0.736841
58.600000 -0.757396
58.650000 -0.764248
58.700000 -0.777951
58.750000 -0.812210
58.800000 -0.829339
58.850000 -0.836191
58.900000 -0.843043
58.950000 -0.846469
59.000000 -0.849895
59.050000 -0.856747
59.100000 -0.856746
59.150000 -0.867024
59.200000 -0.884153
59.250000 -0.880727
59.300000 -0.836191
59.350000 -0.788228
59.400000 -0.753970
59.450000 -0.692303
59.500000 -0.616934
59.550000 -0.572398
59.600000 -0.548417
59.650000 -0.527861
59.700000 -0.538138
59.750000 -0.586101
59.800000 -0.651193
59.850000 -0.736841
59.900000 -0.856747
59.950000 -0.980079
60.000000 -1.086281
60.050000 -1.175354
60.100000 -1.233594
60.150000 -1.271279
60.200000 -1.298687
60.250000 -1.295261
60.300000 -1.264428
60.350000 -1.250724
60.400000 -1.243872
60.450000 -1.199335
60.500000 -1.141096
60.550000 -1.093132
60.600000 -1.045171
60.650000 -1.000634
60.700000 -0.966375
60.750000 -0.914987
60.800000 -0.867024
60.850000 -0.860173
60.900000 -0.849895
60.950000 -0.812210
61.000000 -0.801933
61.050000 -0.829340
61.100000 -0.829339
61.150000 -0.825914
61.200000 -0.849895
61.250000 -0.860172
61.300000 -0.843043
61.350000 -0.839617
61.400000 -0.815636
61.450000 -0.767673
61.500000 -0.729989
61.550000 -0.699155
61.600000 -0.637490
61.650000 -0.592953
61.700000 -0.586101
61.750000 -0.586101
61.800000 -0.596378
61.850000 -0.637490
61.900000 -0.706007
61.950000 -0.774525
62.000000 -0.853320
62.050000 -0.918412
62.100000 -0.959523
62.150000 -1.007486
62.200000 -1.058874
62.250000 -1.058874
62.300000 -1.031467
62.350000 -1.010911
62.400000 -0.986930
62.450000 -0.928691
62.500000 -0.860172
62.550000 -0.832765
62.600000 -0.832765
62.650000 -0.849895
62.700000 -0.880727
62.750000 -0.942394
62.800000 -1.034892
62.850000 -1.130818
62.900000 -1.223317
62.950000 -1.356926
63.000000 -1.511091
63.050000 -1.627572
63.100000 -1.716645
63.150000 -1.805718
63.200000 -1.863958
63.250000 -1.860533
63.300000 -1.812570
63.350000 -1.750904
63.400000 -1.668682
63.450000 -1.562480
63.500000 -1.469981
63.550000 -1.401463
63.600000 -1.350075
63.650000 -1.329519
63.700000 -1.332945
63.750000 -1.356926
63.800000 -1.418593
63.850000 -1.514517
63.900000 -1.603591
63.950000 -1.661830
64.000000 -1.696089
64.050000 -1.706368
64.100000 -1.672109
64.150000 -1.586461
64.200000 -1.463129
64.250000 -1.319241
64.300000 -1.147947
64.350000 -0.976653
64.400000 -0.825914
64.450000 -0.699155
64.500000 -0.586101
64.550000 -0.514157
64.600000 -0.503880
64.650000 -0.514157
64.700000 -0.538139
64.750000 -0.586101
64.800000 -0.651193
64.850000 -0.692303
64.900000 -0.733414
64.950000 -0.798506
65.000000 -0.856747
65.050000 -0.856747
65.100000 -0.836191
65.150000 -0.832765
65.200000 -0.815635
65.250000 -0.764248
65.300000 -0.706007
65.350000 -0.668323
65.400000 -0.637490
65.450000 -0.640915
65.500000 -0.706007
65.550000 -0.815636
65.600000 -0.918413
65.650000 -1.034893
65.700000 -1.185632
65.750000 -1.343223
65.800000 -1.490536
65.850000 -1.627571
65.900000 -1.740626
65.950000 -1.792014
66.000000 -1.802292
66.050000 -1.768033
66.100000 -1.689238
66.150000 -1.583035
66.200000 -1.476833
66.250000 -1.377481
66.300000 -1.295261
66.350000 -1.254149
66.400000 -1.254150
66.450000 -1.291834
66.500000 -1.346649
66.550000 -1.391185
66.600000 -1.445999
66.650000 -1.541925
66.700000 -1.641276
66.750000 -1.692664
66.800000 -1.713219
66.850000 -1.737200
66.900000 -1.720071
66.950000 -1.634423
67.000000 -1.545351
67.050000 -1.459703
67.100000 -1.326093
67.150000 -1.147947
67.200000 -0.993782
67.250000 -0.880728
67.300000 -0.784802
67.350000 -0.716285
67.400000 -0.695730
67.450000 -0.723137
67.500000 -0.788229
67.550000 -0.908134
67.600000 -1.072577
67.650000 -1.254150
67.700000 -1.449426
67.750000 -1.648127
67.800000 -1.819421
67.850000 -1.966735
67.900000 -2.096919
67.950000 -2.162011
68.000000 -2.155159
68.050000 -2.114048
68.100000 -2.021549
68.150000 -1.884514
68.200000 -1.781737
68.250000 -1.720070
68.300000 -1.634423
68.350000 -1.538499
68.400000 -1.490536
68.450000 -1.483685
68.500000 -1.476832
68.550000 -1.469980
68.600000 -1.469980
68.650000 -1.476832
68.700000 -1.490536
68.750000 -1.500814
68.800000 -1.497388
68.850000 -1.493962
68.900000 -1.487110
68.950000 -1.456278
69.000000 -1.415167
69.050000 -1.387760
69.100000 -1.346648
69.150000 -1.298686
69.200000 -1.291834
69.250000 -1.319242
69.300000 -1.329519
69.350000 -1.343223
69.400000 -1.398037
69.450000 -1.432296
69.500000 -1.432296
69.550000 -1.432296
69.600000 -1.442574
69.650000 -1.425445
69.700000 -1.367204
69.750000 -1.288408
69.800000 -1.199336
69.850000 -1.110262
69.900000 -1.000634
69.950000 -0.887579
70.000000 -0.815636
70.050000 -0.795080
70.100000 -0.791655
70.150000 -0.805358
70.200000 -0.856747
70.250000 -0.938968
70.300000 -1.028041
70.350000 -1.113688
70.400000 -1.171928
70.450000 -1.216465
70.500000 -1.250724
70.550000 -1.240446
70.600000 -1.195910
70.650000 -1.141095
70.700000 -1.065725
70.750000 -0.959523
70.800000 -0.849895
70.850000 -0.753970
70.900000 -0.654619
70.950000 -0.579250
71.000000 -0.551842
71.050000 -0.562120
71.100000 -0.613508
71.150000 -0.712859
71.200000 -0.825914
71.250000 -0.942394
71.300000 -1.089707
71.350000 -1.237020
71.400000 -1.353500
71.450000 -1.456277
71.500000 -1.552203
71.550000 -1.589887
71.600000 -1.593313
71.650000 -1.572757
71.700000 -1.483684
71.750000 -1.370630
71.800000 -1.298686
71.850000 -1.233595
71.900000 -1.147947
71.950000 -1.096559
72.000000 -1.089707
72.050000 -1.093132
72.100000 -1.120540
72.150000 -1.192484
72.200000 -1.254149
72.250000 -1.315816
72.300000 -1.391185
72.350000 -1.439147
72.400000 -1.459703
72.450000 -1.476832
72.500000 -1.473407
72.550000 -1.445999
72.600000 -1.456278
72.650000 -1.469981
72.700000 -1.408315
72.750000 -1.336371
72.800000 -1.339797
72.850000 -1.360352
72.900000 -1.339797
72.950000 -1.326094
73.000000 -1.343223
73.050000 -1.350075
73.100000 -1.339797
73.150000 -1.308964
73.200000 -1.250723
73.250000 -1.202761
73.300000 -1.175354
73.350000 -1.130817
73.400000 -1.079429
73.450000 -1.048597
73.500000 -1.014338
73.550000 -0.969801
73.600000 -0.969801
73.650000 -1.000633
73.700000 -1.004060
73.750000 -1.021189
73.800000 -1.082855
73.850000 -1.137670
73.900000 -1.168502
73.950000 -1.230169
74.000000 -1.302112
74.050000 -1.332945
74.100000 -1.374056
74.150000 -1.449426
74.200000 -1.497388
74.250000 -1.493962
74.300000 -1.493962
74.350000 -1.493962
74.400000 -1.442573
74.450000 -1.363779
74.500000 -1.274705
74.550000 -1.175354
74.600000 -1.065725
74.650000 -0.962949
74.700000 -0.846469
74.750000 -0.750544
74.800000 -0.695730
74.850000 -0.661471
74.900000 -0.637490
74.950000 -0.647767
75.000000 -0.695729
75.050000 -0.750544
75.100000 -0.771099
75.150000 -0.788229
75.200000 -0.836192
75.250000 -0.891006
75.300000 -0.897857
75.350000 -0.897857
75.400000 -0.918413
75.450000 -0.918412
75.500000 -0.887579
75.550000 -0.880728
75.600000 -0.891006
75.650000 -0.894431
75.700000 -0.918412
75.750000 -0.983505
75.800000 -1.048597
75.850000 -1.113689
75.900000 -1.206187
75.950000 -1.322668
76.000000 -1.432296
76.050000 -1.548777
76.100000 -1.658405
76.150000 -1.713219
76.200000 -1.716645
76.250000 -1.689238
76.300000 -1.641275
76.350000 -1.562480
76.400000 -1.456277
76.450000 -1.336371
76.500000 -1.202762
76.550000 -1.062300
76.600000 -0.959524
76.650000 -0.887580
76.700000 -0.846469
76.750000 -0.843043
76.800000 -0.891005
76.850000 -0.938968
76.900000 -0.976652
76.950000 -1.024615
77.000000 -1.062300
77.050000 -1.045171
77.100000 -1.000634
77.150000 -0.932116
77.200000 -0.822488
77.250000 -0.702581
77.300000 -0.596379
77.350000 -0.473046
77.400000 -0.366844
77.450000 -0.339437
77.500000 -0.363418
77.550000 -0.383974
77.600000 -0.462769
77.650000 -0.586102
77.700000 -0.671748
77.750000 -0.750544
77.800000 -0.891006
77.850000 -0.990357
77.900000 -0.983505
77.950000 -0.962949
78.000000 -0.973227
78.050000 -0.928690
78.100000 -0.853320
78.150000 -0.812209
78.200000 -0.784802
78.250000 -0.729989
78.300000 -0.678600
78.350000 -0.644341
78.400000 -0.610082
78.450000 -0.606656
78.500000 -0.610083
78.550000 -0.586101
78.600000 -0.572397
78.650000 -0.596379
78.700000 -0.599805
78.750000 -0.579249
78.800000 -0.586102
78.850000 -0.610082
78.900000 -0.613509
78.950000 -0.616935
79.000000 -0.651193
79.050000 -0.692304
79.100000 -0.733414
79.150000 -0.801933
79.200000 -0.877301
79.250000 -0.942394
79.300000 -1.007485
79.350000 -1.062299
79.400000 -1.106837
79.450000 -1.130818
79.500000 -1.117115
79.550000 -1.055448
79.600000 -0.969800
79.650000 -0.863599
79.700000 -0.719711
79.750000 -0.568972
79.800000 -0.452491
79.850000 -0.353141
79.900000 -0.270919
79.950000 -0.236660
80.000000 -0.246938
80.050000 -0.298326
80.100000 -0.397678
80.150000 -0.544990
80.200000 -0.706008
80.250000 -0.849894
80.300000 -0.962949
80.350000 -1.034892
80.400000 -1.089707
80.450000 -1.141095
80.500000 -1.137669
80.550000 -1.106837
80.600000 -1.096558
80.650000 -1.093133
80.700000 -1.058874
80.750000 -1.031467
80.800000 -1.052022
80.850000 -1.048596
80.900000 -1.014337
80.950000 -0.997208
81.000000 -0.983505
81.050000 -0.935542
81.100000 -0.891005
81.150000 -0.856747
81.200000 -0.801932
81.250000 -0.719711
81.300000 -0.644341
81.350000 -0.582675
81.400000 -0.558694
81.450000 -0.596379
81.500000 -0.651193
81.550000 -0.699155
81.600000 -0.747118
81.650000 -0.819062
81.700000 -0.918412
81.750000 -1.021190
81.800000 -1.096559
81.850000 -1.127392
81.900000 -1.144521
81.950000 -1.178780
82.000000 -1.209613
82.050000 -1.213039
82.100000 -1.192483
82.150000 -1.182206
82.200000 -1.199335
82.250000 -1.230168
82.300000 -1.230169
82.350000 -1.209614
82.400000 -1.199335
82.450000 -1.202762
82.500000 -1.161651
82.550000 -1.096558
82.600000 -1.045171
82.650000 -0.986931
82.700000 -0.870450
82.750000 -0.757396
82.800000 -0.675174
82.850000 -0.586101
82.900000 -0.479899
82.950000 -0.421658
83.000000 -0.397677
83.050000 -0.377121
83.100000 -0.377122
83.150000 -0.431936
83.200000 -0.517583
83.250000 -0.610082
83.300000 -0.706007
83.350000 -0.784803
83.400000 -0.849895
83.450000 -0.918412
83.500000 -0.962949
83.550000 -0.973227
83.600000 -0.990356
83.650000 -1.017764
83.700000 -1.004060
83.750000 -0.976653
83.800000 -0.980078
83.850000 -1.000634
83.900000 -1.017764
83.950000 -1.048596
84.000000 -1.089707
84.050000 -1.103410
84.100000 -1.117114
84.150000 -1.134244
84.200000 -1.130818
84.250000 -1.099985
84.300000 -1.069151
84.350000 -1.031467
84.400000 -1.000633
84.450000 -0.969801
84.500000 -0.918412
84.550000 -0.860172
84.600000 -0.832765
84.650000 -0.832766
84.700000 -0.849895
84.750000 -0.891005
84.800000 -0.956098
84.850000 -1.034893
84.900000 -1.120540
84.950000 -1.209614
85.000000 -1.302112
85.050000 -1.370630
85.100000 -1.380908
85.150000 -1.363778
85.200000 -1.350074
85.250000 -1.295260
85.300000 -1.151373
85.350000 -0.990357
85.400000 -0.863599
85.450000 -0.743692
85.500000 -0.616934
85.550000 -0.541565
85.600000 -0.524436
85.650000 -0.538139
85.700000 -0.575824
85.750000 -0.620360
85.800000 -0.664896
85.850000 -0.706007
85.900000 -0.747118
85.950000 -0.750543
86.000000 -0.716285
86.050000 -0.688877
86.100000 -0.675174
86.150000 -0.654619
86.200000 -0.647767
86.250000 -0.682026
86.300000 -0.740267
86.350000 -0.805359
86.400000 -0.887579
86.450000 -0.976653
86.500000 -1.082855
86.550000 -1.161651
86.600000 -1.185632
86.650000 -1.154799
86.700000 -1.099984
86.750000 -1.004060
86.800000 -0.891005
86.850000 -0.784803
86.900000 -0.682026
86.950000 -0.568972
87.000000 -0.483324
87.050000 -0.466195
87.100000 -0.466195
87.150000 -0.476472
87.200000 -0.521010
87.250000 -0.599804
87.300000 -0.688877
87.350000 -0.801932
87.400000 -0.925264
87.450000 -1.010911
87.500000 -1.072578
87.550000 -1.154799
87.600000 -1.199336
87.650000 -1.185632
87.700000 -1.165077
87.750000 -1.134243
87.800000 -1.065726
87.850000 -0.980079
87.900000 -0.901283
87.950000 -0.812209
88.000000 -0.740267
88.050000 -0.733414
88.100000 -0.777951
88.150000 -0.846469
88.200000 -0.942394
88.250000 -1.058873
88.300000 -1.206187
88.350000 -1.350074
88.400000 -1.456277
88.450000 -1.511091
88.500000 -1.517943
88.550000 -1.493962
88.600000 -1.456277
88.650000 -1.374056
88.700000 -1.233594
88.750000 -1.089707
88.800000 -1.017763
88.850000 -0.993782
88.900000 -0.969801
88.950000 -0.969801
89.000000 -1.010911
89.050000 -1.082855
89.100000 -1.171928
89.150000 -1.254150
89.200000 -1.291835
89.250000 -1.295260
89.300000 -1.278131
89.350000 -1.230168
89.400000 -1.144521
89.450000 -1.069151
89.500000 -1.004059
89.550000 -0.942394
89.600000 -0.897857
89.650000 -0.884154
89.700000 -0.870450
89.750000 -0.853321
89.800000 -0.860172
89.850000 -0.863598
89.900000 -0.856747
89.950000 -0.843043
90.000000 -0.815636
90.050000 -0.760822
90.100000 -0.695729
90.150000 -0.644341
90.200000 -0.620360
90.250000 -0.627212
90.300000 -0.651193
90.350000 -0.678600
90.400000 -0.716285
90.450000 -0.757396
90.500000 -0.791655
90.550000 -0.822487
90.600000 -0.843043
90.650000 -0.843043
90.700000 -0.832765
90.750000 -0.805358
90.800000 -0.750544
90.850000 -0.695730
90.900000 -0.647767
90.950000 -0.599805
91.000000 -0.562120
91.050000 -0.544991
91.100000 -0.551842
91.150000 -0.579250
91.200000 -0.627212
91.250000 -0.688878
91.300000 -0.743692
91.350000 -0.781376
91.400000 -0.801932
91.450000 -0.795081
91.500000 -0.747118
91.550000 -0.682026
91.600000 -0.623786
91.650000 -0.568972
91.700000 -0.500454
91.750000 -0.452491
91.800000 -0.449066
91.850000 -0.449066
91.900000 -0.442214
91.950000 -0.445640
92.000000 -0.462769
92.050000 -0.479898
92.100000 -0.479899
92.150000 -0.483324
92.200000 -0.483325
92.250000 -0.455917
92.300000 -0.401103
92.350000 -0.342863
92.400000 -0.301752
92.450000 -0.288049
92.500000 -0.291474
92.550000 -0.294901
92.600000 -0.315456
92.650000 -0.383974
92.700000 -0.466195
92.750000 -0.517584
92.800000 -0.575823
92.850000 -0.664897
92.900000 -0.719711
92.950000 -0.723137
93.000000 -0.743692
93.050000 -0.791655
93.100000 -0.805358
93.150000 -0.791655
93.200000 -0.822488
93.250000 -0.863598
93.300000 -0.884154
93.350000 -0.901283
93.400000 -0.938968
93.450000 -0.962949
93.500000 -0.966375
93.550000 -0.983504
93.600000 -0.997208
93.650000 -0.990356
93.700000 -0.980079
93.750000 -1.000634
93.800000 -1.024615
93.850000 -1.038318
93.900000 -1.062300
93.950000 -1.093133
94.000000 -1.103410
94.050000 -1.117114
94.100000 -1.123966
94.150000 -1.103410
94.200000 -1.028041
94.250000 -0.925264
94.300000 -0.819062
94.350000 -0.719711
94.400000 -0.640915
94.450000 -0.572398
94.500000 -0.493603
94.550000 -0.438788
94.600000 -0.452491
94.650000 -0.483325
94.700000 -0.497028
94.750000 -0.538139
94.800000 -0.644342
94.850000 -0.764248
94.900000 -0.853321
94.950000 -0.925264
95.000000 -0.990356
95.050000 -1.065726
95.100000 -1.134244
95.150000 -1.202762
95.200000 -1.267853
95.250000 -1.329519
95.300000 -1.374056
95.350000 -1.401463
95.400000 -1.415167
95.450000 -1.418592
95.500000 -1.415166
95.550000 -1.387759
95.600000 -1.346649
95.650000 -1.295260
95.700000 -1.237021
95.750000 -1.178780
95.800000 -1.141096
95.850000 -1.137669
95.900000 -1.134243
95.950000 -1.113688
96.000000 -1.117114
96.050000 -1.151373
96.100000 -1.168503
96.150000 -1.158225
96.200000 -1.144521
96.250000 -1.137670
96.300000 -1.106836
96.350000 -1.045171
96.400000 -0.976653
96.450000 -0.904709
96.500000 -0.836191
96.550000 -0.819062
96.600000 -0.822488
96.650000 -0.808784
96.700000 -0.819062
96.750000 -0.867024
96.800000 -0.873875
96.850000 -0.829340
96.900000 -0.791655
96.950000 -0.760821
97.000000 -0.706007
97.050000 -0.627212
97.100000 -0.555269
97.150000 -0.483324
97.200000 -0.421658
97.250000 -0.383973
97.300000 -0.356566
97.350000 -0.356567
97.400000 -0.404528
97.450000 -0.449065
97.500000 -0.490176
97.550000 -0.562120
97.600000 -0.661471
97.650000 -0.719711
97.700000 -0.774525
97.750000 -0.870450
97.800000 -0.959523
97.850000 -1.031467
97.900000 -1.103411
97.950000 -1.165077
98.000000 -1.185632
98.050000 -1.182206
98.100000 -1.182206
98.150000 -1.151373
98.200000 -1.093133
98.250000 -1.028041
98.300000 -0.962949
98.350000 -0.904709
98.400000 -0.849895
98.450000 -0.805358
98.500000 -0.781376
98.550000 -0.819061
98.600000 -0.914987
98.650000 -1.000634
98.700000 -1.058874
98.750000 -1.144522
98.800000 -1.233594
98.850000 -1.254150
98.900000 -1.237020
98.950000 -1.216465
99.000000 -1.158224
99.050000 -1.052022
99.100000 -0.949245
99.150000 -0.846469
99.200000 -0.726562
99.250000 -0.630638
99.300000 -0.575823
99.350000 -0.541565
99.400000 -0.548416
99.450000 -0.620360
99.500000 -0.709433
99.550000 -0.788228
99.600000 -0.897857
99.650000 -0.993782
99.700000 -1.028041
99.750000 -1.024615
99.800000 -1.028041
99.850000 -1.010911
99.900000 -0.952671
99.950000 -0.877302
100.000000 -0.798506
100.050000 -0.712859
100.100000 -0.634064
100.150000 -0.575823
100.200000 -0.558694
100.250000 -0.572397
100.300000 -0.592953
100.350000 -0.644341
100.400000 -0.740266
100.450000 -0.843043
100.500000 -0.904709
100.550000 -0.949246
100.600000 -1.004059
100.650000 -1.010911
100.700000 -0.976652
100.750000 -0.945819
100.800000 -0.928690
100.850000 -0.884153
100.900000 -0.822488
100.950000 -0.757395
101.000000 -0.671748
101.050000 -0.565545
101.100000 -0.473047
101.150000 -0.390826
101.200000 -0.301752
101.250000 -0.209253
101.300000 -0.137310
101.350000 -0.109903
101.400000 -0.113329
101.450000 -0.140736
101.500000 -0.181846
101.550000 -0.274345
101.600000 -0.435362
101.650000 -0.627212
101.700000 -0.819061
101.750000 -1.021189
101.800000 -1.230168
101.850000 -1.398037
101.900000 -1.504239
101.950000 -1.565905
102.000000 -1.589886
102.050000 -1.548776
102.100000 -1.456277
102.150000 -1.339796
102.200000 -1.199335
102.250000 -1.055448
102.300000 -0.914987
102.350000 -0.812210
102.400000 -0.747118
102.450000 -0.709433
102.500000 -0.716285
102.550000 -0.764247
102.600000 -0.825913
102.650000 -0.894432
102.700000 -0.959523
102.750000 -1.024615
102.800000 -1.069152
102.850000 -1.086281
102.900000 -1.082855
102.950000 -1.038318
103.000000 -0.952671
103.050000 -0.860173
103.100000 -0.767673
103.150000 -0.661471
103.200000 -0.575823
103.250000 -0.541565
103.300000 -0.544990
103.350000 -0.548416
103.400000 -0.582675
103.450000 -0.647767
103.500000 -0.726563
103.550000 -0.812210
103.600000 -0.911560
103.650000 -1.007485
103.700000 -1.072577
103.750000 -1.113688
103.800000 -1.147947
103.850000 -1.182206
103.900000 -1.189058
103.950000 -1.171929
104.000000 -1.171928
104.050000 -1.202762
104.100000 -1.233594
104.150000 -1.257576
104.200000 -1.288409
104.250000 -1.308964
104.300000 -1.329519
104.350000 -1.377481
104.400000 -1.439148
104.450000 -1.476832
104.500000 -1.524795
104.550000 -1.583036
104.600000 -1.607016
104.650000 -1.579609
104.700000 -1.562480
104.750000 -1.552202
104.800000 -1.517943
104.850000 -1.480259
104.900000 -1.446000
104.950000 -1.394611
105.000000 -1.343223
105.050000 -1.305538
105.100000 -1.250724
105.150000 -1.178780
105.200000 -1.130818
105.250000 -1.096559
105.300000 -1.041744
105.350000 -0.993782
105.400000 -0.952672
105.450000 -0.904708
105.500000 -0.880728
105.550000 -0.887579
105.600000 -0.904709
105.650000 -0.942394
105.700000 -1.007485
105.750000 -1.055449
105.800000 -1.079429
105.850000 -1.127392
105.900000 -1.168502
105.950000 -1.134243
106.000000 -1.082855
106.050000 -1.052022
106.100000 -0.959523
106.150000 -0.805358
106.200000 -0.692304
106.250000 -0.613509
106.300000 -0.514157
106.350000 -0.445640
106.400000 -0.449066
106.450000 -0.476473
106.500000 -0.517584
106.550000 -0.613508
106.600000 -0.740267
106.650000 -0.853321
106.700000 -0.945820
106.750000 -1.028041
106.800000 -1.093133
106.850000 -1.154799
106.900000 -1.185632
106.950000 -1.171929
107.000000 -1.151373
107.050000 -1.137669
107.100000 -1.096559
107.150000 -1.048597
107.200000 -1.045170
107.250000 -1.041744
107.300000 -0.980079
107.350000 -0.921838
107.400000 -0.908135
107.450000 -0.891006
107.500000 -0.853320
107.550000 -0.805358
107.600000 -0.753969
107.650000 -0.712859
107.700000 -0.675174
107.750000 -0.630638
107.800000 -0.599805
107.850000 -0.589527
107.900000 -0.596379
107.950000 -0.596378
108.000000 -0.620360
108.050000 -0.682026
108.100000 -0.743692
108.150000 -0.798506
108.200000 -0.856746
108.250000 -0.914987
108.300000 -0.956097
108.350000 -0.986931
108.400000 -1.028041
108.450000 -1.034893
108.500000 -1.000634
108.550000 -0.962949
108.600000 -0.952671
108.650000 -0.949246
108.700000 -0.932116
108.750000 -0.928690
108.800000 -0.952671
108.850000 -0.976653
108.900000 -0.980079
108.950000 -0.993782
109.000000 -1.017763
109.050000 -1.014338
109.100000 -0.983505
109.150000 -0.956098
109.200000 -0.928690
109.250000 -0.891005
109.300000 -0.870450
109.350000 -0.884154
109.400000 -0.925264
109.450000 -1.024615
109.500000 -1.147948
109.550000 -1.247298
109.600000 -1.350074
109.650000 -1.469981
109.700000 -1.531647
109.750000 -1.535073
109.800000 -1.535073
109.850000 -1.514518
109.900000 -1.442573
109.950000 -1.367204
110.000000 -1.281557
110.050000 -1.158225
110.100000 -1.055448
110.150000 -1.021189
110.200000 -0.997208
110.250000 -0.976653
110.300000 -0.983504
110.350000 -1.007485
110.400000 -1.041745
110.450000 -1.106837
110.500000 -1.154799
110.550000 -1.151373
110.600000 -1.154799
110.650000 -1.182206
110.700000 -1.178780
110.750000 -1.154799
110.800000 -1.175354
110.850000 -1.219890
110.900000 -1.250724
110.950000 -1.298686
111.000000 -1.360353
111.050000 -1.415166
111.100000 -1.469981
111.150000 -1.504240
111.200000 -1.504240
111.250000 -1.487110
111.300000 -1.469981
111.350000 -1.422018
111.400000 -1.336371
111.450000 -1.274705
111.500000 -1.247297
111.550000 -1.230168
111.600000 -1.233595
111.650000 -1.264428
111.700000 -1.336371
111.750000 -1.422019
111.800000 -1.514517
111.850000 -1.583035
111.900000 -1.630998
111.950000 -1.661831
112.000000 -1.634424
112.050000 -1.535073
112.100000 -1.404889
112.150000 -1.284982
112.200000 -1.151373
112.250000 -1.014338
112.300000 -0.911560
112.350000 -0.853320
112.400000 -0.825914
112.450000 -0.825913
112.500000 -0.853321
112.550000 -0.921838
112.600000 -1.024615
112.650000 -1.106837
112.700000 -1.165077
112.750000 -1.213039
112.800000 -1.233594
112.850000 -1.213039
112.900000 -1.178780
112.950000 -1.161651
113.000000 -1.120540
113.050000 -1.048596
113.100000 -0.986930
113.150000 -0.949246
113.200000 -0.932117
113.250000 -0.952671
113.300000 -0.983504
113.350000 -1.007486
113.400000 -1.045171
113.450000 -1.093132
113.500000 -1.113688
113.550000 -1.127392
113.600000 -1.171929
113.650000 -1.192484
113.700000 -1.189058
113.750000 -1.199335
113.800000 -1.213039
113.850000 -1.192483
113.900000 -1.175354
113.950000 -1.192483
114.000000 -1.209614
114.050000 -1.216465
114.100000 -1.219891
114.150000 -1.216465
114.200000 -1.199335
114.250000 -1.199335
114.300000 -1.182206
114.350000 -1.113688
114.400000 -1.021189
114.450000 -0.945819
114.500000 -0.860172
114.550000 -0.764247
114.600000 -0.682026
114.650000 -0.640915
114.700000 -0.603231
114.750000 -0.565545
114.800000 -0.548416
114.850000 -0.555268
114.900000 -0.592953
114.950000 -0.634064
115.000000 -0.671748
115.050000 -0.712859
115.100000 -0.764247
115.150000 -0.819062
115.200000 -0.873876
115.250000 -0.935542
115.300000 -0.976653
115.350000 -1.004059
115.400000 -1.069152
115.450000 -1.168502
115.500000 -1.216465
115.550000 -1.202761
115.600000 -1.209613
115.650000 -1.216464
115.700000 -1.158225
115.750000 -1.072578
115.800000 -1.017763
115.850000 -0.925265
115.900000 -0.764248
115.950000 -0.606656
116.000000 -0.503879
116.050000 -0.387400
116.100000 -0.253789
116.150000 -0.195549
116.200000 -0.233235
116.250000 -0.291474
116.300000 -0.359992
116.350000 -0.476473
116.400000 -0.644342
116.450000 -0.815636
116.500000 -0.980078
116.550000 -1.154799
116.600000 -1.302113
116.650000 -1.377482
116.700000 -1.394611
116.750000 -1.370630
116.800000 -1.298686
116.850000 -1.165077
116.900000 -0.976652
116.950000 -0.764248
117.000000 -0.575823
117.050000 -0.425085
117.100000 -0.301753
117.150000 -0.202402
117.200000 -0.157865
117.250000 -0.171568
117.300000 -0.246938
117.350000 -0.383973
117.400000 -0.555268
117.450000 -0.733415
117.500000 -0.932116
117.550000 -1.137670
117.600000 -1.305538
117.650000 -1.446000
117.700000 -1.565905
117.750000 -1.634423
117.800000 -1.644702
117.850000 -1.648127
117.900000 -1.634423
117.950000 -1.586461
118.000000 -1.531647
118.050000 -1.473407
118.100000 -1.391186
118.150000 -1.319242
118.200000 -1.281557
118.250000 -1.240447
118.300000 -1.213039
118.350000 -1.230168
118.400000 -1.264427
118.450000 -1.288409
118.500000 -1.315816
118.550000 -1.356926
118.600000 -1.384334
118.650000 -1.418592
118.700000 -1.442574
118.750000 -1.432296
118.800000 -1.411741
118.850000 -1.387759
118.900000 -1.332945
118.950000 -1.264428
119.000000 -1.223317
119.050000 -1.178781
119.100000 -1.110262
119.150000 -1.058874
119.200000 -1.045170
119.250000 -1.028041
119.300000 -0.983505
119.350000 -0.938967
119.400000 -0.918413
119.450000 -0.911561
119.500000 -0.901283
119.550000 -0.880727
119.600000 -0.860172
119.650000 -0.863598
119.700000 -0.877302
119.750000 -0.867025
119.800000 -0.846469
119.850000 -0.843043
119.900000 -0.856747
119.950000 -0.839617
120.000000 -0.822487
120.050000 -0.849894
120.100000 -0.901284
120.150000 -0.908135
120.200000 -0.894431
120.250000 -0.925264
120.300000 -0.980078
120.350000 -1.000634
120.400000 -1.000634
120.450000 -1.004060
120.500000 -0.980078
120.550000 -0.935542
120.600000 -0.863598
120.650000 -0.747117
120.700000 -0.610082
120.750000 -0.510732
120.800000 -0.421659
120.850000 -0.325733
120.900000 -0.246938
120.950000 -0.233234
121.000000 -0.298326
121.050000 -0.421658
121.100000 -0.579249
121.150000 -0.733415
121.200000 -0.921838
121.250000 -1.147947
121.300000 -1.326093
121.350000 -1.422018
121.400000 -1.500814
121.450000 -1.562479
121.500000 -1.541925
121.550000 -1.466555
121.600000 -1.411741
121.650000 -1.322668
121.700000 -1.171929
121.750000 -1.052022
121.800000 -1.004059
121.850000 -0.962949
121.900000 -0.918413
121.950000 -0.914987
122.000000 -0.949245
122.050000 -1.004059
122.100000 -1.065725
122.150000 -1.134244
122.200000 -1.178780
122.250000 -1.189058
122.300000 -1.185632
122.350000 -1.185631
122.400000 -1.178780
122.450000 -1.158225
122.500000 -1.127392
122.550000 -1.103411
122.600000 -1.069151
122.650000 -1.017763
122.700000 -0.969801
122.750000 -0.932116
122.800000 -0.870450
122.850000 -0.795080
122.900000 -0.726563
122.950000 -0.640916
123.000000 -0.514158
123.050000 -0.404529
123.100000 -0.353140
123.150000 -0.318882
123.200000 -0.277771
123.250000 -0.264067
123.300000 -0.308604
123.350000 -0.394251
123.400000 -0.476473
123.450000 -0.558694
123.500000 -0.647768
123.550000 -0.740266
123.600000 -0.819062
123.650000 -0.877302
123.700000 -0.935542
123.750000 -0.983504
123.800000 -1.014338
123.850000 -1.028041
123.900000 -1.034892
123.950000 -1.031467
124.000000 -1.010912
124.050000 -0.986930
124.100000 -0.962949
124.150000 -0.932116
124.200000 -0.908135
124.250000 -0.884154
124.300000 -0.846469
124.350000 -0.812210
124.400000 -0.801932
124.450000 -0.795080
124.500000 -0.774525
124.550000 -0.767674
124.600000 -0.812209
124.650000 -0.887580
124.700000 -0.986931
124.750000 -1.089707
124.800000 -1.195910
124.850000 -1.298687
124.900000 -1.387760
124.950000 -1.439148
125.000000 -1.466555
125.050000 -1.476833
125.100000 -1.442573
125.150000 -1.377482
125.200000 -1.308964
125.250000 -1.240446
125.300000 -1.158225
125.350000 -1.089707
125.400000 -1.048597
125.450000 -0.990356
125.500000 -0.928690
125.550000 -0.918412
125.600000 -0.921838
125.650000 -0.887579
125.700000 -0.832765
125.750000 -0.815635
125.800000 -0.805359
125.850000 -0.774525
125.900000 -0.743693
125.950000 -0.719711
126.000000 -0.692303
126.050000 -0.671748
126.100000 -0.668322
126.150000 -0.671748
126.200000 -0.664897
126.250000 -0.640915
126.300000 -0.606656
126.350000 -0.582675
126.400000 -0.575823
126.450000 -0.555268
126.500000 -0.531287
126.550000 -0.544991
126.600000 -0.599805
126.650000 -0.671749
126.700000 -0.743692
126.750000 -0.819062
126.800000 -0.928690
126.850000 -1.076003
126.900000 -1.182206
126.950000 -1.230168
127.000000 -1.274705
127.050000 -1.329519
127.100000 -1.312390
127.150000 -1.233595
127.200000 -1.168503
127.250000 -1.096558
127.300000 -0.990356
127.350000 -0.891005
127.400000 -0.815636
127.450000 -0.743692
127.500000 -0.685452
127.550000 -0.637490
127.600000 -0.582676
127.650000 -0.548416
127.700000 -0.558694
127.750000 -0.558694
127.800000 -0.551842
127.850000 -0.596379
127.900000 -0.661470
127.950000 -0.709433
128.000000 -0.764247
128.050000 -0.839617
128.100000 -0.894431
128.150000 -0.959524
128.200000 -1.055449
128.250000 -1.147947
128.300000 -1.189058
128.350000 -1.216465
128.400000 -1.237020
128.450000 -1.233594
128.500000 -1.226742
128.550000 -1.192484
128.600000 -1.137669
128.650000 -1.096559
128.700000 -1.069151
128.750000 -1.045170
128.800000 -1.031466
128.850000 -1.041744
128.900000 -1.052022
128.950000 -1.048596
129.000000 -1.062300
129.050000 -1.086281
129.100000 -1.093133
129.150000 -1.099984
129.200000 -1.127392
129.250000 -1.165077
129.300000 -1.168502
129.350000 -1.158225
129.400000 -1.154799
129.450000 -1.113688
129.500000 -1.031467
129.550000 -0.945819
129.600000 -0.870450
129.650000 -0.760821
129.700000 -0.644341
129.750000 -0.551842
129.800000 -0.486751
129.850000 -0.449066
129.900000 -0.459343
129.950000 -0.497028
130.000000 -0.572397
130.050000 -0.702582
130.100000 -0.839617
130.150000 -0.942394
130.200000 -1.065726
130.250000 -1.213039
130.300000 -1.298686
130.350000 -1.332945
130.400000 -1.374055
130.450000 -1.408315
130.500000 -1.394611
130.550000 -1.353500
130.600000 -1.305538
130.650000 -1.243872
130.700000 -1.175354
130.750000 -1.113688
130.800000 -1.065726
130.850000 -1.017763
130.900000 -0.959524
130.950000 -0.884154
131.000000 -0.805358
131.050000 -0.736841
131.100000 -0.682026
131.150000 -0.637490
131.200000 -0.599805
131.250000 -0.586102
131.300000 -0.596379
131.350000 -0.616934
131.400000 -0.627212
131.450000 -0.606656
131.500000 -0.582675
131.550000 -0.586101
131.600000 -0.613508
131.650000 -0.623786
131.700000 -0.620360
131.750000 -0.651193
131.800000 -0.719711
131.850000 -0.788229
131.900000 -0.877302
131.950000 -0.993782
132.000000 -1.103410
132.050000 -1.192484
132.100000 -1.274705
132.150000 -1.356927
132.200000 -1.415166
132.250000 -1.452851
132.300000 -1.456277
132.350000 -1.435722
132.400000 -1.411741
132.450000 -1.370630
132.500000 -1.315816
132.550000 -1.264427
132.600000 -1.213039
132.650000 -1.147947
132.700000 -1.096558
132.750000 -1.065725
132.800000 -1.014337
132.850000 -0.959523
132.900000 -0.938967
132.950000 -0.921838
133.000000 -0.884153
133.050000 -0.860172
133.100000 -0.843043
133.150000 -0.805358
133.200000 -0.781377
133.250000 -0.798507
133.300000 -0.815636
133.350000 -0.812209
133.400000 -0.832765
133.450000 -0.849894
133.500000 -0.832765
133.550000 -0.808784
133.600000 -0.829339
133.650000 -0.832765
133.700000 -0.795080
133.750000 -0.747118
133.800000 -0.733414
133.850000 -0.719711
133.900000 -0.692304
133.950000 -0.678600
134.000000 -0.675175
134.050000 -0.668322
134.100000 -0.668323
134.150000 -0.688878
134.200000 -0.729988
134.250000 -0.795081
134.300000 -0.856746
134.350000 -0.897857
134.400000 -0.932116
134.450000 -0.980079
134.500000 -1.014337
134.550000 -1.031467
134.600000 -1.045170
134.650000 -1.048597
134.700000 -1.038319
134.750000 -1.038319
134.800000 -1.058874
134.850000 -1.055448
134.900000 -1.055449
134.950000 -1.082855
135.000000 -1.113688
135.050000 -1.110262
135.100000 -1.110262
135.150000 -1.134244
135.200000 -1.123966
135.250000 -1.072577
135.300000 -1.017763
135.350000 -0.976653
135.400000 -0.932116
135.450000 -0.860173
135.500000 -0.781377
135.550000 -0.747118
135.600000 -0.736841
135.650000 -0.723137
135.700000 -0.743692
135.750000 -0.808784
135.800000 -0.849895
135.850000 -0.860172
135.900000 -0.870450
135.950000 -0.849895
136.000000 -0.771099
136.050000 -0.675174
136.100000 -0.582676
136.150000 -0.479899
136.200000 -0.397677
136.250000 -0.356567
136.300000 -0.353140
136.350000 -0.404529
136.400000 -0.544990
136.450000 -0.723137
136.500000 -0.911561
136.550000 -1.127392
136.600000 -1.367204
136.650000 -1.565906
136.700000 -1.675534
136.750000 -1.720071
136.800000 -1.726922
136.850000 -1.668682
136.900000 -1.538499
136.950000 -1.377481
137.000000 -1.223317
137.050000 -1.086281
137.100000 -0.980079
137.150000 -0.928690
137.200000 -0.918412
137.250000 -0.952671
137.300000 -1.034892
137.350000 -1.141095
137.400000 -1.223317
137.450000 -1.291835
137.500000 -1.367204
137.550000 -1.404889
137.600000 -1.391185
137.650000 -1.360352
137.700000 -1.295260
137.750000 -1.182206
137.800000 -1.072577
137.850000 -0.983504
137.900000 -0.870450
137.950000 -0.743692
138.000000 -0.664897
138.050000 -0.616934
138.100000 -0.562120
138.150000 -0.531287
138.200000 -0.551842
138.250000 -0.599805
138.300000 -0.654619
138.350000 -0.726563
138.400000 -0.832765
138.450000 -0.952672
138.500000 -1.076004
138.550000 -1.182206
138.600000 -1.267854
138.650000 -1.343223
138.700000 -1.401463
138.750000 -1.422018
138.800000 -1.415166
138.850000 -1.404888
138.900000 -1.387759
138.950000 -1.336371
139.000000 -1.257576
139.050000 -1.175354
139.100000 -1.106837
139.150000 -1.031466
139.200000 -0.925264
139.250000 -0.805358
139.300000 -0.682026
139.350000 -0.551843
139.400000 -0.428511
139.450000 -0.349715
139.500000 -0.325734
139.550000 -0.329159
139.600000 -0.390826
139.650000 -0.500454
139.700000 -0.613508
139.750000 -0.747118
139.800000 -0.918413
139.850000 -1.076004
139.900000 -1.189058
139.950000 -1.254150
140.000000 -1.254150
140.050000 -1.182206
140.100000 -1.055448
140.150000 -0.918413
140.200000 -0.781377
140.250000 -0.661471
140.300000 -0.575824
140.350000 -0.531287
140.400000 -0.531287
140.450000 -0.592953
140.500000 -0.709433
140.550000 -0.870450
140.600000 -1.045170
140.650000 -1.209613
140.700000 -1.374056
140.750000 -1.524795
140.800000 -1.634423
140.850000 -1.685812
140.900000 -1.709793
140.950000 -1.678960
141.000000 -1.600165
141.050000 -1.490536
141.100000 -1.377482
141.150000 -1.271279
141.200000 -1.158224
141.250000 -1.024615
141.300000 -0.908135
141.350000 -0.836191
141.400000 -0.791654
141.450000 -0.733414
141.500000 -0.678600
141.550000 -0.671749
141.600000 -0.682026
141.650000 -0.688878
141.700000 -0.702582
141.750000 -0.726562
141.800000 -0.753970
141.850000 -0.774525
141.900000 -0.791655
141.950000 -0.812210
142.000000 -0.812210
142.050000 -0.791654
142.100000 -0.771099
142.150000 -0.757395
142.200000 -0.726562
142.250000 -0.682026
142.300000 -0.647767
142.350000 -0.623786
142.400000 -0.603230
142.450000 -0.586101
142.500000 -0.582676
142.550000 -0.586102
142.600000 -0.589527
142.650000 -0.592953
142.700000 -0.599804
142.750000 -0.627212
142.800000 -0.668322
142.850000 -0.716284
142.900000 -0.771099
142.950000 -0.863598
143.000000 -0.986930
143.050000 -1.093133
143.100000 -1.182206
143.150000 -1.274705
143.200000 -1.356926
143.250000 -1.377481
143.300000 -1.360352
143.350000 -1.350075
143.400000 -1.329519
143.450000 -1.257576
143.500000 -1.189058
143.550000 -1.141096
143.600000 -1.093133
143.650000 -1.055448
143.700000 -1.048596
143.750000 -1.065726
143.800000 -1.093133
143.850000 -1.117114
143.900000 -1.134243
143.950000 -1.175355
144.000000 -1.226742
144.050000 -1.247298
144.100000 -1.233594
144.150000 -1.237021
144.200000 -1.243872
144.250000 -1.250724
144.300000 -1.281557
144.350000 -1.343223
144.400000 -1.398037
144.450000 -1.452851
144.500000 -1.504240
144.550000 -1.538499
144.600000 -1.538498
144.650000 -1.517943
144.700000 -1.466555
144.750000 -1.370630
144.800000 -1.243872
144.850000 -1.089707
144.900000 -0.925265
144.950000 -0.781377
145.000000 -0.654619
145.050000 -0.541565
145.100000 -0.486751
145.150000 -0.514157
145.200000 -0.586101
145.250000 -0.678600
145.300000 -0.801933
145.350000 -0.925264
145.400000 -1.031467
145.450000 -1.120540
145.500000 -1.182206
145.550000 -1.178781
145.600000 -1.130818
145.650000 -1.062300
145.700000 -0.938968
145.750000 -0.774525
145.800000 -0.623786
145.850000 -0.490177
145.900000 -0.359993
145.950000 -0.246938
146.000000 -0.188697
146.050000 -0.161291
146.100000 -0.147587
146.150000 -0.192124
146.200000 -0.281197
146.250000 -0.377121
146.300000 -0.493602
146.350000 -0.623786
146.400000 -0.733415
146.450000 -0.832765
146.500000 -0.942394
146.550000 -1.024615
146.600000 -1.052022
146.650000 -1.062300
146.700000 -1.069151
146.750000 -1.062300
146.800000 -1.048596
146.850000 -1.041744
146.900000 -1.034892
146.950000 -1.045170
147.000000 -1.076003
147.050000 -1.127392
147.100000 -1.182206
147.150000 -1.237020
147.200000 -1.291835
147.250000 -1.356926
147.300000 -1.408315
147.350000 -1.401463
147.400000 -1.367204
147.450000 -1.343223
147.500000 -1.302113
147.550000 -1.206187
147.600000 -1.106837
147.650000 -1.028041
147.700000 -0.932116
147.750000 -0.815636
147.800000 -0.706007
147.850000 -0.613508
147.900000 -0.531287
147.950000 -0.500454
148.000000 -0.490177
148.050000 -0.459343
148.100000 -0.452491
148.150000 -0.524435
148.200000 -0.630638
148.250000 -0.702581
148.300000 -0.774525
148.350000 -0.867024
148.400000 -0.935542
148.450000 -0.962949
148.500000 -0.966375
148.550000 -0.932116
148.600000 -0.880728
148.650000 -0.846469
148.700000 -0.798506
148.750000 -0.733415
148.800000 -0.702581
148.850000 -0.723136
148.900000 -0.764248
148.950000 -0.836191
149.000000 -0.949246
149.050000 -1.065726
149.100000 -1.165076
149.150000 -1.257575
149.200000 -1.339797
149.250000 -1.377481
149.300000 -1.356927
149.350000 -1.308964
149.400000 -1.254150
149.450000 -1.182206
149.500000 -1.089707
149.550000 -0.993782
149.600000 -0.918413
149.650000 -0.863598
149.700000 -0.819062
149.750000 -0.808784
149.800000 -0.843043
149.850000 -0.897857
149.900000 -0.935542
149.950000 -0.962949
150.000000 -0.980078
150.050000 -0.997208
150.100000 -1.017763
150.150000 -1.024615
150.200000 -1.007486
150.250000 -0.976653
150.300000 -0.973226
150.350000 -0.983505
150.400000 -0.980078
150.450000 -0.976653
150.500000 -0.986930
150.550000 -0.993782
150.600000 -1.007486
150.650000 -1.028041
150.700000 -1.021189
150.750000 -0.973226
150.800000 -0.921839
150.850000 -0.867024
150.900000 -0.771099
150.950000 -0.661471
151.000000 -0.572397
151.050000 -0.507306
151.100000 -0.428510
151.150000 -0.366844
151.200000 -0.329159
151.250000 -0.305179
151.300000 -0.318882
151.350000 -0.359992
151.400000 -0.397677
151.450000 -0.438788
151.500000 -0.497028
151.550000 -0.572398
151.600000 -0.654619
151.650000 -0.726563
151.700000 -0.753969
151.750000 -0.736841
151.800000 -0.729989
151.850000 -0.723136
151.900000 -0.678600
151.950000 -0.603231
152.000000 -0.551842
152.050000 -0.503879
152.100000 -0.445640
152.150000 -0.404529
152.200000 -0.407955
152.250000 -0.428510
152.300000 -0.459343
152.350000 -0.531287
152.400000 -0.668322
152.450000 -0.829340
152.500000 -0.973227
152.550000 -1.123966
152.600000 -1.288408
152.650000 -1.425444
152.700000 -1.504240
152.750000 -1.555628
152.800000 -1.600165
152.850000 -1.593313
152.900000 -1.504239
152.950000 -1.387759
153.000000 -1.291835
153.050000 -1.178780
153.100000 -1.038319
153.150000 -0.911560
153.200000 -0.808784
153.250000 -0.709433
153.300000 -0.613508
153.350000 -0.565546
153.400000 -0.568972
153.450000 -0.599804
153.500000 -0.640916
153.550000 -0.709433
153.600000 -0.798506
153.650000 -0.884154
153.700000 -0.986931
153.750000 -1.106837
153.800000 -1.195909
153.850000 -1.209613
153.900000 -1.192484
153.950000 -1.178781
154.000000 -1.134244
154.050000 -1.041745
154.100000 -0.938968
154.150000 -0.836191
154.200000 -0.736841
154.250000 -0.644341
154.300000 -0.582675
154.350000 -0.568971
154.400000 -0.606656
154.450000 -0.668323
154.500000 -0.723137
154.550000 -0.798506
154.600000 -0.901283
154.650000 -0.993782
154.700000 -1.052023
154.750000 -1.096559
154.800000 -1.127392
154.850000 -1.117114
154.900000 -1.086281
154.950000 -1.069151
155.000000 -1.038319
155.050000 -0.976653
155.100000 -0.935542
155.150000 -0.932116
155.200000 -0.938968
155.250000 -0.949245
155.300000 -0.962949
155.350000 -0.983504
155.400000 -0.993783
155.450000 -0.993782
155.500000 -1.000633
155.550000 -1.004060
155.600000 -0.983504
155.650000 -0.938968
155.700000 -0.901283
155.750000 -0.877302
155.800000 -0.870450
155.850000 -0.863598
155.900000 -0.856746
155.950000 -0.863598
156.000000 -0.873876
156.050000 -0.873876
156.100000 -0.867024
156.150000 -0.891005
156.200000 -0.945819
156.250000 -1.007486
156.300000 -1.076003
156.350000 -1.137669
156.400000 -1.175355
156.450000 -1.206187
156.500000 -1.233594
156.550000 -1.243873
156.600000 -1.219891
156.650000 -1.213039
156.700000 -1.213039
156.750000 -1.178780
156.800000 -1.123966
156.850000 -1.093133
156.900000 -1.052022
156.950000 -1.007486
157.000000 -0.980079
157.050000 -0.976652
157.100000 -0.959523
157.150000 -0.952671
157.200000 -0.986931
157.250000 -1.028041
157.300000 -1.034893
157.350000 -1.034893
157.400000 -1.048597
157.450000 -1.065726
157.500000 -1.065726
157.550000 -1.072578
157.600000 -1.086281
157.650000 -1.079430
157.700000 -1.055448
157.750000 -1.021189
157.800000 -0.983504
157.850000 -0.959523
157.900000 -0.969801
157.950000 -0.980078
158.000000 -0.969801
158.050000 -0.962949
158.100000 -0.990356
158.150000 -1.024615
158.200000 -1.058874
158.250000 -1.089707
158.300000 -1.117114
158.350000 -1.147947
158.400000 -1.168503
158.450000 -1.175355
158.500000 -1.161651
158.550000 -1.113688
158.600000 -1.028041
158.650000 -0.901283
158.700000 -0.740266
158.750000 -0.558694
158.800000 -0.394251
158.850000 -0.264068
158.900000 -0.151013
158.950000 -0.082495
159.000000 -0.106476
159.050000 -0.185272
159.100000 -0.288049
159.150000 -0.442214
159.200000 -0.661471
159.250000 -0.860172
159.300000 -1.014337
159.350000 -1.161650
159.400000 -1.288409
159.450000 -1.346648
159.500000 -1.332945
159.550000 -1.257575
159.600000 -1.130818
159.650000 -1.000634
159.700000 -0.880728
159.750000 -0.757396
159.800000 -0.658045
159.850000 -0.623786
159.900000 -0.644341
159.950000 -0.709433
160.000000 -0.819062
160.050000 -0.949245
160.100000 -1.076004
160.150000 -1.213039
160.200000 -1.332945
160.250000 -1.408315
160.300000 -1.432296
160.350000 -1.435722
160.400000 -1.384333
160.450000 -1.271279
160.500000 -1.113689
160.550000 -0.932116
160.600000 -0.767674
160.650000 -0.630637
160.700000 -0.514157
160.750000 -0.442213
160.800000 -0.431936
160.850000 -0.462769
160.900000 -0.497028
160.950000 -0.562120
161.000000 -0.654619
161.050000 -0.726563
161.100000 -0.774525
161.150000 -0.836191
161.200000 -0.880727
161.250000 -0.901283
161.300000 -0.928690
161.350000 -0.952672
161.400000 -0.938968
161.450000 -0.935542
161.500000 -0.945820
161.550000 -0.949245
161.600000 -0.959523
161.650000 -1.000634
161.700000 -1.031467
161.750000 -1.021189
161.800000 -1.024615
161.850000 -1.024616
161.900000 -0.980078
161.950000 -0.956097
162.000000 -0.956097
162.050000 -0.911561
162.100000 -0.843043
162.150000 -0.819061
162.200000 -0.819062
162.250000 -0.774525
162.300000 -0.750543
162.350000 -0.747118
162.400000 -0.733414
162.450000 -0.723137
162.500000 -0.750543
162.550000 -0.774525
162.600000 -0.798506
162.650000 -0.860172
162.700000 -0.949246
162.750000 -1.017763
162.800000 -1.099985
162.850000 -1.206188
162.900000 -1.278131
162.950000 -1.308964
163.000000 -1.350075
163.050000 -1.394612
163.100000 -1.384334
163.150000 -1.332945
163.200000 -1.284983
163.250000 -1.237020
163.300000 -1.175354
163.350000 -1.089707
163.400000 -0.993782
163.450000 -0.908135
163.500000 -0.819061
163.550000 -0.719711
163.600000 -0.627212
163.650000 -0.541564
163.700000 -0.438787
163.750000 -0.346288
163.800000 -0.288049
163.850000 -0.260642
163.900000 -0.240087
163.950000 -0.240086
164.000000 -0.260641
164.050000 -0.294901
164.100000 -0.336011
164.150000 -0.380548
164.200000 -0.435362
164.250000 -0.521010
164.300000 -0.620360
164.350000 -0.688878
164.400000 -0.747118
164.450000 -0.812210
164.500000 -0.849894
164.550000 -0.853320
164.600000 -0.873876
164.650000 -0.904709
164.700000 -0.918412
164.750000 -0.949245
164.800000 -1.041745
164.850000 -1.113688
164.900000 -1.154799
164.950000 -1.213039
165.000000 -1.302112
165.050000 -1.374055
165.100000 -1.422019
165.150000 -1.452852
165.200000 -1.459703
165.250000 -1.452851
165.300000 -1.439148
165.350000 -1.394611
165.400000 -1.326093
165.450000 -1.278131
165.500000 -1.250724
165.550000 -1.202762
165.600000 -1.144522
165.650000 -1.127391
165.700000 -1.137669
165.750000 -1.106836
165.800000 -1.069151
165.850000 -1.086281
165.900000 -1.134243
165.950000 -1.144521
166.000000 -1.151373
166.050000 -1.168503
166.100000 -1.178780
166.150000 -1.185632
166.200000 -1.219891
166.250000 -1.230168
166.300000 -1.209613
166.350000 -1.199335
166.400000 -1.199335
166.450000 -1.130818
166.500000 -1.021189
166.550000 -0.925264
166.600000 -0.836191
166.650000 -0.719711
166.700000 -0.599805
166.750000 -0.507306
166.800000 -0.425084
166.850000 -0.349714
166.900000 -0.308604
166.950000 -0.318882
167.000000 -0.356567
167.050000 -0.407954
167.100000 -0.473046
167.150000 -0.562120
167.200000 -0.706007
167.250000 -0.870450
167.300000 -0.990357
167.350000 -1.072577
167.400000 -1.171928
167.450000 -1.250724
167.500000 -1.237020
167.550000 -1.161651
167.600000 -1.082856
167.650000 -0.986931
167.700000 -0.849894
167.750000 -0.709433
167.800000 -0.599805
167.850000 -0.514157
167.900000 -0.466195
167.950000 -0.455917
168.000000 -0.490176
168.050000 -0.579249
168.100000 -0.706008
168.150000 -0.825914
168.200000 -0.949246
168.250000 -1.086281
168.300000 -1.178780
168.350000 -1.199335
168.400000 -1.189058
168.450000 -1.141095
168.500000 -1.017764
168.550000 -0.880728
168.600000 -0.777951
168.650000 -0.688878
168.700000 -0.606656
168.750000 -0.586101
168.800000 -0.630638
168.850000 -0.692303
168.900000 -0.774525
168.950000 -0.908135
169.000000 -1.069152
169.050000 -1.189057
169.100000 -1.267854
169.150000 -1.339797
169.200000 -1.404888
169.250000 -1.428870
169.300000 -1.411741
169.350000 -1.339797
169.400000 -1.230168
169.450000 -1.113688
169.500000 -0.997208
169.550000 -0.873876
169.600000 -0.750544
169.650000 -0.637490
169.700000 -0.544990
169.750000 -0.503880
169.800000 -0.514158
169.850000 -0.544990
169.900000 -0.572397
169.950000 -0.644341
170.000000 -0.781377
170.050000 -0.925264
170.100000 -1.034893
170.150000 -1.158225
170.200000 -1.302112
170.250000 -1.380908
170.300000 -1.380908
170.350000 -1.380908
170.400000 -1.387759
170.450000 -1.332945
170.500000 -1.226743
170.550000 -1.130818
170.600000 -1.062300
170.650000 -0.993782
170.700000 -0.921839
170.750000 -0.856746
170.800000 -0.815636
170.850000 -0.825914
170.900000 -0.877301
170.950000 -0.932116
171.000000 -0.962949
171.050000 -0.983505
171.100000 -0.986930
171.150000 -0.976653
171.200000 -0.935542
171.250000 -0.843043
171.300000 -0.712859
171.350000 -0.589527
171.400000 -0.507306
171.450000 -0.414806
171.500000 -0.325734
171.550000 -0.298327
171.600000 -0.325733
171.650000 -0.387400
171.700000 -0.462769
171.750000 -0.541564
171.800000 -0.623786
171.850000 -0.692303
171.900000 -0.719710
171.950000 -0.723137
172.000000 -0.716285
172.050000 -0.682026
172.100000 -0.610083
172.150000 -0.565546
172.200000 -0.551842
172.250000 -0.548416
172.300000 -0.579250
172.350000 -0.664896
172.400000 -0.767673
172.450000 -0.877302
172.500000 -0.986931
172.550000 -1.069152
172.600000 -1.134243
172.650000 -1.178780
172.700000 -1.178781
172.750000 -1.158225
172.800000 -1.123966
172.850000 -1.065725
172.900000 -0.997208
172.950000 -0.969801
173.000000 -0.952672
173.050000 -0.914987
173.100000 -0.908135
173.150000 -0.962950
173.200000 -1.007485
173.250000 -1.024615
173.300000 -1.062300
173.350000 -1.113688
173.400000 -1.141096
173.450000 -1.151373
173.500000 -1.141096
173.550000 -1.120540
173.600000 -1.113689
173.650000 -1.110263
173.700000 -1.082855
173.750000 -1.062300
173.800000 -1.072578
173.850000 -1.086281
173.900000 -1.086281
173.950000 -1.103411
174.000000 -1.171929
174.050000 -1.257576
174.100000 -1.322668
174.150000 -1.384333
174.200000 -1.463129
174.250000 -1.548777
174.300000 -1.586461
174.350000 -1.579609
174.400000 -1.565905
174.450000 -1.545350
174.500000 -1.483685
174.550000 -1.408315
174.600000 -1.332945
174.650000 -1.243872
174.700000 -1.144521
174.750000 -1.069151
174.800000 -1.010912
174.850000 -0.935542
174.900000 -0.897857
174.950000 -0.911561
175.000000 -0.914986
175.050000 -0.891006
175.100000 -0.897857
175.150000 -0.938967
175.200000 -0.983505
175.250000 -1.045171
175.300000 -1.113688
175.350000 -1.161651
175.400000 -1.223317
175.450000 -1.319242
175.500000 -1.391186
175.550000 -1.398038
175.600000 -1.391186
175.650000 -1.391185
175.700000 -1.353500
175.750000 -1.298686
175.800000 -1.254150
175.850000 -1.206187
175.900000 -1.137669
175.950000 -1.086281
176.000000 -1.072577
176.050000 -1.079429
176.100000 -1.069152
176.150000 -1.055448
176.200000 -1.069151
176.250000 -1.076003
176.300000 -1.028041
176.350000 -0.966375
176.400000 -0.949246
176.450000 -0.952671
176.500000 -0.959523
176.550000 -1.007486
176.600000 -1.086281
176.650000 -1.137669
176.700000 -1.154799
176.750000 -1.182206
176.800000 -1.233594
176.850000 -1.271279
176.900000 -1.257575
176.950000 -1.192483
177.000000 -1.110263
177.050000 -1.034893
177.100000 -0.945819
177.150000 -0.846469
177.200000 -0.791655
177.250000 -0.774525
177.300000 -0.774525
177.350000 -0.822488
177.400000 -0.891005
177.450000 -0.949246
177.500000 -1.004060
177.550000 -1.062300
177.600000 -1.076004
177.650000 -1.028041
177.700000 -0.956097
177.750000 -0.877302
177.800000 -0.777951
177.850000 -0.671749
177.900000 -0.572398
177.950000 -0.473047
178.000000 -0.425084
178.050000 -0.431936
178.100000 -0.459343
178.150000 -0.510732
178.200000 -0.616935
178.250000 -0.726562
178.300000 -0.808784
178.350000 -0.887579
178.400000 -0.969801
178.450000 -1.014337
178.500000 -1.052022
178.550000 -1.096559
178.600000 -1.117114
178.650000 -1.120540
178.700000 -1.141096
178.750000 -1.175354
178.800000 -1.230168
178.850000 -1.281557
178.900000 -1.302112
178.950000 -1.288408
179.000000 -1.295260
179.050000 -1.298686
179.100000 -1.261002
179.150000 -1.216465
179.200000 -1.209613
179.250000 -1.195909
179.300000 -1.151373
179.350000 -1.130817
179.400000 -1.141095
179.450000 -1.137669
179.500000 -1.120540
179.550000 -1.103410
179.600000 -1.069152
179.650000 -1.031467
179.700000 -1.000634
179.750000 -0.942394
179.800000 -0.856747
179.850000 -0.777951
179.900000 -0.719711
179.950000 -0.654619
180.000000 -0.613508
180.050000 -0.616934
180.100000 -0.658045
180.150000 -0.733414
180.200000 -0.839617
180.250000 -0.962949
180.300000 -1.089707
180.350000 -1.226743
180.400000 -1.343223
180.450000 -1.418592
180.500000 -1.466555
180.550000 -1.504240
180.600000 -1.487110
180.650000 -1.422018
180.700000 -1.356927
180.750000 -1.274705
180.800000 -1.137669
180.850000 -0.986931
180.900000 -0.829340
180.950000 -0.658044
181.000000 -0.500454
181.050000 -0.394251
181.100000 -0.291474
181.150000 -0.195550
181.200000 -0.168143
181.250000 -0.202402
181.300000 -0.253790
181.350000 -0.315456
181.400000 -0.401103
181.450000 -0.493602
181.500000 -0.592953
181.550000 -0.692304
181.600000 -0.753970
181.650000 -0.788229
181.700000 -0.808784
181.750000 -0.801933
181.800000 -0.774526
181.850000 -0.764248
181.900000 -0.767673
181.950000 -0.771099
182.000000 -0.805358
182.050000 -0.860173
182.100000 -0.921838
182.150000 -0.990357
182.200000 -1.082855
182.250000 -1.151373
182.300000 -1.178780
182.350000 -1.202762
182.400000 -1.216464
182.450000 -1.175355
182.500000 -1.099984
182.550000 -1.045171
182.600000 -0.983504
182.650000 -0.894431
182.700000 -0.819062
182.750000 -0.774526
182.800000 -0.750544
182.850000 -0.736840
182.900000 -0.729989
182.950000 -0.729989
183.000000 -0.729989
183.050000 -0.736841
183.100000 -0.736840
183.150000 -0.747118
183.200000 -0.771100
183.250000 -0.777951
183.300000 -0.760821
183.350000 -0.764248
183.400000 -0.781377
183.450000 -0.798506
183.500000 -0.839617
183.550000 -0.935542
183.600000 -1.038318
183.650000 -1.120540
183.700000 -1.206187
183.750000 -1.298686
183.800000 -1.380908
183.850000 -1.435722
183.900000 -1.452852
183.950000 -1.432296
184.000000 -1.411741
184.050000 -1.387760
184.100000 -1.326093
184.150000 -1.240447
184.200000 -1.161651
184.250000 -1.099984
184.300000 -1.062300
184.350000 -1.048596
184.400000 -1.038319
184.450000 -1.048597
184.500000 -1.096559
184.550000 -1.137670
184.600000 -1.147947
184.650000 -1.165076
184.700000 -1.175354
184.750000 -1.130818
184.800000 -1.079429
184.850000 -1.065726
184.900000 -1.045171
184.950000 -1.004060
185.000000 -0.966375
185.050000 -0.911561
185.100000 -0.805358
185.150000 -0.702582
185.200000 -0.630638
185.250000 -0.538139
185.300000 -0.455918
185.350000 -0.414807
185.400000 -0.394251
185.450000 -0.349714
185.500000 -0.325734
185.550000 -0.349715
185.600000 -0.397677
185.650000 -0.431936
185.700000 -0.459343
185.750000 -0.490177
185.800000 -0.521009
185.850000 -0.551842
185.900000 -0.575824
185.950000 -0.592953
186.000000 -0.613508
186.050000 -0.634063
186.100000 -0.668323
186.150000 -0.743692
186.200000 -0.849895
186.250000 -0.959523
186.300000 -1.062300
186.350000 -1.185632
186.400000 -1.312389
186.450000 -1.398038
186.500000 -1.425444
186.550000 -1.411740
186.600000 -1.367204
186.650000 -1.271280
186.700000 -1.134244
186.750000 -0.966375
186.800000 -0.784803
186.850000 -0.623786
186.900000 -0.503880
186.950000 -0.421658
187.000000 -0.359992
187.050000 -0.329160
187.100000 -0.349714
187.150000 -0.383974
187.200000 -0.414806
187.250000 -0.469621
187.300000 -0.551842
187.350000 -0.616934
187.400000 -0.664897
187.450000 -0.716285
187.500000 -0.753969
187.550000 -0.750544
187.600000 -0.753970
187.650000 -0.771099
187.700000 -0.774525
187.750000 -0.771099
187.800000 -0.788229
187.850000 -0.815635
187.900000 -0.846469
187.950000 -0.901283
188.000000 -0.966375
188.050000 -1.010912
188.100000 -1.058874
188.150000 -1.093133
188.200000 -1.099984
188.250000 -1.086281
188.300000 -1.076003
188.350000 -1.041744
188.400000 -0.966375
188.450000 -0.867024
188.500000 -0.757395
188.550000 -0.644341
188.600000 -0.517584
188.650000 -0.383974
188.700000 -0.288048
188.750000 -0.267493
188.800000 -0.288049
188.850000 -0.336011
