time[ns] Raw_signal[mV]
-11.150000 0.577879
-11.100000 0.471677
-11.050000 0.358623
-11.000000 0.231865
-10.950000 0.118810
-10.900000 0.033163
-10.850000 -0.045633
-10.800000 -0.103873
-10.750000 -0.114151
-10.700000 -0.097021
-10.650000 -0.076466
-10.600000 -0.031929
-10.550000 0.043441
-10.500000 0.115384
-10.450000 0.170198
-10.400000 0.225013
-10.350000 0.279827
-10.300000 0.334641
-10.250000 0.372326
-10.200000 0.386030
-10.150000 0.368900
-10.100000 0.320937
-10.050000 0.259272
-10.000000 0.214735
-9.950000 0.163347
-9.900000 0.091402
-9.850000 0.046866
-9.800000 0.012607
-9.750000 -0.049058
-9.700000 -0.114151
-9.650000 -0.144984
-9.600000 -0.175816
-9.550000 -0.230631
-9.500000 -0.258038
-9.450000 -0.240908
-9.400000 -0.234057
-9.350000 -0.258038
-9.300000 -0.282019
-9.250000 -0.288871
-9.200000 -0.319704
-9.150000 -0.350537
-9.100000 -0.343685
-9.050000 -0.323130
-9.000000 -0.309426
-8.950000 -0.275168
-8.900000 -0.223779
-8.850000 -0.172391
-8.800000 -0.121002
-8.750000 -0.045633
-8.700000 0.033163
-8.650000 0.084551
-8.600000 0.111958
-8.550000 0.146217
-8.500000 0.163347
-8.450000 0.149643
-8.400000 0.111959
-8.350000 0.074273
-8.300000 0.040015
-8.250000 0.005756
-8.200000 -0.025077
-8.150000 -0.059336
-8.100000 -0.079891
-8.050000 -0.069614
-8.000000 -0.038781
-7.950000 -0.014800
-7.900000 0.012607
-7.850000 0.077700
-7.800000 0.125661
-7.750000 0.129088
-7.700000 0.170198
-7.650000 0.248993
-7.600000 0.279826
-7.550000 0.283252
-7.500000 0.310660
-7.450000 0.331216
-7.400000 0.300382
-7.350000 0.245568
-7.300000 0.183902
-7.250000 0.084551
-7.200000 -0.052484
-7.150000 -0.196372
-7.100000 -0.347111
-7.050000 -0.473869
-7.000000 -0.545813
-6.950000 -0.580072
-6.900000 -0.593775
-6.850000 -0.569794
-6.800000 -0.514980
-6.750000 -0.436184
-6.700000 -0.323130
-6.650000 -0.203224
-6.600000 -0.097022
-6.550000 -0.014800
-6.500000 0.057144
-6.450000 0.081125
-6.400000 0.029737
-6.350000 -0.069614
-6.300000 -0.186095
-6.250000 -0.319704
-6.200000 -0.463591
-6.150000 -0.593775
-6.100000 -0.686274
-6.050000 -0.737662
-6.000000 -0.747940
-5.950000 -0.730810
-5.900000 -0.682849
-5.850000 -0.590349
-5.800000 -0.490999
-5.750000 -0.391648
-5.700000 -0.285446
-5.650000 -0.186094
-5.600000 -0.121003
-5.550000 -0.083318
-5.500000 -0.076466
-5.450000 -0.114150
-5.400000 -0.172391
-5.350000 -0.230631
-5.300000 -0.288871
-5.250000 -0.353963
-5.200000 -0.398500
-5.150000 -0.432758
-5.100000 -0.460165
-5.050000 -0.456740
-5.000000 -0.408777
-4.950000 -0.357389
-4.900000 -0.282019
-4.850000 -0.141558
-4.800000 0.005755
-4.750000 0.129088
-4.700000 0.255845
-4.650000 0.403159
-4.600000 0.495658
-4.550000 0.523065
-4.500000 0.533342
-4.450000 0.529916
-4.400000 0.468251
-4.350000 0.351771
-4.300000 0.214734
-4.250000 0.070848
-4.200000 -0.083317
-4.150000 -0.216928
-4.100000 -0.319704
-4.050000 -0.398500
-4.000000 -0.412204
-3.950000 -0.350537
-3.900000 -0.268316
-3.850000 -0.175817
-3.800000 -0.049059
-3.750000 0.077699
-3.700000 0.170198
-3.650000 0.255846
-3.600000 0.355196
-3.550000 0.430566
-3.500000 0.464825
-3.450000 0.457973
-3.400000 0.444269
-3.350000 0.447695
-3.300000 0.386029
-3.250000 0.225012
-3.200000 0.101680
-3.150000 0.091403
-3.100000 0.002329
-3.050000 -0.203223
-3.000000 -0.254612
-2.950000 -0.186094
-2.900000 -0.227205
-2.850000 -0.282019
-2.800000 -0.223779
-2.750000 -0.216927
-2.700000 -0.210076
-2.650000 0.029737
-2.600000 0.228438
-2.550000 0.115384
-2.500000 0.074273
-2.450000 0.255845
-2.400000 0.218160
-2.350000 -0.021651
-2.300000 -0.025077
-2.250000 0.022885
-2.200000 -0.172391
-2.150000 -0.261464
-2.100000 -0.073040
-2.050000 -0.055911
-2.000000 -0.268316
-1.950000 -0.340259
-1.900000 -0.244335
-1.850000 -0.144983
-1.800000 -0.025078
-1.750000 0.012607
-1.700000 -0.127855
-1.650000 -0.192946
-1.600000 -0.148410
-1.550000 -0.244334
-1.500000 -0.384796
-1.450000 -0.264890
-1.400000 -0.117577
-1.350000 -0.182669
-1.300000 -0.210076
-1.250000 -0.162113
-1.200000 -0.240908
-1.150000 -0.251186
-1.100000 -0.045633
-1.050000 -0.028503
-1.000000 -0.264890
-0.950000 -0.278593
-0.900000 -0.069614
-0.850000 -0.042207
-0.800000 -0.066188
-0.750000 0.081125
-0.700000 0.163347
-0.650000 0.084551
-0.600000 0.094829
-0.550000 0.183902
-0.500000 0.166772
-0.450000 0.122236
-0.400000 0.156495
-0.350000 0.187328
-0.300000 0.153068
-0.250000 0.111958
-0.200000 0.046866
-0.150000 -0.035355
-0.100000 -0.093595
-0.050000 -0.151836
0.000000 -0.203224
0.050000 -0.223779
0.100000 -0.275167
0.150000 -0.364240
0.200000 -0.350537
0.250000 -0.254612
0.300000 -0.285445
0.350000 -0.388222
0.400000 -0.306001
0.450000 -0.107299
0.500000 -0.021651
0.550000 -0.001097
0.600000 0.081125
0.650000 0.139366
0.700000 0.125661
0.750000 0.159921
0.800000 0.276401
0.850000 0.410010
0.900000 0.598435
0.950000 0.944449
1.000000 1.468611
1.050000 2.191473
1.100000 3.184981
1.150000 4.521079
1.200000 6.189487
1.250000 8.183353
1.300000 10.512960
1.350000 13.096080
1.400000 15.768278
1.450000 18.430193
1.500000 21.088683
1.550000 23.682082
1.600000 26.035671
1.650000 28.074069
1.700000 29.858967
1.750000 31.373204
1.800000 32.503749
1.850000 33.315681
1.900000 33.970034
1.950000 34.521595
2.000000 34.891592
2.050000 35.066311
2.100000 35.145114
2.150000 35.196500
2.200000 35.151961
2.250000 34.891590
2.300000 34.422248
2.350000 33.771332
2.400000 32.908001
2.450000 31.791160
2.500000 30.461916
2.550000 28.964804
2.600000 27.289545
2.650000 25.484103
2.700000 23.671809
2.750000 21.921177
2.800000 20.187671
2.850000 18.512418
2.900000 17.070110
2.950000 15.877909
3.000000 14.846715
3.050000 14.007371
3.100000 13.428388
3.150000 13.013860
3.200000 12.698674
3.250000 12.561643
3.300000 12.589052
3.350000 12.640443
3.400000 12.719229
3.450000 12.938493
3.500000 13.253672
3.550000 13.572283
3.600000 13.894309
3.650000 14.260887
3.700000 14.634304
3.750000 14.963195
3.800000 15.268094
3.850000 15.531888
3.900000 15.672355
3.950000 15.689483
4.000000 15.648374
4.050000 15.497626
4.100000 15.168749
4.150000 14.719949
4.200000 14.212922
4.250000 13.627093
4.300000 12.969328
4.350000 12.284149
4.400000 11.581843
4.450000 10.913791
4.500000 10.300560
4.550000 9.697595
4.600000 9.118623
4.650000 8.594462
4.700000 8.080579
4.750000 7.583825
4.800000 7.165866
4.850000 6.809573
4.900000 6.477261
4.950000 6.199764
5.000000 5.983934
5.050000 5.778380
5.100000 5.637918
5.150000 5.610512
5.200000 5.655049
5.250000 5.750974
5.300000 5.946249
5.350000 6.213468
5.400000 6.484114
5.450000 6.747908
5.500000 7.018553
5.550000 7.282346
5.600000 7.522158
5.650000 7.690027
5.700000 7.755119
5.750000 7.741416
5.800000 7.672897
5.850000 7.546139
5.900000 7.371419
5.950000 7.159013
6.000000 6.888368
6.050000 6.600594
6.100000 6.333374
6.150000 6.079858
6.200000 5.802361
6.250000 5.497457
6.300000 5.209683
6.350000 4.966444
6.400000 4.747188
6.450000 4.510801
6.500000 4.260711
6.550000 4.027750
6.600000 3.818771
6.650000 3.613218
6.700000 3.411090
6.750000 3.253499
6.800000 3.109612
6.850000 2.945169
6.900000 2.791004
6.950000 2.695079
7.000000 2.633414
7.050000 2.585451
7.100000 2.585451
7.150000 2.633413
7.200000 2.725912
7.250000 2.852670
7.300000 3.034242
7.350000 3.256926
7.400000 3.496738
7.450000 3.715994
7.500000 3.914697
7.550000 4.092842
7.600000 4.216175
7.650000 4.267563
7.700000 4.260711
7.750000 4.199045
7.800000 4.055158
7.850000 3.866733
7.900000 3.692013
7.950000 3.496737
8.000000 3.260351
8.050000 3.041095
8.100000 2.866373
8.150000 2.715635
8.200000 2.582025
8.250000 2.479248
8.300000 2.397026
8.350000 2.331935
8.400000 2.287399
8.450000 2.249713
8.500000 2.208603
8.550000 2.181196
8.600000 2.136659
8.650000 2.071567
8.700000 1.999623
8.750000 1.927680
8.800000 1.838607
8.850000 1.752960
8.900000 1.684441
8.950000 1.588517
9.000000 1.461759
9.050000 1.358982
9.100000 1.304168
9.150000 1.311020
9.200000 1.355556
9.250000 1.393241
9.300000 1.430926
9.350000 1.513147
9.400000 1.598794
9.450000 1.633053
9.500000 1.687868
9.550000 1.783792
9.600000 1.821477
9.650000 1.811199
9.700000 1.831755
9.750000 1.838607
9.800000 1.770089
9.850000 1.681015
9.900000 1.612498
9.950000 1.502869
10.000000 1.372685
10.050000 1.269909
10.100000 1.153429
10.150000 1.033523
10.200000 0.958153
10.250000 0.899912
10.300000 0.848525
10.350000 0.845099
10.400000 0.879358
10.450000 0.899912
10.500000 0.937598
10.550000 0.999263
10.600000 1.043800
10.650000 1.054077
10.700000 1.060930
10.750000 1.074634
10.800000 1.057504
10.850000 1.033522
10.900000 1.030097
10.950000 1.030096
11.000000 1.033523
11.050000 1.057503
11.100000 1.122596
11.150000 1.218520
11.200000 1.307593
11.250000 1.389815
11.300000 1.465185
11.350000 1.496018
11.400000 1.468610
11.450000 1.413796
11.500000 1.321297
11.550000 1.177410
11.600000 1.012967
11.650000 0.841673
11.700000 0.663527
11.750000 0.505936
11.800000 0.403159
11.850000 0.348345
11.900000 0.331215
11.950000 0.375752
12.000000 0.478528
12.050000 0.622416
12.100000 0.800562
12.150000 0.982134
12.200000 1.132873
12.250000 1.256205
12.300000 1.355556
12.350000 1.396667
12.400000 1.355556
12.450000 1.280187
12.500000 1.173984
12.550000 1.043800
12.600000 0.910191
12.650000 0.780007
12.700000 0.612138
12.750000 0.478529
12.800000 0.444270
12.850000 0.416862
12.900000 0.338066
12.950000 0.317511
13.000000 0.375751
13.050000 0.420288
13.100000 0.451121
13.150000 0.499084
13.200000 0.505935
13.250000 0.461399
13.300000 0.416862
13.350000 0.365474
13.400000 0.276401
13.450000 0.190753
13.500000 0.129088
13.550000 0.070847
13.600000 0.009182
13.650000 -0.038781
13.700000 -0.045633
13.750000 -0.011374
13.800000 0.040015
13.850000 0.101680
13.900000 0.190754
13.950000 0.293530
14.000000 0.365474
14.050000 0.403158
14.100000 0.437417
14.150000 0.461398
14.200000 0.454547
14.250000 0.416862
14.300000 0.358622
14.350000 0.293530
14.400000 0.225012
14.450000 0.166772
14.500000 0.149643
14.550000 0.170198
14.600000 0.190753
14.650000 0.194180
14.700000 0.228439
14.750000 0.290104
14.800000 0.314086
14.850000 0.296956
14.900000 0.296956
14.950000 0.307234
15.000000 0.293531
15.050000 0.266123
15.100000 0.238716
15.150000 0.197605
15.200000 0.142791
15.250000 0.098255
15.300000 0.074274
15.350000 0.067421
15.400000 0.074273
15.450000 0.087977
15.500000 0.108532
15.550000 0.135940
15.600000 0.159921
15.650000 0.139365
15.700000 0.087977
15.750000 0.040014
15.800000 -0.007948
15.850000 -0.059337
15.900000 -0.093596
15.950000 -0.110725
16.000000 -0.134706
16.050000 -0.148409
16.100000 -0.124428
16.150000 -0.076466
16.200000 -0.018226
16.250000 0.070848
16.300000 0.177050
16.350000 0.262698
16.400000 0.344919
16.450000 0.437418
16.500000 0.519639
16.550000 0.553898
16.600000 0.557324
16.650000 0.540194
16.700000 0.523065
16.750000 0.499083
16.800000 0.464825
16.850000 0.420288
16.900000 0.375752
16.950000 0.341493
17.000000 0.314086
17.050000 0.286678
17.100000 0.242142
17.150000 0.187328
17.200000 0.108533
17.250000 0.005755
17.300000 -0.086744
17.350000 -0.158688
17.400000 -0.244335
17.450000 -0.343685
17.500000 -0.391648
17.550000 -0.374519
17.600000 -0.319704
17.650000 -0.254612
17.700000 -0.165539
17.750000 -0.042207
17.800000 0.105106
17.850000 0.252420
17.900000 0.386030
17.950000 0.495658
18.000000 0.560750
18.050000 0.581305
18.100000 0.564175
18.150000 0.529917
18.200000 0.481954
18.250000 0.403159
18.300000 0.317511
18.350000 0.252420
18.400000 0.197605
18.450000 0.132513
18.500000 0.074274
18.550000 0.063995
18.600000 0.084551
18.650000 0.108532
18.700000 0.132514
18.750000 0.135939
18.800000 0.115384
18.850000 0.094829
18.900000 0.084551
18.950000 0.070848
19.000000 0.067421
19.050000 0.053718
19.100000 0.043441
19.150000 0.040015
19.200000 0.033163
19.250000 0.022885
19.300000 0.033163
19.350000 0.050292
19.400000 0.040014
19.450000 0.002330
19.500000 -0.025077
19.550000 -0.021651
19.600000 -0.031929
19.650000 -0.073040
19.700000 -0.103873
19.750000 -0.093595
19.800000 -0.093595
19.850000 -0.124429
19.900000 -0.117576
19.950000 -0.062763
20.000000 -0.025078
20.050000 -0.004522
20.100000 0.033163
20.150000 0.074273
20.200000 0.101680
20.250000 0.108533
20.300000 0.077699
20.350000 0.019459
20.400000 -0.014800
20.450000 -0.035355
20.500000 -0.055911
20.550000 -0.055910
20.600000 -0.038781
20.650000 -0.018225
20.700000 0.029736
20.750000 0.132513
20.800000 0.248994
20.850000 0.348344
20.900000 0.437418
20.950000 0.509362
21.000000 0.560750
21.050000 0.567602
21.100000 0.533343
21.150000 0.433992
21.200000 0.286678
21.250000 0.115384
21.300000 -0.073040
21.350000 -0.275167
21.400000 -0.477295
21.450000 -0.631460
21.500000 -0.713682
21.550000 -0.765069
21.600000 -0.789051
21.650000 -0.744515
21.700000 -0.628034
21.750000 -0.494424
21.800000 -0.336834
21.850000 -0.155261
21.900000 0.009181
21.950000 0.139365
22.000000 0.259271
22.050000 0.375752
22.100000 0.444269
22.150000 0.454547
22.200000 0.437417
22.250000 0.413437
22.300000 0.358622
22.350000 0.262697
22.400000 0.146217
22.450000 0.046866
22.500000 -0.059336
22.550000 -0.175817
22.600000 -0.268316
22.650000 -0.336833
22.700000 -0.391648
22.750000 -0.429332
22.800000 -0.443036
22.850000 -0.432758
22.900000 -0.408777
22.950000 -0.391648
23.000000 -0.398500
23.050000 -0.415629
23.100000 -0.432759
23.150000 -0.460165
23.200000 -0.497851
23.250000 -0.518405
23.300000 -0.504702
23.350000 -0.470444
23.400000 -0.415629
23.450000 -0.336834
23.500000 -0.213501
23.550000 -0.059337
23.600000 0.101681
23.650000 0.235290
23.700000 0.344919
23.750000 0.427140
23.800000 0.468250
23.850000 0.457973
23.900000 0.413437
23.950000 0.351771
24.000000 0.290105
24.050000 0.221586
24.100000 0.173624
24.150000 0.146217
24.200000 0.122236
24.250000 0.115384
24.300000 0.132513
24.350000 0.139366
24.400000 0.139365
24.450000 0.142791
24.500000 0.118810
24.550000 0.084551
24.600000 0.063996
24.650000 0.040015
24.700000 -0.018226
24.750000 -0.066188
24.800000 -0.079892
24.850000 -0.073040
24.900000 -0.073040
24.950000 -0.083317
25.000000 -0.103873
25.050000 -0.107299
25.100000 -0.100447
25.150000 -0.124429
25.200000 -0.175817
25.250000 -0.213502
25.300000 -0.234056
25.350000 -0.247760
25.400000 -0.254612
25.450000 -0.247760
25.500000 -0.234056
25.550000 -0.206650
25.600000 -0.165539
25.650000 -0.124428
25.700000 -0.090170
25.750000 -0.059336
25.800000 -0.038781
25.850000 -0.042207
25.900000 -0.073040
25.950000 -0.100447
26.000000 -0.141558
26.050000 -0.199798
26.100000 -0.254612
26.150000 -0.295723
26.200000 -0.326555
26.250000 -0.357389
26.300000 -0.353963
26.350000 -0.323130
26.400000 -0.292297
26.450000 -0.251186
26.500000 -0.206650
26.550000 -0.168965
26.600000 -0.131280
26.650000 -0.079892
26.700000 -0.038781
26.750000 -0.014800
26.800000 -0.001097
26.850000 0.002329
26.900000 0.012608
26.950000 0.036588
27.000000 0.036588
27.050000 0.019459
27.100000 0.005755
27.150000 -0.011374
27.200000 -0.049059
27.250000 -0.090170
27.300000 -0.127854
27.350000 -0.148410
27.400000 -0.165539
27.450000 -0.192946
27.500000 -0.213501
27.550000 -0.203223
27.600000 -0.192946
27.650000 -0.199797
27.700000 -0.196372
27.750000 -0.182669
27.800000 -0.196372
27.850000 -0.223779
27.900000 -0.234057
27.950000 -0.247760
28.000000 -0.278594
28.050000 -0.302575
28.100000 -0.312853
28.150000 -0.323130
28.200000 -0.336834
28.250000 -0.360815
28.300000 -0.364241
28.350000 -0.323130
28.400000 -0.275168
28.450000 -0.282020
28.500000 -0.312852
28.550000 -0.312852
28.600000 -0.319704
28.650000 -0.353963
28.700000 -0.371092
28.750000 -0.364241
28.800000 -0.377944
28.850000 -0.391648
28.900000 -0.360815
28.950000 -0.319704
29.000000 -0.319704
29.050000 -0.319704
29.100000 -0.278594
29.150000 -0.216927
29.200000 -0.189520
29.250000 -0.148409
29.300000 -0.073040
29.350000 -0.011374
29.400000 0.009182
29.450000 0.016033
29.500000 0.033163
29.550000 0.036588
29.600000 0.016033
29.650000 -0.021652
29.700000 -0.062763
29.750000 -0.127854
29.800000 -0.213501
29.850000 -0.288871
29.900000 -0.353963
29.950000 -0.443036
30.000000 -0.549238
30.050000 -0.638312
30.100000 -0.703403
30.150000 -0.720534
30.200000 -0.696552
30.250000 -0.682848
30.300000 -0.669145
30.350000 -0.614331
30.400000 -0.556090
30.450000 -0.528683
30.500000 -0.473869
30.550000 -0.395074
30.600000 -0.357389
30.650000 -0.340260
30.700000 -0.309426
30.750000 -0.292297
30.800000 -0.288871
30.850000 -0.292297
30.900000 -0.306001
30.950000 -0.319704
31.000000 -0.292297
31.050000 -0.258038
31.100000 -0.261464
31.150000 -0.264890
31.200000 -0.247761
31.250000 -0.251187
31.300000 -0.271742
31.350000 -0.295723
31.400000 -0.329982
31.450000 -0.388222
31.500000 -0.446462
31.550000 -0.487572
31.600000 -0.511554
31.650000 -0.521831
31.700000 -0.511554
31.750000 -0.497850
31.800000 -0.463591
31.850000 -0.398499
31.900000 -0.353963
31.950000 -0.333408
32.000000 -0.302575
32.050000 -0.268315
32.100000 -0.275168
32.150000 -0.312852
32.200000 -0.360815
32.250000 -0.429333
32.300000 -0.504702
32.350000 -0.559516
32.400000 -0.604053
32.450000 -0.634886
32.500000 -0.634886
32.550000 -0.617757
32.600000 -0.604053
32.650000 -0.583498
32.700000 -0.583497
32.750000 -0.604053
32.800000 -0.593775
32.850000 -0.569794
32.900000 -0.576646
32.950000 -0.573220
33.000000 -0.514980
33.050000 -0.449888
33.100000 -0.391647
33.150000 -0.306000
33.200000 -0.234057
33.250000 -0.213502
33.300000 -0.186094
33.350000 -0.165539
33.400000 -0.206650
33.450000 -0.258038
33.500000 -0.295722
33.550000 -0.367667
33.600000 -0.470443
33.650000 -0.542387
33.700000 -0.593775
33.750000 -0.614330
33.800000 -0.580072
33.850000 -0.525258
33.900000 -0.470443
33.950000 -0.388222
34.000000 -0.306001
34.050000 -0.264890
34.100000 -0.223780
34.150000 -0.168965
34.200000 -0.158687
34.250000 -0.182669
34.300000 -0.172390
34.350000 -0.134706
34.400000 -0.124428
34.450000 -0.117576
34.500000 -0.073040
34.550000 -0.018226
34.600000 0.033163
34.650000 0.098254
34.700000 0.156494
34.750000 0.173624
34.800000 0.156495
34.850000 0.122235
34.900000 0.057144
34.950000 -0.025078
35.000000 -0.121003
35.050000 -0.251186
35.100000 -0.398499
35.150000 -0.538961
35.200000 -0.672571
35.250000 -0.775348
35.300000 -0.857569
35.350000 -0.936364
35.400000 -1.015159
35.450000 -1.056270
35.500000 -1.066549
35.550000 -1.063122
35.600000 -1.032290
35.650000 -0.998030
35.700000 -0.987753
35.750000 -0.974049
35.800000 -0.956919
35.850000 -0.960345
35.900000 -0.967197
35.950000 -0.963771
36.000000 -0.998031
36.050000 -1.063122
36.100000 -1.076826
36.150000 -1.052845
36.200000 -1.028863
36.250000 -0.980901
36.300000 -0.902105
36.350000 -0.837014
36.400000 -0.765070
36.450000 -0.679423
36.500000 -0.586924
36.550000 -0.497851
36.600000 -0.432758
36.650000 -0.415629
36.700000 -0.391648
36.750000 -0.353963
36.800000 -0.360815
36.850000 -0.415629
36.900000 -0.443036
36.950000 -0.456740
37.000000 -0.511554
37.050000 -0.552665
37.100000 -0.538961
37.150000 -0.521832
37.200000 -0.528683
37.250000 -0.532109
37.300000 -0.494425
37.350000 -0.432758
37.400000 -0.360815
37.450000 -0.282019
37.500000 -0.186094
37.550000 -0.097021
37.600000 -0.038781
37.650000 -0.007948
37.700000 0.005756
37.750000 -0.011374
37.800000 -0.059336
37.850000 -0.121002
37.900000 -0.186094
37.950000 -0.258038
38.000000 -0.353963
38.050000 -0.449888
38.100000 -0.521832
38.150000 -0.580072
38.200000 -0.604053
38.250000 -0.580072
38.300000 -0.521832
38.350000 -0.460166
38.400000 -0.408777
38.450000 -0.357389
38.500000 -0.309426
38.550000 -0.251186
38.600000 -0.213502
38.650000 -0.227205
38.700000 -0.275167
38.750000 -0.323130
38.800000 -0.381370
38.850000 -0.456740
38.900000 -0.532109
38.950000 -0.607479
39.000000 -0.699978
39.050000 -0.775348
39.100000 -0.795903
39.150000 -0.792477
39.200000 -0.782199
39.250000 -0.751366
39.300000 -0.682848
39.350000 -0.580071
39.400000 -0.494425
39.450000 -0.432759
39.500000 -0.357389
39.550000 -0.275168
39.600000 -0.251187
39.650000 -0.258038
39.700000 -0.254612
39.750000 -0.254613
39.800000 -0.309427
39.850000 -0.388222
39.900000 -0.456740
39.950000 -0.514980
40.000000 -0.590349
40.050000 -0.669145
40.100000 -0.713681
40.150000 -0.723959
40.200000 -0.720533
40.250000 -0.717107
40.300000 -0.682848
40.350000 -0.607479
40.400000 -0.542387
40.450000 -0.497850
40.500000 -0.446462
40.550000 -0.408777
40.600000 -0.398500
40.650000 -0.405351
40.700000 -0.422481
40.750000 -0.463591
40.800000 -0.504702
40.850000 -0.542387
40.900000 -0.580072
40.950000 -0.597201
41.000000 -0.573220
41.050000 -0.521831
41.100000 -0.473869
41.150000 -0.412203
41.200000 -0.329981
41.250000 -0.254612
41.300000 -0.213502
41.350000 -0.172391
41.400000 -0.148409
41.450000 -0.175817
41.500000 -0.223779
41.550000 -0.251186
41.600000 -0.282019
41.650000 -0.323130
41.700000 -0.340260
41.750000 -0.309426
41.800000 -0.271742
41.850000 -0.237483
41.900000 -0.206650
41.950000 -0.162113
42.000000 -0.103873
42.050000 -0.062762
42.100000 -0.055910
42.150000 -0.045633
42.200000 -0.045633
42.250000 -0.093595
42.300000 -0.168965
42.350000 -0.227205
42.400000 -0.302575
42.450000 -0.405351
42.500000 -0.473869
42.550000 -0.497851
42.600000 -0.532110
42.650000 -0.559516
42.700000 -0.542387
42.750000 -0.501276
42.800000 -0.473869
42.850000 -0.443036
42.900000 -0.408778
42.950000 -0.377944
43.000000 -0.371092
43.050000 -0.401926
43.100000 -0.446462
43.150000 -0.484147
43.200000 -0.542387
43.250000 -0.638311
43.300000 -0.737663
43.350000 -0.809606
43.400000 -0.871272
43.450000 -0.905531
43.500000 -0.912383
43.550000 -0.884976
43.600000 -0.823310
43.650000 -0.730811
43.700000 -0.638312
43.750000 -0.559516
43.800000 -0.456739
43.850000 -0.326556
43.900000 -0.206650
43.950000 -0.131281
44.000000 -0.076466
44.050000 -0.042207
44.100000 -0.042207
44.150000 -0.042207
44.200000 -0.038781
44.250000 -0.062762
44.300000 -0.134706
44.350000 -0.213502
44.400000 -0.275168
44.450000 -0.343686
44.500000 -0.401925
44.550000 -0.415629
44.600000 -0.412203
44.650000 -0.412203
44.700000 -0.391648
44.750000 -0.333408
44.800000 -0.275168
44.850000 -0.230631
44.900000 -0.155261
44.950000 -0.069614
45.000000 -0.038781
45.050000 -0.035355
45.100000 -0.021651
45.150000 -0.025077
45.200000 -0.052484
45.250000 -0.093595
45.300000 -0.131280
45.350000 -0.179242
45.400000 -0.213502
45.450000 -0.240909
45.500000 -0.282020
45.550000 -0.319704
45.600000 -0.340260
45.650000 -0.353963
45.700000 -0.350537
45.750000 -0.302574
45.800000 -0.240909
45.850000 -0.186094
45.900000 -0.141558
45.950000 -0.103873
46.000000 -0.090169
46.050000 -0.103873
46.100000 -0.131280
46.150000 -0.175817
46.200000 -0.240908
46.250000 -0.316278
46.300000 -0.388222
46.350000 -0.439610
46.400000 -0.463591
46.450000 -0.480721
46.500000 -0.480721
46.550000 -0.429332
46.600000 -0.364240
46.650000 -0.306000
46.700000 -0.223779
46.750000 -0.114151
46.800000 -0.049059
46.850000 -0.014800
46.900000 0.033163
46.950000 0.070848
47.000000 0.046866
47.050000 -0.004522
47.100000 -0.045633
47.150000 -0.083318
47.200000 -0.144984
47.250000 -0.230631
47.300000 -0.306001
47.350000 -0.329982
47.400000 -0.316279
47.450000 -0.299149
47.500000 -0.261464
47.550000 -0.165539
47.600000 -0.059336
47.650000 0.036589
47.700000 0.146217
47.750000 0.262697
47.800000 0.338067
47.850000 0.392881
47.900000 0.444270
47.950000 0.444269
48.000000 0.389456
48.050000 0.314086
48.100000 0.207883
48.150000 0.060569
48.200000 -0.073040
48.250000 -0.158687
48.300000 -0.203224
48.350000 -0.237483
48.400000 -0.247761
48.450000 -0.227205
48.500000 -0.189520
48.550000 -0.144984
48.600000 -0.110725
48.650000 -0.083318
48.700000 -0.038782
48.750000 -0.014800
48.800000 -0.025077
48.850000 -0.055911
48.900000 -0.100447
48.950000 -0.158687
49.000000 -0.227205
49.050000 -0.282019
49.100000 -0.326556
49.150000 -0.360814
49.200000 -0.371092
49.250000 -0.353963
49.300000 -0.323130
49.350000 -0.288871
49.400000 -0.261464
49.450000 -0.254612
49.500000 -0.258039
49.550000 -0.251187
49.600000 -0.247760
49.650000 -0.271741
49.700000 -0.288872
49.750000 -0.292297
49.800000 -0.309426
49.850000 -0.336833
49.900000 -0.329982
49.950000 -0.282019
50.000000 -0.247760
50.050000 -0.234057
50.100000 -0.196372
50.150000 -0.158688
50.200000 -0.158687
50.250000 -0.179242
50.300000 -0.203224
50.350000 -0.247761
50.400000 -0.312853
50.450000 -0.377945
50.500000 -0.432759
50.550000 -0.456739
50.600000 -0.439610
50.650000 -0.408778
50.700000 -0.374519
50.750000 -0.329981
50.800000 -0.258038
50.850000 -0.179243
50.900000 -0.117577
50.950000 -0.069614
51.000000 -0.035355
51.050000 -0.018226
51.100000 -0.045632
51.150000 -0.138132
51.200000 -0.254612
51.250000 -0.360815
51.300000 -0.484147
51.350000 -0.614331
51.400000 -0.727385
51.450000 -0.778774
51.500000 -0.785625
51.550000 -0.747940
51.600000 -0.662293
51.650000 -0.566368
51.700000 -0.463591
51.750000 -0.323130
51.800000 -0.196372
51.850000 -0.107299
51.900000 -0.018226
51.950000 0.067421
52.000000 0.084551
52.050000 0.060569
52.100000 0.057144
52.150000 0.016033
52.200000 -0.079892
52.250000 -0.162113
52.300000 -0.203224
52.350000 -0.278593
52.400000 -0.357389
52.450000 -0.401925
52.500000 -0.436184
52.550000 -0.470443
52.600000 -0.463591
52.650000 -0.443036
52.700000 -0.432758
52.750000 -0.381370
52.800000 -0.309427
52.850000 -0.254612
52.900000 -0.186095
52.950000 -0.093595
53.000000 -0.021651
53.050000 0.005756
53.100000 0.009182
53.150000 -0.011374
53.200000 -0.062762
53.250000 -0.144984
53.300000 -0.264890
53.350000 -0.391648
53.400000 -0.490998
53.450000 -0.586924
53.500000 -0.689700
53.550000 -0.751367
53.600000 -0.761644
53.650000 -0.754792
53.700000 -0.730811
53.750000 -0.662293
53.800000 -0.583498
53.850000 -0.514980
53.900000 -0.439611
53.950000 -0.381370
54.000000 -0.360815
54.050000 -0.350537
54.100000 -0.326556
54.150000 -0.319704
54.200000 -0.350537
54.250000 -0.388222
54.300000 -0.412203
54.350000 -0.432759
54.400000 -0.443036
54.450000 -0.436185
54.500000 -0.419055
54.550000 -0.398499
54.600000 -0.384796
54.650000 -0.374518
54.700000 -0.347111
54.750000 -0.299148
54.800000 -0.240909
54.850000 -0.199798
54.900000 -0.158687
54.950000 -0.124429
55.000000 -0.117577
55.050000 -0.117577
55.100000 -0.138132
55.150000 -0.203224
55.200000 -0.288871
55.250000 -0.377944
55.300000 -0.473870
55.350000 -0.566368
55.400000 -0.652016
55.450000 -0.737663
55.500000 -0.795903
55.550000 -0.826736
55.600000 -0.860995
55.650000 -0.895254
55.700000 -0.881550
55.750000 -0.847291
55.800000 -0.837014
55.850000 -0.826736
55.900000 -0.768496
55.950000 -0.699978
56.000000 -0.631460
56.050000 -0.556090
56.100000 -0.473869
56.150000 -0.408777
56.200000 -0.329982
56.250000 -0.275167
56.300000 -0.251186
56.350000 -0.230631
56.400000 -0.227205
56.450000 -0.282019
56.500000 -0.350537
56.550000 -0.395073
56.600000 -0.477296
56.650000 -0.583498
56.700000 -0.641738
56.750000 -0.669145
56.800000 -0.703404
56.850000 -0.717108
56.900000 -0.675997
56.950000 -0.634886
57.000000 -0.617757
57.050000 -0.590349
57.100000 -0.576646
57.150000 -0.590350
57.200000 -0.600627
57.250000 -0.600627
57.300000 -0.621182
57.350000 -0.631460
57.400000 -0.607478
57.450000 -0.569794
57.500000 -0.514980
57.550000 -0.429332
57.600000 -0.350537
57.650000 -0.288871
57.700000 -0.220353
57.750000 -0.165539
57.800000 -0.151835
57.850000 -0.182668
57.900000 -0.240909
57.950000 -0.312853
58.000000 -0.371092
58.050000 -0.443036
58.100000 -0.542387
58.150000 -0.586924
58.200000 -0.549239
58.250000 -0.490998
58.300000 -0.422481
58.350000 -0.309426
58.400000 -0.175817
58.450000 -0.042207
58.500000 0.081125
58.550000 0.177050
58.600000 0.218161
58.650000 0.228438
58.700000 0.211309
58.750000 0.163347
58.800000 0.098254
58.850000 0.043440
58.900000 -0.021652
58.950000 -0.069615
59.000000 -0.097021
59.050000 -0.127854
59.100000 -0.151836
59.150000 -0.103873
59.200000 -0.038781
59.250000 -0.021652
59.300000 -0.004522
59.350000 0.053718
59.400000 0.077699
59.450000 0.022885
59.500000 -0.042207
59.550000 -0.107299
59.600000 -0.206649
59.650000 -0.323130
59.700000 -0.405351
59.750000 -0.477295
59.800000 -0.552665
59.850000 -0.604053
59.900000 -0.617757
59.950000 -0.614330
60.000000 -0.583497
60.050000 -0.514979
60.100000 -0.422481
60.150000 -0.340260
60.200000 -0.264890
60.250000 -0.186094
60.300000 -0.138132
60.350000 -0.148410
60.400000 -0.186095
60.450000 -0.234057
60.500000 -0.288871
60.550000 -0.357389
60.600000 -0.425907
60.650000 -0.494424
60.700000 -0.535535
60.750000 -0.528684
60.800000 -0.497851
60.850000 -0.470443
60.900000 -0.432758
60.950000 -0.374519
61.000000 -0.323130
61.050000 -0.292297
61.100000 -0.278593
61.150000 -0.282019
61.200000 -0.309427
61.250000 -0.323130
61.300000 -0.323130
61.350000 -0.333407
61.400000 -0.333407
61.450000 -0.312852
61.500000 -0.268316
61.550000 -0.234057
61.600000 -0.206650
61.650000 -0.175817
61.700000 -0.151836
61.750000 -0.162113
61.800000 -0.210076
61.850000 -0.285445
61.900000 -0.374518
61.950000 -0.456740
62.000000 -0.528684
62.050000 -0.590350
62.100000 -0.648589
62.150000 -0.696552
62.200000 -0.713681
62.250000 -0.713682
62.300000 -0.693126
62.350000 -0.641738
62.400000 -0.573220
62.450000 -0.511554
62.500000 -0.439610
62.550000 -0.353963
62.600000 -0.261464
62.650000 -0.186094
62.700000 -0.117577
62.750000 -0.049059
62.800000 0.016033
62.850000 0.040015
62.900000 0.026311
62.950000 0.002330
63.000000 -0.025078
63.050000 -0.079892
63.100000 -0.148410
63.150000 -0.216928
63.200000 -0.292297
63.250000 -0.377944
63.300000 -0.460166
63.350000 -0.518405
63.400000 -0.556091
63.450000 -0.593775
63.500000 -0.628034
63.550000 -0.631460
63.600000 -0.604053
63.650000 -0.576646
63.700000 -0.538961
63.750000 -0.470443
63.800000 -0.412203
63.850000 -0.384796
63.900000 -0.340259
63.950000 -0.264890
64.000000 -0.237482
64.050000 -0.261464
64.100000 -0.288871
64.150000 -0.319704
64.200000 -0.377945
64.250000 -0.436184
64.300000 -0.477295
64.350000 -0.528684
64.400000 -0.586924
64.450000 -0.614331
64.500000 -0.607478
64.550000 -0.573220
64.600000 -0.508128
64.650000 -0.443037
64.700000 -0.384796
64.750000 -0.312852
64.800000 -0.264890
64.850000 -0.282020
64.900000 -0.316278
64.950000 -0.326556
65.000000 -0.350537
65.050000 -0.412203
65.100000 -0.467017
65.150000 -0.511554
65.200000 -0.556090
65.250000 -0.569794
65.300000 -0.542387
65.350000 -0.525257
65.400000 -0.504702
65.450000 -0.456739
65.500000 -0.412203
65.550000 -0.408777
65.600000 -0.401925
65.650000 -0.377944
65.700000 -0.377944
65.750000 -0.398499
65.800000 -0.415629
65.850000 -0.436184
65.900000 -0.446462
65.950000 -0.436185
66.000000 -0.429333
66.050000 -0.415629
66.100000 -0.377944
66.150000 -0.336833
66.200000 -0.329982
66.250000 -0.347111
66.300000 -0.374519
66.350000 -0.408777
66.400000 -0.429332
66.450000 -0.453314
66.500000 -0.497850
66.550000 -0.521831
66.600000 -0.511554
66.650000 -0.490999
66.700000 -0.436185
66.750000 -0.323130
66.800000 -0.192947
66.850000 -0.097022
66.900000 -0.007948
66.950000 0.067422
67.000000 0.098255
67.050000 0.084551
67.100000 0.043440
67.150000 -0.035355
67.200000 -0.148410
67.250000 -0.275167
67.300000 -0.401926
67.350000 -0.525258
67.400000 -0.628034
67.450000 -0.710255
67.500000 -0.761644
67.550000 -0.754792
67.600000 -0.710256
67.650000 -0.648590
67.700000 -0.566368
67.750000 -0.487573
67.800000 -0.436185
67.850000 -0.391648
67.900000 -0.353963
67.950000 -0.364241
68.000000 -0.429332
68.050000 -0.487572
68.100000 -0.552665
68.150000 -0.645164
68.200000 -0.720534
68.250000 -0.768495
68.300000 -0.809606
68.350000 -0.819884
68.400000 -0.785625
68.450000 -0.734237
68.500000 -0.652016
68.550000 -0.542387
68.600000 -0.453314
68.650000 -0.381370
68.700000 -0.306000
68.750000 -0.285445
68.800000 -0.319704
68.850000 -0.326556
68.900000 -0.326556
68.950000 -0.408777
69.000000 -0.514980
69.050000 -0.559516
69.100000 -0.590349
69.150000 -0.628034
69.200000 -0.624608
69.250000 -0.610904
69.300000 -0.614331
69.350000 -0.562942
69.400000 -0.484147
69.450000 -0.443036
69.500000 -0.412203
69.550000 -0.364240
69.600000 -0.353963
69.650000 -0.381370
69.700000 -0.377944
69.750000 -0.360815
69.800000 -0.360815
69.850000 -0.326556
69.900000 -0.258038
69.950000 -0.213501
70.000000 -0.199798
70.050000 -0.158687
70.100000 -0.131280
70.150000 -0.148409
70.200000 -0.192946
70.250000 -0.261464
70.300000 -0.364241
70.350000 -0.456739
70.400000 -0.525258
70.450000 -0.600627
70.500000 -0.672571
70.550000 -0.717108
70.600000 -0.727385
70.650000 -0.710256
70.700000 -0.658867
70.750000 -0.593775
70.800000 -0.535535
70.850000 -0.487573
70.900000 -0.449888
70.950000 -0.453314
71.000000 -0.497850
71.050000 -0.559517
71.100000 -0.621183
71.150000 -0.672570
71.200000 -0.741089
71.250000 -0.823310
71.300000 -0.860994
71.350000 -0.843865
71.400000 -0.823310
71.450000 -0.789051
71.500000 -0.706829
71.550000 -0.617757
71.600000 -0.576646
71.650000 -0.562942
71.700000 -0.542387
71.750000 -0.562943
71.800000 -0.607479
71.850000 -0.665719
71.900000 -0.747940
71.950000 -0.833587
72.000000 -0.884976
72.050000 -0.926087
72.100000 -0.991179
72.150000 -1.028863
72.200000 -1.022012
72.250000 -1.004882
72.300000 -0.974049
72.350000 -0.926086
72.400000 -0.874698
72.450000 -0.830161
72.500000 -0.758218
72.550000 -0.669145
72.600000 -0.628034
72.650000 -0.597201
72.700000 -0.549239
72.750000 -0.525258
72.800000 -0.535535
72.850000 -0.528683
72.900000 -0.508128
72.950000 -0.528683
73.000000 -0.576646
73.050000 -0.610905
73.100000 -0.621183
73.150000 -0.631460
73.200000 -0.655441
73.250000 -0.689700
73.300000 -0.675997
73.350000 -0.610905
73.400000 -0.545813
73.450000 -0.504702
73.500000 -0.453314
73.550000 -0.401925
73.600000 -0.374519
73.650000 -0.367667
73.700000 -0.381370
73.750000 -0.425906
73.800000 -0.477295
73.850000 -0.535535
73.900000 -0.583497
73.950000 -0.614331
74.000000 -0.607478
74.050000 -0.590349
74.100000 -0.559516
74.150000 -0.497850
74.200000 -0.443036
74.250000 -0.429332
74.300000 -0.408777
74.350000 -0.360815
74.400000 -0.360815
74.450000 -0.398499
74.500000 -0.419055
74.550000 -0.439610
74.600000 -0.494425
74.650000 -0.542387
74.700000 -0.566369
74.750000 -0.593775
74.800000 -0.614330
74.850000 -0.607479
74.900000 -0.590349
74.950000 -0.597201
75.000000 -0.610905
75.050000 -0.621182
75.100000 -0.638312
75.150000 -0.662293
75.200000 -0.679422
75.250000 -0.682848
75.300000 -0.672570
75.350000 -0.645164
75.400000 -0.597201
75.450000 -0.528684
75.500000 -0.463591
75.550000 -0.401925
75.600000 -0.336833
75.650000 -0.295723
75.700000 -0.282019
75.750000 -0.282019
75.800000 -0.299148
75.850000 -0.357389
75.900000 -0.401925
75.950000 -0.408777
76.000000 -0.422481
76.050000 -0.463592
76.100000 -0.470443
76.150000 -0.446462
76.200000 -0.429333
76.250000 -0.408777
76.300000 -0.384796
76.350000 -0.367666
76.400000 -0.347111
76.450000 -0.333407
76.500000 -0.374518
76.550000 -0.425906
76.600000 -0.432758
76.650000 -0.439610
76.700000 -0.487572
76.750000 -0.514980
76.800000 -0.487573
76.850000 -0.443036
76.900000 -0.384796
76.950000 -0.329982
77.000000 -0.302574
77.050000 -0.288871
77.100000 -0.271742
77.150000 -0.271742
77.200000 -0.299149
77.250000 -0.343685
77.300000 -0.405351
77.350000 -0.484147
77.400000 -0.562942
77.450000 -0.634886
77.500000 -0.710255
77.550000 -0.751366
77.600000 -0.765070
77.650000 -0.785625
77.700000 -0.778774
77.750000 -0.730811
77.800000 -0.693127
77.850000 -0.675997
77.900000 -0.624609
77.950000 -0.562942
78.000000 -0.525258
78.050000 -0.480721
78.100000 -0.412204
78.150000 -0.367667
78.200000 -0.343685
78.250000 -0.288871
78.300000 -0.223779
78.350000 -0.189520
78.400000 -0.168965
78.450000 -0.141558
78.500000 -0.124428
78.550000 -0.124429
78.600000 -0.165539
78.650000 -0.244335
78.700000 -0.309426
78.750000 -0.357389
78.800000 -0.443036
78.850000 -0.545813
78.900000 -0.600627
78.950000 -0.610905
79.000000 -0.631460
79.050000 -0.631460
79.100000 -0.583498
79.150000 -0.508128
79.200000 -0.436184
79.250000 -0.353963
79.300000 -0.254612
79.350000 -0.162113
79.400000 -0.076466
79.450000 -0.011374
79.500000 0.009182
79.550000 -0.004522
79.600000 -0.031930
79.650000 -0.076465
79.700000 -0.144983
79.750000 -0.223779
79.800000 -0.316279
79.850000 -0.419055
79.900000 -0.508128
79.950000 -0.580072
80.000000 -0.648590
80.050000 -0.717107
80.100000 -0.765070
80.150000 -0.795903
80.200000 -0.816458
80.250000 -0.833588
80.300000 -0.840439
80.350000 -0.816458
80.400000 -0.761644
80.450000 -0.696552
80.500000 -0.628034
80.550000 -0.559517
80.600000 -0.477295
80.650000 -0.398500
80.700000 -0.329982
80.750000 -0.271742
80.800000 -0.244335
80.850000 -0.244335
80.900000 -0.254612
80.950000 -0.282019
81.000000 -0.343685
81.050000 -0.408778
81.100000 -0.477295
81.150000 -0.552665
81.200000 -0.634886
81.250000 -0.693126
81.300000 -0.730811
81.350000 -0.744515
81.400000 -0.717107
81.450000 -0.679422
81.500000 -0.662293
81.550000 -0.628034
81.600000 -0.562942
81.650000 -0.511554
81.700000 -0.480721
81.750000 -0.432759
81.800000 -0.377944
81.850000 -0.336834
81.900000 -0.309426
81.950000 -0.264890
82.000000 -0.216927
82.050000 -0.196372
82.100000 -0.203224
82.150000 -0.227205
82.200000 -0.251186
82.250000 -0.264890
82.300000 -0.258038
82.350000 -0.258038
82.400000 -0.258038
82.450000 -0.247760
82.500000 -0.227206
82.550000 -0.179243
82.600000 -0.107299
82.650000 -0.038781
82.700000 0.002330
82.750000 0.040014
82.800000 0.067422
82.850000 0.057144
82.900000 0.012607
82.950000 -0.042207
83.000000 -0.097021
83.050000 -0.158687
83.100000 -0.213502
83.150000 -0.261464
83.200000 -0.288871
83.250000 -0.275168
83.300000 -0.223779
83.350000 -0.179242
83.400000 -0.165539
83.450000 -0.151836
83.500000 -0.138132
83.550000 -0.155262
83.600000 -0.179242
83.650000 -0.192946
83.700000 -0.223779
83.750000 -0.268316
83.800000 -0.292297
83.850000 -0.292297
83.900000 -0.292297
83.950000 -0.271742
84.000000 -0.237482
84.050000 -0.206649
84.100000 -0.189520
84.150000 -0.175816
84.200000 -0.192946
84.250000 -0.237483
84.300000 -0.285445
84.350000 -0.340259
84.400000 -0.425906
84.450000 -0.514980
84.500000 -0.562942
84.550000 -0.600627
84.600000 -0.648590
84.650000 -0.669145
84.700000 -0.655441
84.750000 -0.614330
84.800000 -0.580072
84.850000 -0.559516
84.900000 -0.542387
84.950000 -0.525257
85.000000 -0.525258
85.050000 -0.535536
85.100000 -0.538961
85.150000 -0.521832
85.200000 -0.511554
85.250000 -0.504702
85.300000 -0.463591
85.350000 -0.391648
85.400000 -0.360815
85.450000 -0.350538
85.500000 -0.336833
85.550000 -0.316278
85.600000 -0.316278
85.650000 -0.323130
85.700000 -0.336834
85.750000 -0.364241
85.800000 -0.398500
85.850000 -0.439610
85.900000 -0.484147
85.950000 -0.518406
86.000000 -0.535535
86.050000 -0.538961
86.100000 -0.528684
86.150000 -0.508128
86.200000 -0.497851
86.250000 -0.484147
86.300000 -0.432758
86.350000 -0.405351
86.400000 -0.419055
86.450000 -0.443036
86.500000 -0.460165
86.550000 -0.484147
86.600000 -0.494424
86.650000 -0.490999
86.700000 -0.514980
86.750000 -0.538961
86.800000 -0.538961
86.850000 -0.549239
86.900000 -0.576646
86.950000 -0.562942
87.000000 -0.532110
87.050000 -0.559516
87.100000 -0.580072
87.150000 -0.538961
87.200000 -0.521831
87.250000 -0.559517
87.300000 -0.583498
87.350000 -0.576646
87.400000 -0.590349
87.450000 -0.607479
87.500000 -0.600628
87.550000 -0.559516
87.600000 -0.514980
87.650000 -0.470443
87.700000 -0.432758
87.750000 -0.374518
87.800000 -0.319704
87.850000 -0.295723
87.900000 -0.264890
87.950000 -0.213501
88.000000 -0.186094
88.050000 -0.210075
88.100000 -0.220354
88.150000 -0.199798
88.200000 -0.213501
88.250000 -0.258039
88.300000 -0.285445
88.350000 -0.309426
88.400000 -0.347111
88.450000 -0.377945
88.500000 -0.395074
88.550000 -0.401926
88.600000 -0.377944
88.650000 -0.326556
88.700000 -0.278593
88.750000 -0.213501
88.800000 -0.121002
88.850000 -0.038781
88.900000 0.029737
88.950000 0.094828
89.000000 0.129087
89.050000 0.108532
89.100000 0.060570
89.150000 -0.004522
89.200000 -0.110725
89.250000 -0.223780
89.300000 -0.343685
89.350000 -0.477295
89.400000 -0.610904
89.450000 -0.723959
89.500000 -0.809607
89.550000 -0.857569
89.600000 -0.850717
89.650000 -0.816458
89.700000 -0.775348
89.750000 -0.717107
89.800000 -0.652016
89.850000 -0.593776
89.900000 -0.518406
89.950000 -0.456740
90.000000 -0.449888
90.050000 -0.477295
90.100000 -0.484147
90.150000 -0.508129
90.200000 -0.556090
90.250000 -0.590349
90.300000 -0.600627
90.350000 -0.621183
90.400000 -0.655442
90.450000 -0.669145
90.500000 -0.665719
90.550000 -0.655442
90.600000 -0.638312
90.650000 -0.593776
90.700000 -0.538961
90.750000 -0.504702
90.800000 -0.480721
90.850000 -0.432759
90.900000 -0.388222
90.950000 -0.377944
91.000000 -0.388222
91.050000 -0.398499
91.100000 -0.408777
91.150000 -0.425907
91.200000 -0.439611
91.250000 -0.463591
91.300000 -0.497851
91.350000 -0.514980
91.400000 -0.521832
91.450000 -0.549238
91.500000 -0.559516
91.550000 -0.528684
91.600000 -0.501276
91.650000 -0.487573
91.700000 -0.453314
91.750000 -0.412203
91.800000 -0.391648
91.850000 -0.371093
91.900000 -0.353963
91.950000 -0.381370
92.000000 -0.429333
92.050000 -0.443036
92.100000 -0.470443
92.150000 -0.528683
92.200000 -0.566368
92.250000 -0.607479
92.300000 -0.682848
92.350000 -0.744515
92.400000 -0.782199
92.450000 -0.826736
92.500000 -0.864420
92.550000 -0.881550
92.600000 -0.908957
92.650000 -0.932938
92.700000 -0.922661
92.750000 -0.895253
92.800000 -0.874698
92.850000 -0.850717
92.900000 -0.816459
92.950000 -0.778773
93.000000 -0.727385
93.050000 -0.682849
93.100000 -0.652015
93.150000 -0.607478
93.200000 -0.559516
93.250000 -0.545812
93.300000 -0.542387
93.350000 -0.525258
93.400000 -0.535535
93.450000 -0.580072
93.500000 -0.604053
93.550000 -0.634886
93.600000 -0.720534
93.650000 -0.826736
93.700000 -0.874699
93.750000 -0.898680
93.800000 -0.963771
93.850000 -1.032289
93.900000 -1.073400
93.950000 -1.097381
94.000000 -1.111084
94.050000 -1.090530
94.100000 -1.049418
94.150000 -0.987752
94.200000 -0.902105
94.250000 -0.799329
94.300000 -0.710255
94.350000 -0.624609
94.400000 -0.525258
94.450000 -0.439610
94.500000 -0.377944
94.550000 -0.333408
94.600000 -0.306001
94.650000 -0.316279
94.700000 -0.377944
94.750000 -0.449888
94.800000 -0.473870
94.850000 -0.470443
94.900000 -0.490998
94.950000 -0.511554
95.000000 -0.490999
95.050000 -0.453314
95.100000 -0.429332
95.150000 -0.398500
95.200000 -0.357388
95.250000 -0.347112
95.300000 -0.367667
95.350000 -0.388222
95.400000 -0.446462
95.450000 -0.525257
95.500000 -0.583497
95.550000 -0.624608
95.600000 -0.669144
95.650000 -0.713682
95.700000 -0.734237
95.750000 -0.717108
95.800000 -0.669145
95.850000 -0.597202
95.900000 -0.521832
95.950000 -0.425906
96.000000 -0.336833
96.050000 -0.275167
96.100000 -0.227205
96.150000 -0.189521
96.200000 -0.182668
96.250000 -0.210075
96.300000 -0.234056
96.350000 -0.268316
96.400000 -0.333407
96.450000 -0.422481
96.500000 -0.511554
96.550000 -0.607479
96.600000 -0.723959
96.650000 -0.840439
96.700000 -0.946642
96.750000 -1.042567
96.800000 -1.114510
96.850000 -1.162473
96.900000 -1.186454
96.950000 -1.183029
97.000000 -1.155622
97.050000 -1.128214
97.100000 -1.073400
97.150000 -0.974049
97.200000 -0.857568
97.250000 -0.761644
97.300000 -0.682849
97.350000 -0.624609
97.400000 -0.607478
97.450000 -0.600627
97.500000 -0.590350
97.550000 -0.607479
97.600000 -0.617757
97.650000 -0.604053
97.700000 -0.614331
97.750000 -0.624609
97.800000 -0.562942
97.850000 -0.484147
97.900000 -0.446462
97.950000 -0.360815
98.000000 -0.210075
98.050000 -0.103873
98.100000 -0.038781
98.150000 0.033162
98.200000 0.077699
98.250000 0.074274
98.300000 0.053718
98.350000 -0.031930
98.400000 -0.182668
98.450000 -0.326556
98.500000 -0.446462
98.550000 -0.576646
98.600000 -0.713681
98.650000 -0.813033
98.700000 -0.881550
98.750000 -0.898679
98.800000 -0.881550
98.850000 -0.864420
98.900000 -0.840439
98.950000 -0.778773
99.000000 -0.713682
99.050000 -0.662293
99.100000 -0.617756
99.150000 -0.580072
99.200000 -0.562943
99.250000 -0.562942
99.300000 -0.569794
99.350000 -0.583498
99.400000 -0.597201
99.450000 -0.607478
99.500000 -0.624609
99.550000 -0.621183
99.600000 -0.573220
99.650000 -0.501277
99.700000 -0.436184
99.750000 -0.371092
99.800000 -0.285445
99.850000 -0.199798
99.900000 -0.127854
99.950000 -0.055910
100.000000 -0.011374
100.050000 -0.021651
100.100000 -0.049059
100.150000 -0.059337
100.200000 -0.090169
100.250000 -0.168965
100.300000 -0.220353
100.350000 -0.227205
100.400000 -0.237483
100.450000 -0.251186
100.500000 -0.234057
100.550000 -0.189521
100.600000 -0.134706
100.650000 -0.076466
100.700000 0.002329
100.750000 0.091403
100.800000 0.146217
100.850000 0.173624
100.900000 0.204457
100.950000 0.221587
101.000000 0.177050
101.050000 0.094828
101.100000 0.019459
101.150000 -0.069614
101.200000 -0.182669
101.250000 -0.323130
101.300000 -0.470443
101.350000 -0.597201
101.400000 -0.703404
101.450000 -0.816458
101.500000 -0.905531
101.550000 -0.936364
101.600000 -0.970623
101.650000 -1.015160
101.700000 -0.991178
101.750000 -0.946642
101.800000 -0.950067
101.850000 -0.939790
101.900000 -0.878124
101.950000 -0.847291
102.000000 -0.850718
102.050000 -0.837014
102.100000 -0.840440
102.150000 -0.884976
102.200000 -0.888402
102.250000 -0.871273
102.300000 -0.871273
102.350000 -0.843865
102.400000 -0.771921
102.450000 -0.686275
102.500000 -0.593775
102.550000 -0.477295
102.600000 -0.364240
102.650000 -0.258038
102.700000 -0.141558
102.750000 -0.049058
102.800000 -0.011374
102.850000 -0.021652
102.900000 -0.045633
102.950000 -0.083317
103.000000 -0.144983
103.050000 -0.230631
103.100000 -0.323130
103.150000 -0.398499
103.200000 -0.463592
103.250000 -0.504702
103.300000 -0.518405
103.350000 -0.514980
103.400000 -0.494425
103.450000 -0.436185
103.500000 -0.353963
103.550000 -0.285445
103.600000 -0.237483
103.650000 -0.196372
103.700000 -0.155261
103.750000 -0.131280
103.800000 -0.114151
103.850000 -0.103873
103.900000 -0.117576
103.950000 -0.155261
104.000000 -0.175817
104.050000 -0.186094
104.100000 -0.210076
104.150000 -0.220353
104.200000 -0.213501
104.250000 -0.230631
104.300000 -0.258038
104.350000 -0.264890
104.400000 -0.278593
104.450000 -0.316278
104.500000 -0.350537
104.550000 -0.367667
104.600000 -0.398500
104.650000 -0.425907
104.700000 -0.439610
104.750000 -0.425907
104.800000 -0.395074
104.850000 -0.353963
104.900000 -0.302574
104.950000 -0.230631
105.000000 -0.141558
105.050000 -0.069614
105.100000 -0.007948
105.150000 0.046866
105.200000 0.084551
105.250000 0.077700
105.300000 0.050292
105.350000 0.016033
105.400000 -0.014800
105.450000 -0.035355
105.500000 -0.031929
105.550000 -0.031929
105.600000 -0.011374
105.650000 0.050292
105.700000 0.153068
105.750000 0.252420
105.800000 0.351770
105.850000 0.430566
105.900000 0.478528
105.950000 0.502510
106.000000 0.492232
106.050000 0.437417
106.100000 0.331215
106.150000 0.190754
106.200000 0.036589
106.250000 -0.117576
106.300000 -0.275167
106.350000 -0.412203
106.400000 -0.497851
106.450000 -0.525258
106.500000 -0.508128
106.550000 -0.460165
106.600000 -0.377944
106.650000 -0.264890
106.700000 -0.138132
106.750000 -0.014800
106.800000 0.067422
106.850000 0.111958
106.900000 0.129087
106.950000 0.118810
107.000000 0.053718
107.050000 -0.066188
107.100000 -0.192946
107.150000 -0.323130
107.200000 -0.484147
107.250000 -0.648589
107.300000 -0.734237
107.350000 -0.747940
107.400000 -0.751367
107.450000 -0.747940
107.500000 -0.693126
107.550000 -0.604053
107.600000 -0.514980
107.650000 -0.405351
107.700000 -0.278593
107.750000 -0.168965
107.800000 -0.097022
107.850000 -0.042207
107.900000 -0.014800
107.950000 -0.028504
108.000000 -0.083317
108.050000 -0.165539
108.100000 -0.278594
108.150000 -0.401925
108.200000 -0.528683
108.250000 -0.645163
108.300000 -0.723959
108.350000 -0.768496
108.400000 -0.799328
108.450000 -0.816458
108.500000 -0.775347
108.550000 -0.686275
108.600000 -0.583497
108.650000 -0.467018
108.700000 -0.336833
108.750000 -0.192946
108.800000 -0.059336
108.850000 0.043441
108.900000 0.094828
108.950000 0.108532
109.000000 0.087977
109.050000 0.022885
109.100000 -0.079892
109.150000 -0.168965
109.200000 -0.264890
109.250000 -0.364240
109.300000 -0.443036
109.350000 -0.480721
109.400000 -0.514980
109.450000 -0.532109
109.500000 -0.508128
109.550000 -0.463592
109.600000 -0.419054
109.650000 -0.371093
109.700000 -0.323130
109.750000 -0.288871
109.800000 -0.254612
109.850000 -0.240909
109.900000 -0.258038
109.950000 -0.285445
110.000000 -0.306000
110.050000 -0.336833
110.100000 -0.360815
110.150000 -0.357389
110.200000 -0.347111
110.250000 -0.347111
110.300000 -0.350537
110.350000 -0.357389
110.400000 -0.388222
110.450000 -0.405351
110.500000 -0.388221
110.550000 -0.377944
110.600000 -0.391648
110.650000 -0.401926
110.700000 -0.384796
110.750000 -0.360815
110.800000 -0.350537
110.850000 -0.333408
110.900000 -0.309427
110.950000 -0.292297
111.000000 -0.302574
111.050000 -0.319704
111.100000 -0.340260
111.150000 -0.384796
111.200000 -0.439610
111.250000 -0.490998
111.300000 -0.525257
111.350000 -0.535535
111.400000 -0.549238
111.450000 -0.566368
111.500000 -0.562942
111.550000 -0.549238
111.600000 -0.532109
111.650000 -0.508128
111.700000 -0.470443
111.750000 -0.436184
111.800000 -0.405351
111.850000 -0.381370
111.900000 -0.360815
111.950000 -0.336834
112.000000 -0.306000
112.050000 -0.292297
112.100000 -0.282019
112.150000 -0.251186
112.200000 -0.244335
112.250000 -0.306001
112.300000 -0.357389
112.350000 -0.371093
112.400000 -0.425907
112.450000 -0.542387
112.500000 -0.641737
112.550000 -0.710256
112.600000 -0.761644
112.650000 -0.789051
112.700000 -0.785625
112.750000 -0.747941
112.800000 -0.689700
112.850000 -0.607479
112.900000 -0.518406
112.950000 -0.425907
113.000000 -0.333408
113.050000 -0.227205
113.100000 -0.121003
113.150000 -0.059337
113.200000 -0.062762
113.250000 -0.073040
113.300000 -0.049059
113.350000 -0.055910
113.400000 -0.124429
113.450000 -0.199798
113.500000 -0.240908
113.550000 -0.282019
113.600000 -0.326556
113.650000 -0.360815
113.700000 -0.388222
113.750000 -0.425906
113.800000 -0.463591
113.850000 -0.494425
113.900000 -0.521831
113.950000 -0.552665
114.000000 -0.590349
114.050000 -0.621182
114.100000 -0.648590
114.150000 -0.679422
114.200000 -0.727385
114.250000 -0.782200
114.300000 -0.802755
114.350000 -0.789051
114.400000 -0.782200
114.450000 -0.789051
114.500000 -0.782200
114.550000 -0.734237
114.600000 -0.689700
114.650000 -0.665719
114.700000 -0.638312
114.750000 -0.597201
114.800000 -0.569794
114.850000 -0.545813
114.900000 -0.518406
114.950000 -0.473869
115.000000 -0.439611
115.050000 -0.419054
115.100000 -0.377944
115.150000 -0.312853
115.200000 -0.278593
115.250000 -0.261464
115.300000 -0.220354
115.350000 -0.175817
115.400000 -0.179242
115.450000 -0.199798
115.500000 -0.192946
115.550000 -0.189520
115.600000 -0.206650
115.650000 -0.234057
115.700000 -0.264889
115.750000 -0.309426
115.800000 -0.343685
115.850000 -0.360815
115.900000 -0.364241
115.950000 -0.357389
116.000000 -0.343685
116.050000 -0.333408
116.100000 -0.316278
116.150000 -0.285445
116.200000 -0.264890
116.250000 -0.254612
116.300000 -0.237483
116.350000 -0.216927
116.400000 -0.220353
116.450000 -0.244334
116.500000 -0.275168
116.550000 -0.319704
116.600000 -0.408777
116.650000 -0.501276
116.700000 -0.576646
116.750000 -0.638312
116.800000 -0.693127
116.850000 -0.723959
116.900000 -0.730811
116.950000 -0.741088
117.000000 -0.744514
117.050000 -0.713681
117.100000 -0.655442
117.150000 -0.597201
117.200000 -0.559516
117.250000 -0.542386
117.300000 -0.538961
117.350000 -0.542387
117.400000 -0.576646
117.450000 -0.628034
117.500000 -0.675997
117.550000 -0.720533
117.600000 -0.775347
117.650000 -0.809607
117.700000 -0.816458
117.750000 -0.792477
117.800000 -0.771921
117.850000 -0.734237
117.900000 -0.679422
117.950000 -0.617757
118.000000 -0.586924
118.050000 -0.593776
118.100000 -0.597201
118.150000 -0.576646
118.200000 -0.566369
118.250000 -0.569794
118.300000 -0.538961
118.350000 -0.470443
118.400000 -0.422481
118.450000 -0.371093
118.500000 -0.264890
118.550000 -0.127854
118.600000 -0.025078
118.650000 0.057144
118.700000 0.129087
118.750000 0.187328
118.800000 0.197605
118.850000 0.159921
118.900000 0.087977
118.950000 -0.004522
119.000000 -0.121002
119.050000 -0.244334
119.100000 -0.353963
119.150000 -0.449888
119.200000 -0.542387
119.250000 -0.604053
119.300000 -0.614330
119.350000 -0.607479
119.400000 -0.617757
119.450000 -0.600627
119.500000 -0.538961
119.550000 -0.501276
119.600000 -0.504702
119.650000 -0.508128
119.700000 -0.504702
119.750000 -0.525257
119.800000 -0.556090
119.850000 -0.562943
119.900000 -0.559517
119.950000 -0.559517
120.000000 -0.545813
120.050000 -0.494424
120.100000 -0.436184
120.150000 -0.401925
120.200000 -0.405352
120.250000 -0.408777
120.300000 -0.419055
120.350000 -0.453314
120.400000 -0.504702
120.450000 -0.562943
120.500000 -0.645164
120.550000 -0.717107
120.600000 -0.751366
120.650000 -0.754792
120.700000 -0.754792
120.750000 -0.727385
120.800000 -0.675997
120.850000 -0.638312
120.900000 -0.604053
120.950000 -0.559516
121.000000 -0.532110
121.050000 -0.535535
121.100000 -0.556090
121.150000 -0.576646
121.200000 -0.590349
121.250000 -0.607479
121.300000 -0.597201
121.350000 -0.576646
121.400000 -0.549239
121.450000 -0.514980
121.500000 -0.456740
121.550000 -0.374519
121.600000 -0.295722
121.650000 -0.254612
121.700000 -0.254612
121.750000 -0.282019
121.800000 -0.319705
121.850000 -0.371093
121.900000 -0.436184
121.950000 -0.501276
122.000000 -0.569794
122.050000 -0.628034
122.100000 -0.682848
122.150000 -0.727385
122.200000 -0.747941
122.250000 -0.727385
122.300000 -0.693126
122.350000 -0.665719
122.400000 -0.624608
122.450000 -0.562942
122.500000 -0.508128
122.550000 -0.473869
122.600000 -0.449888
122.650000 -0.432759
122.700000 -0.432758
122.750000 -0.443036
122.800000 -0.449888
122.850000 -0.477295
122.900000 -0.504702
122.950000 -0.521832
123.000000 -0.542387
123.050000 -0.559516
123.100000 -0.549239
123.150000 -0.501276
123.200000 -0.443037
123.250000 -0.395074
123.300000 -0.343685
123.350000 -0.268316
123.400000 -0.179243
123.450000 -0.117576
123.500000 -0.062762
123.550000 0.022885
123.600000 0.091403
123.650000 0.108532
123.700000 0.122236
123.750000 0.129087
123.800000 0.077700
123.850000 -0.001097
123.900000 -0.049058
123.950000 -0.103873
124.000000 -0.182669
124.050000 -0.240909
124.100000 -0.258038
124.150000 -0.271742
124.200000 -0.251186
124.250000 -0.203223
124.300000 -0.158688
124.350000 -0.110725
124.400000 -0.042207
124.450000 0.005756
124.500000 0.016033
124.550000 0.046867
124.600000 0.077699
124.650000 0.067421
124.700000 0.033163
124.750000 0.009181
124.800000 -0.035355
124.850000 -0.079892
124.900000 -0.083318
124.950000 -0.083318
125.000000 -0.151836
125.050000 -0.220353
125.100000 -0.247760
125.150000 -0.288871
125.200000 -0.353963
125.250000 -0.422481
125.300000 -0.497851
125.350000 -0.566368
125.400000 -0.604053
125.450000 -0.628034
125.500000 -0.641738
125.550000 -0.617756
125.600000 -0.552664
125.650000 -0.473869
125.700000 -0.377945
125.750000 -0.261464
125.800000 -0.162114
125.850000 -0.069614
125.900000 0.029737
125.950000 0.098254
126.000000 0.125661
126.050000 0.129087
126.100000 0.115384
126.150000 0.063996
126.200000 -0.018226
126.250000 -0.124429
126.300000 -0.240908
126.350000 -0.371092
126.400000 -0.501276
126.450000 -0.617756
126.500000 -0.689700
126.550000 -0.713682
126.600000 -0.744514
126.650000 -0.789051
126.700000 -0.795902
126.750000 -0.758218
126.800000 -0.730811
126.850000 -0.713681
126.900000 -0.669144
126.950000 -0.628034
127.000000 -0.607479
127.050000 -0.586924
127.100000 -0.559517
127.150000 -0.559516
127.200000 -0.583498
127.250000 -0.600627
127.300000 -0.624608
127.350000 -0.662293
127.400000 -0.689700
127.450000 -0.693126
127.500000 -0.686274
127.550000 -0.689700
127.600000 -0.710256
127.650000 -0.734237
127.700000 -0.717107
127.750000 -0.669145
127.800000 -0.669145
127.850000 -0.699978
127.900000 -0.686275
127.950000 -0.638312
128.000000 -0.641738
128.050000 -0.679423
128.100000 -0.703404
128.150000 -0.717107
128.200000 -0.747941
128.250000 -0.799329
128.300000 -0.867846
128.350000 -0.929512
128.400000 -0.936364
128.450000 -0.898680
128.500000 -0.864420
128.550000 -0.806180
128.600000 -0.734237
128.650000 -0.669145
128.700000 -0.607479
128.750000 -0.508128
128.800000 -0.415629
128.850000 -0.381370
128.900000 -0.367666
128.950000 -0.326556
129.000000 -0.323130
129.050000 -0.360814
129.100000 -0.391648
129.150000 -0.415629
129.200000 -0.463591
129.250000 -0.501276
129.300000 -0.521832
129.350000 -0.552665
129.400000 -0.583497
129.450000 -0.604053
129.500000 -0.621182
129.550000 -0.655441
129.600000 -0.686274
129.650000 -0.717107
129.700000 -0.744515
129.750000 -0.730811
129.800000 -0.669145
129.850000 -0.607479
129.900000 -0.545813
129.950000 -0.463592
130.000000 -0.360815
130.050000 -0.275168
130.100000 -0.213501
130.150000 -0.148410
130.200000 -0.079892
130.250000 -0.059337
130.300000 -0.097021
130.350000 -0.165539
130.400000 -0.254612
130.450000 -0.357389
130.500000 -0.456739
130.550000 -0.521831
130.600000 -0.556091
130.650000 -0.576646
130.700000 -0.576646
130.750000 -0.538961
130.800000 -0.467017
130.850000 -0.388222
130.900000 -0.336833
130.950000 -0.312852
131.000000 -0.295722
131.050000 -0.282019
131.100000 -0.288871
131.150000 -0.319704
131.200000 -0.357389
131.250000 -0.374519
131.300000 -0.360815
131.350000 -0.336833
131.400000 -0.306001
131.450000 -0.254613
131.500000 -0.175817
131.550000 -0.086744
131.600000 0.002330
131.650000 0.077699
131.700000 0.142791
131.750000 0.187327
131.800000 0.187328
131.850000 0.149643
131.900000 0.122236
131.950000 0.115384
132.000000 0.091402
132.050000 0.063996
132.100000 0.067421
132.150000 0.084551
132.200000 0.091402
132.250000 0.115384
132.300000 0.149643
132.350000 0.146217
132.400000 0.122235
132.450000 0.101681
132.500000 0.067421
132.550000 0.033163
132.600000 0.005756
132.650000 -0.028504
132.700000 -0.066188
132.750000 -0.083318
132.800000 -0.069614
132.850000 -0.049059
132.900000 -0.025078
132.950000 0.005755
133.000000 0.033163
133.050000 0.057144
133.100000 0.070847
133.150000 0.067421
133.200000 0.026310
133.250000 -0.025078
133.300000 -0.083318
133.350000 -0.155262
133.400000 -0.220353
133.450000 -0.282020
133.500000 -0.350537
133.550000 -0.401925
133.600000 -0.425907
133.650000 -0.443036
133.700000 -0.463592
133.750000 -0.463591
133.800000 -0.443036
133.850000 -0.415629
133.900000 -0.388222
133.950000 -0.384796
134.000000 -0.384796
134.050000 -0.371092
134.100000 -0.350537
134.150000 -0.343686
134.200000 -0.357389
134.250000 -0.384796
134.300000 -0.419055
134.350000 -0.425906
134.400000 -0.415629
134.450000 -0.429332
134.500000 -0.453313
134.550000 -0.460166
134.600000 -0.460166
134.650000 -0.494425
134.700000 -0.538961
134.750000 -0.552664
134.800000 -0.586923
134.850000 -0.641738
134.900000 -0.665719
134.950000 -0.655441
135.000000 -0.655442
135.050000 -0.658868
135.100000 -0.655442
135.150000 -0.652015
135.200000 -0.624608
135.250000 -0.576646
135.300000 -0.559516
135.350000 -0.556091
135.400000 -0.535535
135.450000 -0.528684
135.500000 -0.545813
135.550000 -0.545812
135.600000 -0.545812
135.650000 -0.573220
135.700000 -0.590349
135.750000 -0.586923
135.800000 -0.590350
135.850000 -0.556091
135.900000 -0.497851
135.950000 -0.467017
136.000000 -0.453314
136.050000 -0.401926
136.100000 -0.364241
136.150000 -0.381370
136.200000 -0.391647
136.250000 -0.377944
136.300000 -0.388222
136.350000 -0.408777
136.400000 -0.395074
136.450000 -0.384796
136.500000 -0.384796
136.550000 -0.364240
136.600000 -0.312853
136.650000 -0.247760
136.700000 -0.179243
136.750000 -0.114150
136.800000 -0.062762
136.850000 -0.014800
136.900000 0.040014
136.950000 0.087977
137.000000 0.129087
137.050000 0.142791
137.100000 0.118810
137.150000 0.094829
137.200000 0.087977
137.250000 0.029737
137.300000 -0.097021
137.350000 -0.223780
137.400000 -0.329982
137.450000 -0.432758
137.500000 -0.521831
137.550000 -0.569794
137.600000 -0.614331
137.650000 -0.662293
137.700000 -0.658867
137.750000 -0.624608
137.800000 -0.604053
137.850000 -0.569794
137.900000 -0.484147
137.950000 -0.388222
138.000000 -0.326556
138.050000 -0.285445
138.100000 -0.240908
138.150000 -0.220353
138.200000 -0.247760
138.250000 -0.302574
138.300000 -0.350537
138.350000 -0.388222
138.400000 -0.439611
138.450000 -0.518406
138.500000 -0.583497
138.550000 -0.624608
138.600000 -0.648590
138.650000 -0.665719
138.700000 -0.658867
138.750000 -0.634886
138.800000 -0.583498
138.850000 -0.525257
138.900000 -0.477295
138.950000 -0.401925
139.000000 -0.282019
139.050000 -0.186095
139.100000 -0.127855
139.150000 -0.066188
139.200000 -0.007948
139.250000 -0.014800
139.300000 -0.069614
139.350000 -0.127854
139.400000 -0.216928
139.450000 -0.329981
139.500000 -0.415629
139.550000 -0.463592
139.600000 -0.494424
139.650000 -0.494424
139.700000 -0.446462
139.750000 -0.360815
139.800000 -0.244334
139.850000 -0.090170
139.900000 0.070847
139.950000 0.211309
140.000000 0.296956
140.050000 0.358622
140.100000 0.375752
140.150000 0.331215
140.200000 0.238716
140.250000 0.132513
140.300000 0.022885
140.350000 -0.079892
140.400000 -0.182668
140.450000 -0.261464
140.500000 -0.302575
140.550000 -0.302575
140.600000 -0.271742
140.650000 -0.237483
140.700000 -0.196372
140.750000 -0.134706
140.800000 -0.069614
140.850000 -0.031929
140.900000 -0.004523
140.950000 0.016033
141.000000 -0.001096
141.050000 -0.035355
141.100000 -0.049059
141.150000 -0.059336
141.200000 -0.066188
141.250000 -0.049059
141.300000 -0.011374
141.350000 0.005756
141.400000 0.002330
141.450000 0.002330
141.500000 0.005756
141.550000 0.005755
141.600000 -0.018226
141.650000 -0.045633
141.700000 -0.069614
141.750000 -0.100447
141.800000 -0.165539
141.850000 -0.240909
141.900000 -0.306000
141.950000 -0.364241
142.000000 -0.422481
142.050000 -0.467017
142.100000 -0.501276
142.150000 -0.521832
142.200000 -0.521832
142.250000 -0.497850
142.300000 -0.470443
142.350000 -0.419055
142.400000 -0.340260
142.450000 -0.254612
142.500000 -0.168965
142.550000 -0.062763
142.600000 0.022885
142.650000 0.053718
142.700000 0.060570
142.750000 0.074273
142.800000 0.046866
142.850000 -0.035355
142.900000 -0.117577
142.950000 -0.186095
143.000000 -0.285446
143.050000 -0.391647
143.100000 -0.473870
143.150000 -0.535535
143.200000 -0.586924
143.250000 -0.610905
143.300000 -0.604053
143.350000 -0.569794
143.400000 -0.508128
143.450000 -0.443036
143.500000 -0.388222
143.550000 -0.319704
143.600000 -0.244334
143.650000 -0.192946
143.700000 -0.172390
143.750000 -0.144984
143.800000 -0.134706
143.850000 -0.189520
143.900000 -0.254612
143.950000 -0.309426
144.000000 -0.374518
144.050000 -0.460166
144.100000 -0.518406
144.150000 -0.569795
144.200000 -0.628034
144.250000 -0.679423
144.300000 -0.672571
144.350000 -0.638312
144.400000 -0.614330
144.450000 -0.617756
144.500000 -0.604053
144.550000 -0.562942
144.600000 -0.525258
144.650000 -0.528683
144.700000 -0.521832
144.750000 -0.480721
144.800000 -0.460165
144.850000 -0.456740
144.900000 -0.446462
144.950000 -0.425906
145.000000 -0.432758
145.050000 -0.453314
145.100000 -0.460166
145.150000 -0.460166
145.200000 -0.477295
145.250000 -0.490998
145.300000 -0.494424
145.350000 -0.484147
145.400000 -0.467017
145.450000 -0.487573
145.500000 -0.511554
145.550000 -0.490999
145.600000 -0.456739
145.650000 -0.439610
145.700000 -0.401926
145.750000 -0.347112
145.800000 -0.329982
145.850000 -0.316279
145.900000 -0.268316
145.950000 -0.251186
146.000000 -0.275167
146.050000 -0.288871
146.100000 -0.306001
146.150000 -0.371092
146.200000 -0.453313
146.250000 -0.542387
146.300000 -0.652015
146.350000 -0.737663
146.400000 -0.799329
146.450000 -0.888402
146.500000 -0.956919
146.550000 -0.932939
146.600000 -0.884976
146.650000 -0.843865
146.700000 -0.771921
146.750000 -0.693126
146.800000 -0.655442
146.850000 -0.617756
146.900000 -0.545813
146.950000 -0.490999
147.000000 -0.494425
147.050000 -0.518406
147.100000 -0.559517
147.150000 -0.617757
147.200000 -0.652015
147.250000 -0.655441
147.300000 -0.658867
147.350000 -0.662294
147.400000 -0.645163
147.450000 -0.604053
147.500000 -0.556090
147.550000 -0.511554
147.600000 -0.456739
147.650000 -0.401926
147.700000 -0.343685
147.750000 -0.302574
147.800000 -0.268316
147.850000 -0.230631
147.900000 -0.186094
147.950000 -0.138132
148.000000 -0.121002
148.050000 -0.141558
148.100000 -0.155261
148.150000 -0.155261
148.200000 -0.179243
148.250000 -0.230631
148.300000 -0.254612
148.350000 -0.240909
148.400000 -0.223779
148.450000 -0.210076
148.500000 -0.172391
148.550000 -0.107299
148.600000 -0.028504
148.650000 0.067422
148.700000 0.156495
148.750000 0.218160
148.800000 0.269549
148.850000 0.317511
148.900000 0.327789
148.950000 0.293530
149.000000 0.242142
149.050000 0.177050
149.100000 0.070847
149.150000 -0.042207
149.200000 -0.141558
149.250000 -0.230631
149.300000 -0.299149
149.350000 -0.350537
149.400000 -0.381370
149.450000 -0.398499
149.500000 -0.405351
149.550000 -0.391647
149.600000 -0.350537
149.650000 -0.306000
149.700000 -0.299149
149.750000 -0.299148
149.800000 -0.271742
149.850000 -0.261464
149.900000 -0.288871
149.950000 -0.285445
150.000000 -0.244335
150.050000 -0.237482
150.100000 -0.244334
150.150000 -0.192946
150.200000 -0.107299
150.250000 -0.049058
150.300000 -0.014799
150.350000 0.019459
150.400000 0.040014
150.450000 0.016033
150.500000 -0.031929
150.550000 -0.069614
150.600000 -0.121002
150.650000 -0.210076
150.700000 -0.299149
150.750000 -0.353963
150.800000 -0.374518
150.850000 -0.395074
150.900000 -0.391647
150.950000 -0.326556
151.000000 -0.244335
151.050000 -0.192946
151.100000 -0.141557
151.150000 -0.079892
151.200000 -0.038782
151.250000 -0.052484
151.300000 -0.131280
151.350000 -0.227205
151.400000 -0.316279
151.450000 -0.422481
151.500000 -0.566368
151.550000 -0.679423
151.600000 -0.754792
151.650000 -0.833587
151.700000 -0.902106
151.750000 -0.891828
151.800000 -0.823310
151.850000 -0.730811
151.900000 -0.610905
151.950000 -0.449888
152.000000 -0.299149
152.050000 -0.172390
152.100000 -0.052485
152.150000 0.026311
152.200000 0.046866
152.250000 0.022885
152.300000 -0.031929
152.350000 -0.124428
152.400000 -0.240909
152.450000 -0.384796
152.500000 -0.538961
152.550000 -0.662293
152.600000 -0.765070
152.650000 -0.864421
152.700000 -0.908957
152.750000 -0.871272
152.800000 -0.795903
152.850000 -0.723959
152.900000 -0.621182
152.950000 -0.494425
153.000000 -0.398500
153.050000 -0.326556
153.100000 -0.244334
153.150000 -0.179243
153.200000 -0.144984
153.250000 -0.117576
153.300000 -0.117577
153.350000 -0.127854
153.400000 -0.148409
153.450000 -0.199798
153.500000 -0.282019
153.550000 -0.360814
153.600000 -0.432759
153.650000 -0.535535
153.700000 -0.621182
153.750000 -0.655441
153.800000 -0.696552
153.850000 -0.751367
153.900000 -0.761644
153.950000 -0.737663
154.000000 -0.717107
154.050000 -0.662293
154.100000 -0.586923
154.150000 -0.511554
154.200000 -0.432759
154.250000 -0.353963
154.300000 -0.295723
154.350000 -0.234057
154.400000 -0.155261
154.450000 -0.121003
154.500000 -0.127855
154.550000 -0.100448
154.600000 -0.066188
154.650000 -0.090170
154.700000 -0.117576
154.750000 -0.124428
154.800000 -0.186094
154.850000 -0.288871
154.900000 -0.350537
154.950000 -0.391648
155.000000 -0.456740
155.050000 -0.518406
155.100000 -0.559516
155.150000 -0.573220
155.200000 -0.549238
155.250000 -0.508128
155.300000 -0.470443
155.350000 -0.422481
155.400000 -0.367667
155.450000 -0.353963
155.500000 -0.371092
155.550000 -0.381370
155.600000 -0.408777
155.650000 -0.463592
155.700000 -0.528684
155.750000 -0.593775
155.800000 -0.658867
155.850000 -0.682849
155.900000 -0.679422
155.950000 -0.669145
156.000000 -0.652015
156.050000 -0.617756
156.100000 -0.573220
156.150000 -0.514980
156.200000 -0.453314
156.250000 -0.429333
156.300000 -0.456740
156.350000 -0.487572
156.400000 -0.501276
156.450000 -0.514980
156.500000 -0.525257
156.550000 -0.532109
156.600000 -0.545813
156.650000 -0.566368
156.700000 -0.562942
156.750000 -0.542387
156.800000 -0.501277
156.850000 -0.443037
156.900000 -0.391648
156.950000 -0.353963
157.000000 -0.323130
157.050000 -0.302574
157.100000 -0.299149
157.150000 -0.302574
157.200000 -0.306000
157.250000 -0.292297
157.300000 -0.261464
157.350000 -0.247760
157.400000 -0.254613
157.450000 -0.247760
157.500000 -0.206650
157.550000 -0.196372
157.600000 -0.234056
157.650000 -0.264890
157.700000 -0.288871
157.750000 -0.343685
157.800000 -0.439610
157.850000 -0.521832
157.900000 -0.586924
157.950000 -0.669145
158.000000 -0.751366
158.050000 -0.809606
158.100000 -0.843865
158.150000 -0.854143
158.200000 -0.816458
158.250000 -0.754792
158.300000 -0.682848
158.350000 -0.617757
158.400000 -0.549239
158.450000 -0.477295
158.500000 -0.401925
158.550000 -0.350537
158.600000 -0.326556
158.650000 -0.309427
158.700000 -0.299148
158.750000 -0.333407
158.800000 -0.381370
158.850000 -0.401925
158.900000 -0.429332
158.950000 -0.473869
159.000000 -0.497850
159.050000 -0.494424
159.100000 -0.494424
159.150000 -0.484147
159.200000 -0.456740
159.250000 -0.449888
159.300000 -0.470443
159.350000 -0.494425
159.400000 -0.514980
159.450000 -0.535535
159.500000 -0.566368
159.550000 -0.607479
159.600000 -0.631460
159.650000 -0.628035
159.700000 -0.614330
159.750000 -0.617756
159.800000 -0.597202
159.850000 -0.538961
159.900000 -0.511554
159.950000 -0.494424
160.000000 -0.456740
160.050000 -0.443036
160.100000 -0.490998
160.150000 -0.525257
160.200000 -0.545812
160.250000 -0.621182
160.300000 -0.696552
160.350000 -0.713682
160.400000 -0.723959
160.450000 -0.758218
160.500000 -0.754792
160.550000 -0.703404
160.600000 -0.631460
160.650000 -0.552665
160.700000 -0.484147
160.750000 -0.405351
160.800000 -0.323130
160.850000 -0.264890
160.900000 -0.247760
160.950000 -0.237483
161.000000 -0.240908
161.050000 -0.282019
161.100000 -0.302575
161.150000 -0.299148
161.200000 -0.329981
161.250000 -0.381370
161.300000 -0.377944
161.350000 -0.343685
161.400000 -0.343686
161.450000 -0.350537
161.500000 -0.329982
161.550000 -0.340260
161.600000 -0.377944
161.650000 -0.384796
161.700000 -0.395074
161.750000 -0.439610
161.800000 -0.484147
161.850000 -0.514980
161.900000 -0.545813
161.950000 -0.552664
162.000000 -0.528684
162.050000 -0.504702
162.100000 -0.467017
162.150000 -0.384796
162.200000 -0.302574
162.250000 -0.258038
162.300000 -0.220353
162.350000 -0.182668
162.400000 -0.199798
162.450000 -0.240909
162.500000 -0.268316
162.550000 -0.302574
162.600000 -0.353963
162.650000 -0.398499
162.700000 -0.422481
162.750000 -0.422481
162.800000 -0.381370
162.850000 -0.309427
162.900000 -0.237483
162.950000 -0.172391
163.000000 -0.103873
163.050000 -0.073040
163.100000 -0.083318
163.150000 -0.110724
163.200000 -0.175816
163.250000 -0.278594
163.300000 -0.377945
163.350000 -0.473869
163.400000 -0.583498
163.450000 -0.675997
163.500000 -0.727385
163.550000 -0.747940
163.600000 -0.741089
163.650000 -0.706829
163.700000 -0.638311
163.750000 -0.545813
163.800000 -0.473869
163.850000 -0.443036
163.900000 -0.436185
163.950000 -0.432758
164.000000 -0.449888
164.050000 -0.501276
164.100000 -0.542387
164.150000 -0.549238
164.200000 -0.556090
164.250000 -0.573220
164.300000 -0.580072
164.350000 -0.552664
164.400000 -0.514980
164.450000 -0.484147
164.500000 -0.439610
164.550000 -0.367667
164.600000 -0.295723
164.650000 -0.268316
164.700000 -0.278594
164.750000 -0.295723
164.800000 -0.326556
164.850000 -0.367667
164.900000 -0.415629
164.950000 -0.487573
165.000000 -0.552665
165.050000 -0.586924
165.100000 -0.573220
165.150000 -0.545813
165.200000 -0.504702
165.250000 -0.436184
165.300000 -0.329982
165.350000 -0.213502
165.400000 -0.134706
165.450000 -0.083318
165.500000 -0.031929
165.550000 0.002330
165.600000 -0.011374
165.650000 -0.045633
165.700000 -0.090169
165.750000 -0.141558
165.800000 -0.182669
165.850000 -0.206650
165.900000 -0.254612
165.950000 -0.319704
166.000000 -0.371093
166.050000 -0.391648
166.100000 -0.419055
166.150000 -0.470444
166.200000 -0.518406
166.250000 -0.562943
166.300000 -0.590349
166.350000 -0.610905
166.400000 -0.628035
166.450000 -0.645164
166.500000 -0.645164
166.550000 -0.610904
166.600000 -0.545813
166.650000 -0.480721
166.700000 -0.425907
166.750000 -0.364240
166.800000 -0.306000
166.850000 -0.264890
166.900000 -0.227205
166.950000 -0.192946
167.000000 -0.210075
167.050000 -0.251186
167.100000 -0.254612
167.150000 -0.240909
167.200000 -0.254612
167.250000 -0.268316
167.300000 -0.258038
167.350000 -0.275167
167.400000 -0.336834
167.450000 -0.391648
167.500000 -0.446462
167.550000 -0.521831
167.600000 -0.600627
167.650000 -0.693126
167.700000 -0.789051
167.750000 -0.860994
167.800000 -0.891828
167.850000 -0.908957
167.900000 -0.874699
167.950000 -0.758218
168.000000 -0.624608
168.050000 -0.501276
168.100000 -0.347111
168.150000 -0.168965
168.200000 -0.025078
168.250000 0.077699
168.300000 0.149643
168.350000 0.159921
168.400000 0.087977
168.450000 -0.014799
168.500000 -0.121003
168.550000 -0.264890
168.600000 -0.436184
168.650000 -0.593775
168.700000 -0.699978
168.750000 -0.744515
168.800000 -0.747941
168.850000 -0.737663
168.900000 -0.679423
168.950000 -0.569794
169.000000 -0.463592
169.050000 -0.405351
169.100000 -0.353963
169.150000 -0.278594
169.200000 -0.264890
169.250000 -0.312852
169.300000 -0.347111
169.350000 -0.360815
169.400000 -0.384796
169.450000 -0.412203
169.500000 -0.388222
169.550000 -0.336833
169.600000 -0.278594
169.650000 -0.216927
169.700000 -0.144984
169.750000 -0.076466
169.800000 -0.062762
169.850000 -0.086744
169.900000 -0.107299
169.950000 -0.117577
170.000000 -0.192946
170.050000 -0.319704
170.100000 -0.415629
170.150000 -0.487573
170.200000 -0.586923
170.250000 -0.672570
170.300000 -0.693126
170.350000 -0.675996
170.400000 -0.648589
170.450000 -0.590349
170.500000 -0.511554
170.550000 -0.446462
170.600000 -0.398500
170.650000 -0.360815
170.700000 -0.340259
170.750000 -0.336834
170.800000 -0.340260
170.850000 -0.357389
170.900000 -0.381371
170.950000 -0.415629
171.000000 -0.460165
171.050000 -0.480721
171.100000 -0.467017
171.150000 -0.456740
171.200000 -0.449888
171.250000 -0.412203
171.300000 -0.367667
171.350000 -0.340259
171.400000 -0.309426
171.450000 -0.264890
171.500000 -0.258038
171.550000 -0.285445
171.600000 -0.288871
171.650000 -0.288871
171.700000 -0.326556
171.750000 -0.360815
171.800000 -0.350537
171.850000 -0.323130
171.900000 -0.323130
171.950000 -0.343686
172.000000 -0.357389
172.050000 -0.357389
172.100000 -0.350537
172.150000 -0.367667
172.200000 -0.436184
172.250000 -0.501276
172.300000 -0.514980
172.350000 -0.514980
172.400000 -0.532109
172.450000 -0.545813
172.500000 -0.514980
172.550000 -0.460165
172.600000 -0.405351
172.650000 -0.371093
172.700000 -0.353963
172.750000 -0.316278
172.800000 -0.285446
172.850000 -0.275167
172.900000 -0.268315
172.950000 -0.268315
173.000000 -0.288871
173.050000 -0.329982
173.100000 -0.350537
173.150000 -0.364241
173.200000 -0.374518
173.250000 -0.360815
173.300000 -0.333408
173.350000 -0.316278
173.400000 -0.302574
173.450000 -0.299149
173.500000 -0.299149
173.550000 -0.288871
173.600000 -0.295723
173.650000 -0.364241
173.700000 -0.449888
173.750000 -0.518406
173.800000 -0.614330
173.850000 -0.754792
173.900000 -0.891828
173.950000 -0.994604
174.000000 -1.080252
174.050000 -1.145344
174.100000 -1.193306
174.150000 -1.224139
174.200000 -1.200157
174.250000 -1.138492
174.300000 -1.059696
174.350000 -0.950068
174.400000 -0.799329
174.450000 -0.658867
174.500000 -0.535535
174.550000 -0.408777
174.600000 -0.299149
174.650000 -0.216927
174.700000 -0.127855
174.750000 -0.059337
174.800000 -0.028503
174.850000 -0.007948
174.900000 0.012607
174.950000 -0.007948
175.000000 -0.059336
175.050000 -0.100447
175.100000 -0.155261
175.150000 -0.258038
175.200000 -0.357388
175.250000 -0.422481
175.300000 -0.477295
175.350000 -0.508128
175.400000 -0.497850
175.450000 -0.477295
175.500000 -0.453314
175.550000 -0.374519
175.600000 -0.271742
175.650000 -0.182668
175.700000 -0.093595
175.750000 0.005756
175.800000 0.084551
175.850000 0.122235
175.900000 0.153069
175.950000 0.159921
176.000000 0.115384
176.050000 0.043441
176.100000 -0.031929
176.150000 -0.127854
176.200000 -0.254612
176.250000 -0.371093
176.300000 -0.443037
176.350000 -0.473869
176.400000 -0.501277
176.450000 -0.514980
176.500000 -0.494424
176.550000 -0.443036
176.600000 -0.391648
176.650000 -0.347111
176.700000 -0.302575
176.750000 -0.264890
176.800000 -0.251187
176.850000 -0.264890
176.900000 -0.282019
176.950000 -0.278594
177.000000 -0.288871
177.050000 -0.309426
177.100000 -0.292297
177.150000 -0.237482
177.200000 -0.203224
177.250000 -0.186094
177.300000 -0.158688
177.350000 -0.148409
177.400000 -0.168964
177.450000 -0.179243
177.500000 -0.203224
177.550000 -0.292297
177.600000 -0.388221
177.650000 -0.439610
177.700000 -0.494425
177.750000 -0.562942
177.800000 -0.600627
177.850000 -0.607479
177.900000 -0.604053
177.950000 -0.559516
178.000000 -0.487572
178.050000 -0.439610
178.100000 -0.405352
178.150000 -0.360815
178.200000 -0.326556
178.250000 -0.357389
178.300000 -0.398499
178.350000 -0.408777
178.400000 -0.439610
178.450000 -0.518406
178.500000 -0.590350
178.550000 -0.634886
178.600000 -0.675997
178.650000 -0.706830
178.700000 -0.706830
178.750000 -0.693126
178.800000 -0.689700
178.850000 -0.682848
178.900000 -0.669145
178.950000 -0.655441
179.000000 -0.655441
179.050000 -0.675997
179.100000 -0.710256
179.150000 -0.758218
179.200000 -0.826736
179.250000 -0.905531
179.300000 -0.960345
179.350000 -0.970623
179.400000 -0.967198
179.450000 -0.943216
179.500000 -0.874698
179.550000 -0.771921
179.600000 -0.669145
179.650000 -0.573220
179.700000 -0.470443
179.750000 -0.360815
179.800000 -0.285446
179.850000 -0.258038
179.900000 -0.244334
179.950000 -0.206650
180.000000 -0.179243
180.050000 -0.189520
180.100000 -0.203224
180.150000 -0.213502
180.200000 -0.206650
180.250000 -0.175817
180.300000 -0.155261
180.350000 -0.165539
180.400000 -0.168965
180.450000 -0.141558
180.500000 -0.131280
180.550000 -0.155261
180.600000 -0.182668
180.650000 -0.206649
180.700000 -0.230631
180.750000 -0.268316
180.800000 -0.312852
180.850000 -0.347111
180.900000 -0.371093
180.950000 -0.395074
181.000000 -0.415629
181.050000 -0.422481
181.100000 -0.422480
181.150000 -0.398499
181.200000 -0.367667
181.250000 -0.364240
181.300000 -0.371092
181.350000 -0.367667
181.400000 -0.374518
181.450000 -0.398499
181.500000 -0.422481
181.550000 -0.449888
181.600000 -0.490998
181.650000 -0.521832
181.700000 -0.514980
181.750000 -0.501277
181.800000 -0.490999
181.850000 -0.446463
181.900000 -0.371093
181.950000 -0.285445
182.000000 -0.216928
182.050000 -0.175817
182.100000 -0.148410
182.150000 -0.100447
182.200000 -0.062762
182.250000 -0.076466
182.300000 -0.127854
182.350000 -0.186094
182.400000 -0.254613
182.450000 -0.347111
182.500000 -0.422480
182.550000 -0.460166
182.600000 -0.497851
182.650000 -0.545813
182.700000 -0.556091
182.750000 -0.528683
182.800000 -0.514980
182.850000 -0.504702
182.900000 -0.456740
182.950000 -0.401926
183.000000 -0.371093
183.050000 -0.336834
183.100000 -0.288871
183.150000 -0.254612
183.200000 -0.230631
183.250000 -0.199798
183.300000 -0.172391
183.350000 -0.141558
183.400000 -0.100447
183.450000 -0.052485
183.500000 -0.004523
183.550000 0.029737
183.600000 0.043440
183.650000 0.029736
183.700000 0.012607
183.750000 -0.025078
183.800000 -0.093596
183.850000 -0.144983
183.900000 -0.179243
183.950000 -0.216927
184.000000 -0.251186
184.050000 -0.264890
184.100000 -0.254612
184.150000 -0.216928
184.200000 -0.179243
184.250000 -0.172391
184.300000 -0.158687
184.350000 -0.124429
184.400000 -0.121002
184.450000 -0.168965
184.500000 -0.210075
184.550000 -0.237483
184.600000 -0.309426
184.650000 -0.422481
184.700000 -0.514980
184.750000 -0.573220
184.800000 -0.621182
184.850000 -0.675997
184.900000 -0.717107
184.950000 -0.747940
185.000000 -0.741089
185.050000 -0.703404
185.100000 -0.672570
185.150000 -0.655441
185.200000 -0.614331
185.250000 -0.549239
185.300000 -0.477295
185.350000 -0.391648
185.400000 -0.299149
185.450000 -0.220353
185.500000 -0.151836
185.550000 -0.076466
185.600000 -0.001097
185.650000 0.040014
185.700000 0.053718
185.750000 0.074274
185.800000 0.094828
185.850000 0.057144
185.900000 -0.031930
185.950000 -0.117577
186.000000 -0.220353
186.050000 -0.371093
186.100000 -0.514980
186.150000 -0.600627
186.200000 -0.686274
186.250000 -0.782199
186.300000 -0.826736
186.350000 -0.830162
186.400000 -0.847291
186.450000 -0.860995
186.500000 -0.847291
186.550000 -0.837014
186.600000 -0.840440
186.650000 -0.833588
186.700000 -0.840439
186.750000 -0.837013
186.800000 -0.799329
186.850000 -0.751366
186.900000 -0.699978
186.950000 -0.600627
187.000000 -0.473869
187.050000 -0.347111
187.100000 -0.196372
187.150000 -0.049059
187.200000 0.036589
187.250000 0.084551
187.300000 0.098254
187.350000 0.033163
187.400000 -0.083318
187.450000 -0.206650
187.500000 -0.364241
187.550000 -0.552664
187.600000 -0.696552
187.650000 -0.802754
187.700000 -0.898680
187.750000 -0.939790
187.800000 -0.895253
187.850000 -0.816458
187.900000 -0.734237
187.950000 -0.638311
188.000000 -0.559516
188.050000 -0.501276
188.100000 -0.436185
188.150000 -0.388222
188.200000 -0.391648
188.250000 -0.412203
188.300000 -0.443036
188.350000 -0.504702
188.400000 -0.569794
188.450000 -0.607479
188.500000 -0.665719
188.550000 -0.720533
188.600000 -0.730811
188.650000 -0.693126
188.700000 -0.641738
188.750000 -0.576646
188.800000 -0.508128
188.850000 -0.432758
