time[ns] Raw_signal[mV]
-11.100000 0.210076
-11.050000 0.175816
-11.000000 0.141557
-10.950000 0.076465
-10.900000 -0.019459
-10.850000 -0.115384
-10.800000 -0.187329
-10.750000 -0.262698
-10.700000 -0.331215
-10.650000 -0.358623
-10.600000 -0.348345
-10.550000 -0.324364
-10.500000 -0.272975
-10.450000 -0.197606
-10.400000 -0.105107
-10.350000 -0.005756
-10.300000 0.073040
-10.250000 0.117576
-10.200000 0.131280
-10.150000 0.124428
-10.100000 0.090169
-10.050000 0.028503
-10.000000 -0.040014
-9.950000 -0.101681
-9.900000 -0.156495
-9.850000 -0.201031
-9.800000 -0.214735
-9.750000 -0.190754
-9.700000 -0.156495
-9.650000 -0.139365
-9.600000 -0.098255
-9.550000 -0.026311
-9.500000 0.025077
-9.450000 0.038781
-9.400000 0.042207
-9.350000 0.007948
-9.300000 -0.043441
-9.250000 -0.077700
-9.200000 -0.098255
-9.150000 -0.125662
-9.100000 -0.122236
-9.050000 -0.050293
-9.000000 0.031929
-8.950000 0.107299
-8.900000 0.220352
-8.850000 0.367666
-8.800000 0.487572
-8.750000 0.569794
-8.700000 0.631460
-8.650000 0.672571
-8.600000 0.689700
-8.550000 0.703403
-8.500000 0.689700
-8.450000 0.652015
-8.400000 0.610904
-8.350000 0.583497
-8.300000 0.562942
-8.250000 0.545813
-8.200000 0.545812
-8.150000 0.556090
-8.100000 0.552664
-8.050000 0.511553
-8.000000 0.449887
-7.950000 0.381369
-7.900000 0.258037
-7.850000 0.086743
-7.800000 -0.063996
-7.750000 -0.190754
-7.700000 -0.303809
-7.650000 -0.389455
-7.600000 -0.444270
-7.550000 -0.485381
-7.500000 -0.505936
-7.450000 -0.464825
-7.400000 -0.399733
-7.350000 -0.348345
-7.300000 -0.290104
-7.250000 -0.228439
-7.200000 -0.194179
-7.150000 -0.183902
-7.100000 -0.183903
-7.050000 -0.207883
-7.000000 -0.269549
-6.950000 -0.334642
-6.900000 -0.372326
-6.850000 -0.382604
-6.800000 -0.372327
-6.750000 -0.351770
-6.700000 -0.310660
-6.650000 -0.235291
-6.600000 -0.129088
-6.550000 -0.036588
-6.500000 0.025077
-6.450000 0.086743
-6.400000 0.148409
-6.350000 0.141557
-6.300000 0.066188
-6.250000 -0.019459
-6.200000 -0.098254
-6.150000 -0.197606
-6.100000 -0.296956
-6.050000 -0.362048
-6.000000 -0.386029
-5.950000 -0.392881
-5.900000 -0.382604
-5.850000 -0.355197
-5.800000 -0.324364
-5.750000 -0.286679
-5.700000 -0.238717
-5.650000 -0.221587
-5.600000 -0.252420
-5.550000 -0.296956
-5.500000 -0.338067
-5.450000 -0.399734
-5.400000 -0.485381
-5.350000 -0.540195
-5.300000 -0.564176
-5.250000 -0.577880
-5.200000 -0.553899
-5.150000 -0.464825
-5.100000 -0.379178
-5.050000 -0.320938
-5.000000 -0.221587
-4.950000 -0.091403
-4.900000 -0.012608
-4.850000 0.021651
-4.800000 0.073039
-4.750000 0.076465
-4.700000 -0.002330
-4.650000 -0.046866
-4.600000 -0.063996
-4.550000 -0.115384
-4.500000 -0.183902
-4.450000 -0.221587
-4.400000 -0.252420
-4.350000 -0.276401
-4.300000 -0.266123
-4.250000 -0.252420
-4.200000 -0.231865
-4.150000 -0.159921
-4.100000 -0.067421
-4.050000 0.014799
-4.000000 0.107298
-3.950000 0.213501
-3.900000 0.319704
-3.850000 0.422481
-3.800000 0.514980
-3.750000 0.569793
-3.700000 0.580071
-3.650000 0.590349
-3.600000 0.569793
-3.550000 0.480721
-3.500000 0.343685
-3.450000 0.210075
-3.400000 0.049059
-3.350000 -0.111958
-3.300000 -0.214735
-3.250000 -0.344919
-3.200000 -0.547047
-3.150000 -0.615564
-3.100000 -0.478529
-3.050000 -0.399733
-3.000000 -0.440844
-2.950000 -0.300383
-2.900000 -0.012608
-2.850000 0.107299
-2.800000 0.131279
-2.750000 0.227205
-2.700000 0.247760
-2.650000 0.230631
-2.600000 0.408777
-2.550000 0.535535
-2.500000 0.357389
-2.450000 0.254611
-2.400000 0.364241
-2.350000 0.288871
-2.300000 0.073040
-2.250000 0.090169
-2.200000 0.103872
-2.150000 -0.122236
-2.100000 -0.231864
-2.050000 -0.118810
-2.000000 -0.197605
-1.950000 -0.481954
-1.900000 -0.612139
-1.850000 -0.581306
-1.800000 -0.492232
-1.750000 -0.341493
-1.700000 -0.259272
-1.650000 -0.296957
-1.600000 -0.225013
-1.550000 -0.029737
-1.500000 0.014799
-1.450000 -0.036589
-1.400000 0.103873
-1.350000 0.285445
-1.300000 0.261464
-1.250000 0.168964
-1.200000 0.110724
-1.150000 -0.022885
-1.100000 -0.098255
-1.050000 -0.002330
-1.000000 -0.070847
-0.950000 -0.386029
-0.900000 -0.523066
-0.850000 -0.440844
-0.800000 -0.509362
-0.750000 -0.656675
-0.700000 -0.615564
-0.650000 -0.560750
-0.600000 -0.629268
-0.550000 -0.595009
-0.500000 -0.454548
-0.450000 -0.410011
-0.400000 -0.375752
-0.350000 -0.187328
-0.300000 0.018225
-0.250000 0.131279
-0.200000 0.234056
-0.150000 0.333407
-0.100000 0.367666
-0.050000 0.357389
0.000000 0.316278
0.050000 0.247760
0.100000 0.172390
0.150000 0.055910
0.200000 -0.118810
0.250000 -0.211309
0.300000 -0.211309
0.350000 -0.314086
0.400000 -0.499084
0.450000 -0.509362
0.500000 -0.358622
0.550000 -0.272976
0.600000 -0.242142
0.650000 -0.146218
0.700000 -0.070848
0.750000 -0.081125
0.800000 -0.019460
0.850000 0.155260
0.900000 0.323130
0.950000 0.521831
1.000000 0.891828
1.050000 1.402284
1.100000 2.018945
1.150000 2.885695
1.200000 4.095034
1.250000 5.544186
1.300000 7.205743
1.350000 9.179056
1.400000 11.426442
1.450000 13.780028
1.500000 16.178151
1.550000 18.706460
1.600000 21.382075
1.650000 24.091952
1.700000 26.784707
1.750000 29.518564
1.800000 32.249004
1.850000 34.842394
1.900000 37.267924
1.950000 39.590674
2.000000 41.759274
2.050000 43.643514
2.100000 45.174884
2.150000 46.349964
2.200000 47.155044
2.250000 47.569584
2.300000 47.521624
2.350000 46.987174
2.400000 46.079324
2.450000 44.900814
2.500000 43.413984
2.550000 41.629084
2.600000 39.655774
2.650000 37.545424
2.700000 35.274064
2.750000 32.923904
2.800000 30.573734
2.850000 28.161915
2.900000 25.708976
2.950000 23.417051
3.000000 21.334117
3.050000 19.371074
3.100000 17.589615
3.150000 16.150742
3.200000 15.027050
3.250000 14.160299
3.300000 13.632713
3.350000 13.423733
3.400000 13.427159
3.450000 13.663541
3.500000 14.170578
3.550000 14.852325
3.600000 15.582041
3.650000 16.322034
3.700000 17.072311
3.750000 17.805447
3.800000 18.470073
3.850000 19.025062
3.900000 19.439595
3.950000 19.696535
4.000000 19.795885
4.050000 19.771912
4.100000 19.631448
4.150000 19.302557
4.200000 18.768126
4.250000 18.120629
4.300000 17.401191
4.350000 16.565275
4.400000 15.592322
4.450000 14.574833
4.500000 13.577898
4.550000 12.580965
4.600000 11.549771
4.650000 10.532282
4.700000 9.603866
4.750000 8.788504
4.800000 8.075918
4.850000 7.462684
4.900000 6.979634
4.950000 6.633619
5.000000 6.404085
5.050000 6.263623
5.100000 6.174551
5.150000 6.143718
5.200000 6.195106
5.250000 6.311586
5.300000 6.441769
5.350000 6.589083
5.400000 6.760377
5.450000 6.948802
5.500000 7.154354
5.550000 7.394168
5.600000 7.637406
5.650000 7.860088
5.700000 8.093049
5.750000 8.332861
5.800000 8.517859
5.850000 8.624062
5.900000 8.668598
5.950000 8.668598
6.000000 8.603506
6.050000 8.449341
6.100000 8.175270
6.150000 7.794996
6.200000 7.359908
6.250000 6.893987
6.300000 6.359549
6.350000 5.780573
6.400000 5.232431
6.450000 4.715121
6.500000 4.166979
6.550000 3.642817
6.600000 3.211155
6.650000 2.861714
6.700000 2.553384
6.750000 2.313572
6.800000 2.179962
6.850000 2.149129
6.900000 2.159407
6.950000 2.186814
7.000000 2.258758
7.050000 2.375238
7.100000 2.471163
7.150000 2.549959
7.200000 2.639031
7.250000 2.680142
7.300000 2.666438
7.350000 2.680142
7.400000 2.724679
7.450000 2.724678
7.500000 2.721253
7.550000 2.776067
7.600000 2.837733
7.650000 2.902825
7.700000 2.998750
7.750000 3.091249
7.800000 3.146063
7.850000 3.204303
7.900000 3.231710
7.950000 3.176896
8.000000 3.094675
8.050000 3.012453
8.100000 2.882270
8.150000 2.700697
8.200000 2.508847
8.250000 2.310146
8.300000 2.097740
8.350000 1.916169
8.400000 1.755152
8.450000 1.577005
8.500000 1.443395
8.550000 1.330341
8.600000 1.186454
8.650000 1.049418
8.700000 0.974049
8.750000 0.898679
8.800000 0.816458
8.850000 0.792477
8.900000 0.795902
8.950000 0.775347
9.000000 0.799328
9.050000 0.857568
9.100000 0.884976
9.150000 0.926086
9.200000 1.045992
9.250000 1.145343
9.300000 1.189880
9.350000 1.241268
9.400000 1.313212
9.450000 1.347471
9.500000 1.354322
9.550000 1.368026
9.600000 1.374878
9.650000 1.371452
9.700000 1.361174
9.750000 1.316638
9.800000 1.251546
9.850000 1.179602
9.900000 1.059696
9.950000 0.902105
10.000000 0.741088
10.050000 0.559516
10.100000 0.329981
10.150000 0.117576
10.200000 -0.063996
10.250000 -0.262698
10.300000 -0.420289
10.350000 -0.499084
10.400000 -0.571028
10.450000 -0.649823
10.500000 -0.684082
10.550000 -0.670378
10.600000 -0.646397
10.650000 -0.605287
10.700000 -0.533343
10.750000 -0.430566
10.800000 -0.320938
10.850000 -0.211309
10.900000 -0.105107
10.950000 0.004521
11.000000 0.097021
11.050000 0.155261
11.100000 0.196371
11.150000 0.230630
11.200000 0.254612
11.250000 0.261463
11.300000 0.275167
11.350000 0.299148
11.400000 0.329981
11.450000 0.360815
11.500000 0.377944
11.550000 0.398500
11.600000 0.446461
11.650000 0.494424
11.700000 0.511554
11.750000 0.494424
11.800000 0.470442
11.850000 0.456739
11.900000 0.432758
11.950000 0.377944
12.000000 0.329982
12.050000 0.306000
12.100000 0.271741
12.150000 0.223779
12.200000 0.199798
12.250000 0.155260
12.300000 0.066188
12.350000 -0.012608
12.400000 -0.053718
12.450000 -0.101680
12.500000 -0.194180
12.550000 -0.293531
12.600000 -0.365475
12.650000 -0.440844
12.700000 -0.543621
12.750000 -0.656675
12.800000 -0.762878
12.850000 -0.848525
12.900000 -0.917042
12.950000 -0.971857
13.000000 -1.019819
13.050000 -1.060930
13.100000 -1.067782
13.150000 -0.988987
13.200000 -0.851950
13.250000 -0.718341
13.300000 -0.591583
13.350000 -0.420289
13.400000 -0.218162
13.450000 -0.026311
13.500000 0.144983
13.550000 0.302574
13.600000 0.415629
13.650000 0.484146
13.700000 0.535535
13.750000 0.562942
13.800000 0.545812
13.850000 0.473868
13.900000 0.377944
13.950000 0.271741
14.000000 0.134706
14.050000 -0.036589
14.100000 -0.231865
14.150000 -0.433993
14.200000 -0.608713
14.250000 -0.735471
14.300000 -0.858803
14.350000 -0.961579
14.400000 -1.002690
14.450000 -0.985560
14.500000 -0.961579
14.550000 -0.917043
14.600000 -0.838247
14.650000 -0.814266
14.700000 -0.862229
14.750000 -0.917043
14.800000 -0.961580
14.850000 -1.036949
14.900000 -1.163707
14.950000 -1.263058
15.000000 -1.311020
15.050000 -1.335001
15.100000 -1.331576
15.150000 -1.266483
15.200000 -1.160281
15.250000 -1.050653
15.300000 -0.934172
15.350000 -0.793711
15.400000 -0.666953
15.450000 -0.612139
15.500000 -0.618990
15.550000 -0.663527
15.600000 -0.752600
15.650000 -0.896487
15.700000 -1.054078
15.750000 -1.197966
15.800000 -1.341853
15.850000 -1.458334
15.900000 -1.516574
15.950000 -1.530277
16.000000 -1.502870
16.050000 -1.420649
16.100000 -1.297317
16.150000 -1.180836
16.200000 -1.067782
16.250000 -0.961579
16.300000 -0.886210
16.350000 -0.821118
16.400000 -0.752600
16.450000 -0.735471
16.500000 -0.780007
16.550000 -0.817692
16.600000 -0.814266
16.650000 -0.845099
16.700000 -0.917043
16.750000 -0.965005
16.800000 -0.975283
16.850000 -0.982134
16.900000 -0.999264
16.950000 -1.012967
17.000000 -1.043801
17.050000 -1.102041
17.100000 -1.180837
17.150000 -1.273336
17.200000 -1.379538
17.250000 -1.468611
17.300000 -1.533703
17.350000 -1.585091
17.400000 -1.609072
17.450000 -1.581666
17.500000 -1.523425
17.550000 -1.451482
17.600000 -1.362408
17.650000 -1.256206
17.700000 -1.163706
17.750000 -1.105466
17.800000 -1.074633
17.850000 -1.054078
17.900000 -1.050653
17.950000 -1.064356
18.000000 -1.071208
18.050000 -1.060930
18.100000 -1.060930
18.150000 -1.057504
18.200000 -1.043800
18.250000 -1.016393
18.300000 -0.995838
18.350000 -0.971857
18.400000 -0.934172
18.450000 -0.917043
18.500000 -0.934172
18.550000 -0.961579
18.600000 -0.985560
18.650000 -1.040375
18.700000 -1.119171
18.750000 -1.197965
18.800000 -1.256206
18.850000 -1.290465
18.900000 -1.300742
18.950000 -1.283612
19.000000 -1.259631
19.050000 -1.221947
19.100000 -1.180836
19.150000 -1.160281
19.200000 -1.163707
19.250000 -1.153429
19.300000 -1.129448
19.350000 -1.143151
19.400000 -1.194540
19.450000 -1.252780
19.500000 -1.324723
19.550000 -1.410371
19.600000 -1.478889
19.650000 -1.537128
19.700000 -1.612499
19.750000 -1.663887
19.800000 -1.684442
19.850000 -1.708423
19.900000 -1.735831
19.950000 -1.735831
20.000000 -1.715275
20.050000 -1.681017
20.100000 -1.643331
20.150000 -1.602220
20.200000 -1.537128
20.250000 -1.430926
20.300000 -1.341853
20.350000 -1.273335
20.400000 -1.167133
20.450000 -1.036948
20.500000 -0.927320
20.550000 -0.817692
20.600000 -0.687508
20.650000 -0.601861
20.700000 -0.564176
20.750000 -0.526491
20.800000 -0.481954
20.850000 -0.478528
20.900000 -0.505936
20.950000 -0.533342
21.000000 -0.553899
21.050000 -0.577879
21.100000 -0.622416
21.150000 -0.690933
21.200000 -0.742322
21.250000 -0.769730
21.300000 -0.759452
21.350000 -0.711490
21.400000 -0.649823
21.450000 -0.612139
21.500000 -0.560750
21.550000 -0.481954
21.600000 -0.410011
21.650000 -0.368900
21.700000 -0.344919
21.750000 -0.331215
21.800000 -0.327790
21.850000 -0.334641
21.900000 -0.351771
21.950000 -0.389455
22.000000 -0.423714
22.050000 -0.454547
22.100000 -0.495658
22.150000 -0.519639
22.200000 -0.523065
22.250000 -0.547047
22.300000 -0.584731
22.350000 -0.598435
22.400000 -0.598435
22.450000 -0.625842
22.500000 -0.666952
22.550000 -0.690934
22.600000 -0.680657
22.650000 -0.639546
22.700000 -0.615564
22.750000 -0.629267
22.800000 -0.608713
22.850000 -0.571028
22.900000 -0.581305
22.950000 -0.615564
23.000000 -0.618990
23.050000 -0.656675
23.100000 -0.732044
23.150000 -0.762878
23.200000 -0.752599
23.250000 -0.803988
23.300000 -0.851951
23.350000 -0.824543
23.400000 -0.773155
23.450000 -0.756026
23.500000 -0.718341
23.550000 -0.666953
23.600000 -0.666952
23.650000 -0.718341
23.700000 -0.776581
23.750000 -0.851951
23.800000 -0.947876
23.850000 -1.040375
23.900000 -1.126022
23.950000 -1.184262
24.000000 -1.211669
24.050000 -1.215095
24.100000 -1.191114
24.150000 -1.126022
24.200000 -1.054079
24.250000 -1.009542
24.300000 -0.944450
24.350000 -0.882784
24.400000 -0.855377
24.450000 -0.862228
24.500000 -0.865655
24.550000 -0.910191
24.600000 -0.978709
24.650000 -1.043801
24.700000 -1.091763
24.750000 -1.143152
24.800000 -1.170559
24.850000 -1.194540
24.900000 -1.215095
24.950000 -1.221947
25.000000 -1.221947
25.050000 -1.225373
25.100000 -1.218521
25.150000 -1.197966
25.200000 -1.191113
25.250000 -1.191113
25.300000 -1.150003
25.350000 -1.091763
25.400000 -1.057504
25.450000 -1.033522
25.500000 -1.002690
25.550000 -1.006115
25.600000 -1.023245
25.650000 -1.033523
25.700000 -1.060930
25.750000 -1.098615
25.800000 -1.095189
25.850000 -1.064356
25.900000 -1.047227
25.950000 -1.012968
26.000000 -0.937598
26.050000 -0.865654
26.100000 -0.783433
26.150000 -0.666953
26.200000 -0.553898
26.250000 -0.461400
26.300000 -0.379178
26.350000 -0.307234
26.400000 -0.266124
26.450000 -0.245568
26.500000 -0.262698
26.550000 -0.338067
26.600000 -0.427140
26.650000 -0.516214
26.700000 -0.632694
26.750000 -0.773155
26.800000 -0.913617
26.850000 -1.054078
26.900000 -1.173984
26.950000 -1.269909
27.000000 -1.376112
27.050000 -1.485740
27.100000 -1.533703
27.150000 -1.523425
27.200000 -1.502870
27.250000 -1.472037
27.300000 -1.430926
27.350000 -1.400093
27.400000 -1.372686
27.450000 -1.317872
27.500000 -1.266484
27.550000 -1.208244
27.600000 -1.126022
27.650000 -1.057504
27.700000 -1.016394
27.750000 -0.961579
27.800000 -0.899913
27.850000 -0.869080
27.900000 -0.858803
27.950000 -0.838248
28.000000 -0.827969
28.050000 -0.807414
28.100000 -0.780007
28.150000 -0.773156
28.200000 -0.766303
28.250000 -0.718341
28.300000 -0.656675
28.350000 -0.612138
28.400000 -0.571027
28.450000 -0.540195
28.500000 -0.550472
28.550000 -0.581306
28.600000 -0.629268
28.650000 -0.725193
28.700000 -0.851951
28.750000 -0.978708
28.800000 -1.112318
28.850000 -1.259632
28.900000 -1.376112
28.950000 -1.448056
29.000000 -1.496018
29.050000 -1.509722
29.100000 -1.475463
29.150000 -1.393242
29.200000 -1.280187
29.250000 -1.163707
29.300000 -1.060931
29.350000 -0.954727
29.400000 -0.814266
29.450000 -0.687508
29.500000 -0.636120
29.550000 -0.612139
29.600000 -0.567602
29.650000 -0.577880
29.700000 -0.666953
29.750000 -0.762877
29.800000 -0.872507
29.850000 -1.030097
29.900000 -1.218521
29.950000 -1.389815
30.000000 -1.543980
30.050000 -1.650183
30.100000 -1.687868
30.150000 -1.687868
30.200000 -1.660461
30.250000 -1.564536
30.300000 -1.424074
30.350000 -1.280187
30.400000 -1.132874
30.450000 -0.999264
30.500000 -0.906765
30.550000 -0.875932
30.600000 -0.889636
30.650000 -0.951301
30.700000 -1.050652
30.750000 -1.177411
30.800000 -1.314446
30.850000 -1.441204
30.900000 -1.516573
30.950000 -1.571388
31.000000 -1.598795
31.050000 -1.561110
31.100000 -1.458333
31.150000 -1.362408
31.200000 -1.256206
31.250000 -1.122596
31.300000 -0.988987
31.350000 -0.896487
31.400000 -0.817692
31.450000 -0.752600
31.500000 -0.725193
31.550000 -0.738897
31.600000 -0.738896
31.650000 -0.718341
31.700000 -0.701211
31.750000 -0.694360
31.800000 -0.677230
31.850000 -0.653249
31.900000 -0.625842
31.950000 -0.605286
32.000000 -0.605287
32.050000 -0.639546
32.100000 -0.708063
32.150000 -0.797136
32.200000 -0.903339
32.250000 -1.030097
32.300000 -1.184262
32.350000 -1.314445
32.400000 -1.386390
32.450000 -1.427500
32.500000 -1.485740
32.550000 -1.509721
32.600000 -1.461759
32.650000 -1.386390
32.700000 -1.324724
32.750000 -1.256206
32.800000 -1.197965
32.850000 -1.187688
32.900000 -1.194539
32.950000 -1.201391
33.000000 -1.211670
33.050000 -1.235651
33.100000 -1.225372
33.150000 -1.194540
33.200000 -1.150003
33.250000 -1.078059
33.300000 -0.985560
33.350000 -0.886210
33.400000 -0.783433
33.450000 -0.697786
33.500000 -0.660101
33.550000 -0.656675
33.600000 -0.673804
33.650000 -0.728619
33.700000 -0.834821
33.750000 -0.951302
33.800000 -1.060930
33.850000 -1.156854
33.900000 -1.232224
33.950000 -1.263057
34.000000 -1.297317
34.050000 -1.362408
34.100000 -1.420648
34.150000 -1.434352
34.200000 -1.441204
34.250000 -1.468610
34.300000 -1.475463
34.350000 -1.454907
34.400000 -1.434352
34.450000 -1.406945
34.500000 -1.362409
34.550000 -1.317872
34.600000 -1.252780
34.650000 -1.187688
34.700000 -1.150003
34.750000 -1.108892
34.800000 -1.036949
34.850000 -0.995838
34.900000 -1.006116
34.950000 -1.026672
35.000000 -1.036949
35.050000 -1.078060
35.100000 -1.163706
35.150000 -1.252780
35.200000 -1.311020
35.250000 -1.352131
35.300000 -1.413796
35.350000 -1.468611
35.400000 -1.472037
35.450000 -1.478888
35.500000 -1.537129
35.550000 -1.574813
35.600000 -1.547406
35.650000 -1.543980
35.700000 -1.578239
35.750000 -1.547406
35.800000 -1.434352
35.850000 -1.341853
35.900000 -1.280187
35.950000 -1.173984
36.000000 -1.026671
36.050000 -0.893061
36.100000 -0.783433
36.150000 -0.677231
36.200000 -0.591583
36.250000 -0.550472
36.300000 -0.574454
36.350000 -0.666953
36.400000 -0.786859
36.450000 -0.906765
36.500000 -1.033523
36.550000 -1.160281
36.600000 -1.242502
36.650000 -1.280187
36.700000 -1.280187
36.750000 -1.221947
36.800000 -1.115744
36.850000 -1.012968
36.900000 -0.941024
36.950000 -0.851951
37.000000 -0.766303
37.050000 -0.756026
37.100000 -0.821117
37.150000 -0.920469
37.200000 -1.026671
37.250000 -1.153429
37.300000 -1.307594
37.350000 -1.461759
37.400000 -1.554258
37.450000 -1.578239
37.500000 -1.574814
37.550000 -1.530277
37.600000 -1.427501
37.650000 -1.290464
37.700000 -1.153429
37.750000 -0.985561
37.800000 -0.834822
37.850000 -0.759451
37.900000 -0.732044
37.950000 -0.694360
38.000000 -0.677230
38.050000 -0.721767
38.100000 -0.780007
38.150000 -0.841673
38.200000 -0.910191
38.250000 -0.975283
38.300000 -1.002690
38.350000 -0.999264
38.400000 -0.982135
38.450000 -0.961580
38.500000 -0.944449
38.550000 -0.934173
38.600000 -0.937598
38.650000 -0.965005
38.700000 -1.012967
38.750000 -1.064356
38.800000 -1.132874
38.850000 -1.242502
38.900000 -1.369260
38.950000 -1.472037
39.000000 -1.540554
39.050000 -1.605647
39.100000 -1.653609
39.150000 -1.653609
39.200000 -1.585091
39.250000 -1.468611
39.300000 -1.348704
39.350000 -1.235650
39.400000 -1.105467
39.450000 -0.937598
39.500000 -0.783433
39.550000 -0.660101
39.600000 -0.540194
39.650000 -0.433992
39.700000 -0.372326
39.750000 -0.344919
39.800000 -0.344919
39.850000 -0.372326
39.900000 -0.427140
39.950000 -0.512788
40.000000 -0.618991
40.050000 -0.697786
40.100000 -0.756025
40.150000 -0.845099
40.200000 -0.934172
40.250000 -0.965005
40.300000 -0.961579
40.350000 -0.975282
40.400000 -0.965005
40.450000 -0.927321
40.500000 -0.903339
40.550000 -0.910191
40.600000 -0.934172
40.650000 -0.978709
40.700000 -1.030097
40.750000 -1.067782
40.800000 -1.126022
40.850000 -1.184262
40.900000 -1.197966
40.950000 -1.167133
41.000000 -1.136299
41.050000 -1.074634
41.100000 -0.954727
41.150000 -0.803989
41.200000 -0.646397
41.250000 -0.475103
41.300000 -0.327790
41.350000 -0.235291
41.400000 -0.166773
41.450000 -0.122236
41.500000 -0.149643
41.550000 -0.242142
41.600000 -0.355197
41.650000 -0.502510
41.700000 -0.677231
41.750000 -0.865654
41.800000 -1.040374
41.850000 -1.191114
41.900000 -1.331575
41.950000 -1.441203
42.000000 -1.478888
42.050000 -1.468611
42.100000 -1.461759
42.150000 -1.448056
42.200000 -1.372686
42.250000 -1.266483
42.300000 -1.191113
42.350000 -1.122596
42.400000 -1.030097
42.450000 -0.951302
42.500000 -0.917042
42.550000 -0.886210
42.600000 -0.838247
42.650000 -0.814266
42.700000 -0.797136
42.750000 -0.762878
42.800000 -0.721767
42.850000 -0.704637
42.900000 -0.732044
42.950000 -0.773156
43.000000 -0.821118
43.050000 -0.872506
43.100000 -0.934172
43.150000 -0.992412
43.200000 -1.047227
43.250000 -1.102041
43.300000 -1.153429
43.350000 -1.156855
43.400000 -1.136299
43.450000 -1.119170
43.500000 -1.105466
43.550000 -1.071208
43.600000 -1.026671
43.650000 -1.002690
43.700000 -1.016393
43.750000 -1.057504
43.800000 -1.105467
43.850000 -1.167133
43.900000 -1.235650
43.950000 -1.297316
44.000000 -1.335001
44.050000 -1.338427
44.100000 -1.311020
44.150000 -1.266484
44.200000 -1.218521
44.250000 -1.160281
44.300000 -1.105467
44.350000 -1.081485
44.400000 -1.067781
44.450000 -1.050652
44.500000 -1.057504
44.550000 -1.088337
44.600000 -1.095189
44.650000 -1.067782
44.700000 -1.040375
44.750000 -0.988986
44.800000 -0.865655
44.850000 -0.732045
44.900000 -0.642971
44.950000 -0.529917
45.000000 -0.375752
45.050000 -0.286679
45.100000 -0.269549
45.150000 -0.272975
45.200000 -0.300382
45.250000 -0.379178
45.300000 -0.478529
45.350000 -0.584731
45.400000 -0.708063
45.450000 -0.800563
45.500000 -0.869081
45.550000 -0.951301
45.600000 -1.016394
45.650000 -1.047226
45.700000 -1.054078
45.750000 -1.026672
45.800000 -0.985561
45.850000 -0.971857
45.900000 -0.982135
45.950000 -0.982135
46.000000 -0.995838
46.050000 -1.060930
46.100000 -1.115744
46.150000 -1.126022
46.200000 -1.136299
46.250000 -1.136300
46.300000 -1.098615
46.350000 -1.050652
46.400000 -0.995838
46.450000 -0.899913
46.500000 -0.807414
46.550000 -0.762878
46.600000 -0.714916
46.650000 -0.656675
46.700000 -0.670379
46.750000 -0.732044
46.800000 -0.769730
46.850000 -0.831395
46.900000 -0.961579
46.950000 -1.071207
47.000000 -1.129447
47.050000 -1.184263
47.100000 -1.218521
47.150000 -1.177410
47.200000 -1.108893
47.250000 -1.030097
47.300000 -0.906765
47.350000 -0.745748
47.400000 -0.581305
47.450000 -0.413437
47.500000 -0.269550
47.550000 -0.183902
47.600000 -0.149644
47.650000 -0.142792
47.700000 -0.187329
47.750000 -0.293530
47.800000 -0.440844
47.850000 -0.612138
47.900000 -0.800562
47.950000 -0.985561
48.000000 -1.150003
48.050000 -1.290465
48.100000 -1.396667
48.150000 -1.434352
48.200000 -1.427500
48.250000 -1.403519
48.300000 -1.382964
48.350000 -1.355557
48.400000 -1.321298
48.450000 -1.331575
48.500000 -1.386390
48.550000 -1.434352
48.600000 -1.492592
48.650000 -1.585091
48.700000 -1.667313
48.750000 -1.711849
48.800000 -1.715275
48.850000 -1.691294
48.900000 -1.629627
48.950000 -1.550832
49.000000 -1.427501
49.050000 -1.283613
49.100000 -1.153429
49.150000 -1.047226
49.200000 -0.927320
49.250000 -0.821117
49.300000 -0.790285
49.350000 -0.810840
49.400000 -0.834822
49.450000 -0.879357
49.500000 -0.968431
49.550000 -1.067782
49.600000 -1.129448
49.650000 -1.177410
49.700000 -1.225373
49.750000 -1.232225
49.800000 -1.184262
49.850000 -1.126022
49.900000 -1.057504
49.950000 -0.978708
50.000000 -0.899913
50.050000 -0.821118
50.100000 -0.756026
50.150000 -0.732045
50.200000 -0.732044
50.250000 -0.728619
50.300000 -0.752600
50.350000 -0.797136
50.400000 -0.817691
50.450000 -0.845099
50.500000 -0.896488
50.550000 -0.917043
50.600000 -0.879358
50.650000 -0.855377
50.700000 -0.838248
50.750000 -0.780007
50.800000 -0.718341
50.850000 -0.694360
50.900000 -0.677230
50.950000 -0.663527
51.000000 -0.677230
51.050000 -0.684082
51.100000 -0.687508
51.150000 -0.728619
51.200000 -0.762878
51.250000 -0.738896
51.300000 -0.711489
51.350000 -0.728619
51.400000 -0.711490
51.450000 -0.653249
51.500000 -0.615564
51.550000 -0.608713
51.600000 -0.598435
51.650000 -0.629267
51.700000 -0.708063
51.750000 -0.780007
51.800000 -0.827969
51.850000 -0.899913
51.900000 -0.978709
51.950000 -1.016393
52.000000 -1.030097
52.050000 -1.064356
52.100000 -1.112319
52.150000 -1.136300
52.200000 -1.143151
52.250000 -1.167133
52.300000 -1.218521
52.350000 -1.263058
52.400000 -1.293891
52.450000 -1.335001
52.500000 -1.382964
52.550000 -1.400093
52.600000 -1.406945
52.650000 -1.437778
52.700000 -1.468611
52.750000 -1.451481
52.800000 -1.403519
52.850000 -1.362408
52.900000 -1.335001
52.950000 -1.311020
53.000000 -1.297316
53.050000 -1.293890
53.100000 -1.300742
53.150000 -1.321298
53.200000 -1.328149
53.250000 -1.345278
53.300000 -1.382964
53.350000 -1.389816
53.400000 -1.365834
53.450000 -1.348705
53.500000 -1.341853
53.550000 -1.293890
53.600000 -1.225372
53.650000 -1.180836
53.700000 -1.150004
53.750000 -1.112319
53.800000 -1.081485
53.850000 -1.095188
53.900000 -1.126022
53.950000 -1.160281
54.000000 -1.201392
54.050000 -1.269909
54.100000 -1.335001
54.150000 -1.389816
54.200000 -1.444630
54.250000 -1.489166
54.300000 -1.509721
54.350000 -1.520000
54.400000 -1.519999
54.450000 -1.492592
54.500000 -1.458333
54.550000 -1.448055
54.600000 -1.413796
54.650000 -1.369260
54.700000 -1.376112
54.750000 -1.406945
54.800000 -1.386390
54.850000 -1.358983
54.900000 -1.382964
54.950000 -1.403519
55.000000 -1.386389
55.050000 -1.382963
55.100000 -1.389816
55.150000 -1.358982
55.200000 -1.290464
55.250000 -1.239076
55.300000 -1.184262
55.350000 -1.108893
55.400000 -1.023245
55.450000 -0.937598
55.500000 -0.865654
55.550000 -0.834822
55.600000 -0.814266
55.650000 -0.807414
55.700000 -0.862228
55.750000 -0.968431
55.800000 -1.074634
55.850000 -1.187688
55.900000 -1.335001
55.950000 -1.461759
56.000000 -1.554258
56.050000 -1.646758
56.100000 -1.708423
56.150000 -1.694720
56.200000 -1.622776
56.250000 -1.502870
56.300000 -1.348705
56.350000 -1.184262
56.400000 -1.019820
56.450000 -0.855377
56.500000 -0.738896
56.550000 -0.673804
56.600000 -0.639546
56.650000 -0.660101
56.700000 -0.749174
56.750000 -0.862228
56.800000 -0.958153
56.850000 -1.081485
56.900000 -1.242503
56.950000 -1.365834
57.000000 -1.424074
57.050000 -1.448056
57.100000 -1.434352
57.150000 -1.400093
57.200000 -1.341853
57.250000 -1.249354
57.300000 -1.143151
57.350000 -1.084911
57.400000 -1.078059
57.450000 -1.071208
57.500000 -1.081485
57.550000 -1.132873
57.600000 -1.194539
57.650000 -1.228799
57.700000 -1.252780
57.750000 -1.287039
57.800000 -1.311020
57.850000 -1.304168
57.900000 -1.266484
57.950000 -1.218521
58.000000 -1.167133
58.050000 -1.108893
58.100000 -1.043801
58.150000 -0.975283
58.200000 -0.910191
58.250000 -0.862228
58.300000 -0.824543
58.350000 -0.769730
58.400000 -0.697786
58.450000 -0.639546
58.500000 -0.612139
58.550000 -0.608713
58.600000 -0.595009
58.650000 -0.588157
58.700000 -0.646397
58.750000 -0.766304
58.800000 -0.893062
58.850000 -1.023245
58.900000 -1.180836
58.950000 -1.341853
59.000000 -1.468611
59.050000 -1.571388
59.100000 -1.633054
59.150000 -1.636479
59.200000 -1.581665
59.250000 -1.485741
59.300000 -1.345279
59.350000 -1.156855
59.400000 -0.951301
59.450000 -0.756026
59.500000 -0.577880
59.550000 -0.423714
59.600000 -0.303808
59.650000 -0.235291
59.700000 -0.231865
59.750000 -0.290104
59.800000 -0.372327
59.850000 -0.485381
59.900000 -0.646397
59.950000 -0.803989
60.000000 -0.917042
60.050000 -1.016394
60.100000 -1.105466
60.150000 -1.146578
60.200000 -1.146577
60.250000 -1.160280
60.300000 -1.167132
60.350000 -1.153429
60.400000 -1.143151
60.450000 -1.136300
60.500000 -1.122596
60.550000 -1.115744
60.600000 -1.136299
60.650000 -1.167133
60.700000 -1.204817
60.750000 -1.263058
60.800000 -1.328149
60.850000 -1.379538
60.900000 -1.420649
60.950000 -1.458333
61.000000 -1.485741
61.050000 -1.492592
61.100000 -1.478888
61.150000 -1.437778
61.200000 -1.369260
61.250000 -1.276761
61.300000 -1.170559
61.350000 -1.074633
61.400000 -1.006116
61.450000 -0.930746
61.500000 -0.869080
61.550000 -0.858803
61.600000 -0.896487
61.650000 -0.937597
61.700000 -0.999264
61.750000 -1.088338
61.800000 -1.170558
61.850000 -1.235650
61.900000 -1.263057
61.950000 -1.249354
62.000000 -1.187688
62.050000 -1.102041
62.100000 -0.988986
62.150000 -0.851950
62.200000 -0.725193
62.250000 -0.622416
62.300000 -0.553899
62.350000 -0.516214
62.400000 -0.505936
62.450000 -0.540194
62.500000 -0.605286
62.550000 -0.684083
62.600000 -0.756026
62.650000 -0.824544
62.700000 -0.899913
62.750000 -0.951302
62.800000 -0.954727
62.850000 -0.937598
62.900000 -0.927320
62.950000 -0.875932
63.000000 -0.773155
63.050000 -0.701212
63.100000 -0.690933
63.150000 -0.666953
63.200000 -0.618990
63.250000 -0.608713
63.300000 -0.622416
63.350000 -0.632694
63.400000 -0.653249
63.450000 -0.687508
63.500000 -0.708063
63.550000 -0.721766
63.600000 -0.732044
63.650000 -0.745748
63.700000 -0.766304
63.750000 -0.793711
63.800000 -0.824544
63.850000 -0.872506
63.900000 -0.934172
63.950000 -0.975283
64.000000 -1.002689
64.050000 -1.047226
64.100000 -1.084911
64.150000 -1.084911
64.200000 -1.057504
64.250000 -1.026671
64.300000 -0.988987
64.350000 -0.930746
64.400000 -0.848525
64.450000 -0.749174
64.500000 -0.642972
64.550000 -0.567602
64.600000 -0.519639
64.650000 -0.478528
64.700000 -0.447696
64.750000 -0.451122
64.800000 -0.464825
64.850000 -0.481955
64.900000 -0.519640
64.950000 -0.584732
65.000000 -0.653249
65.050000 -0.721767
65.100000 -0.797136
65.150000 -0.841673
65.200000 -0.869080
65.250000 -0.910191
65.300000 -0.951302
65.350000 -0.961579
65.400000 -0.947876
65.450000 -0.934172
65.500000 -0.899913
65.550000 -0.841673
65.600000 -0.769730
65.650000 -0.687508
65.700000 -0.588158
65.750000 -0.475103
65.800000 -0.348345
65.850000 -0.218161
65.900000 -0.146218
65.950000 -0.132514
66.000000 -0.153069
66.050000 -0.214735
66.100000 -0.344919
66.150000 -0.533342
66.200000 -0.752600
66.250000 -0.975283
66.300000 -1.170558
66.350000 -1.358982
66.400000 -1.506296
66.450000 -1.571387
66.500000 -1.547406
66.550000 -1.458333
66.600000 -1.324724
66.650000 -1.156855
66.700000 -0.992412
66.750000 -0.831395
66.800000 -0.690934
66.850000 -0.622416
66.900000 -0.663527
66.950000 -0.783433
67.000000 -0.951302
67.050000 -1.146578
67.100000 -1.352130
67.150000 -1.543980
67.200000 -1.701571
67.250000 -1.821478
67.300000 -1.876292
67.350000 -1.831755
67.400000 -1.684442
67.450000 -1.502870
67.500000 -1.297316
67.550000 -1.057504
67.600000 -0.848525
67.650000 -0.701212
67.700000 -0.591583
67.750000 -0.529917
67.800000 -0.533343
67.850000 -0.581305
67.900000 -0.656675
67.950000 -0.759451
68.000000 -0.831396
68.050000 -0.845099
68.100000 -0.869080
68.150000 -0.903339
68.200000 -0.886209
68.250000 -0.831395
68.300000 -0.793711
68.350000 -0.762877
68.400000 -0.742323
68.450000 -0.769729
68.500000 -0.807414
68.550000 -0.827969
68.600000 -0.889636
68.650000 -0.992412
68.700000 -1.067782
68.750000 -1.102041
68.800000 -1.112318
68.850000 -1.084911
68.900000 -1.030097
68.950000 -0.951302
69.000000 -0.821118
69.050000 -0.673804
69.100000 -0.571028
69.150000 -0.495658
69.200000 -0.423714
69.250000 -0.389455
69.300000 -0.406585
69.350000 -0.440844
69.400000 -0.523065
69.450000 -0.649823
69.500000 -0.797137
69.550000 -0.968431
69.600000 -1.146577
69.650000 -1.287039
69.700000 -1.400094
69.750000 -1.516573
69.800000 -1.598795
69.850000 -1.633054
69.900000 -1.633054
69.950000 -1.602220
70.000000 -1.523425
70.050000 -1.424075
70.100000 -1.324724
70.150000 -1.194540
70.200000 -1.071208
70.250000 -0.971857
70.300000 -0.869081
70.350000 -0.766304
70.400000 -0.711489
70.450000 -0.697785
70.500000 -0.718341
70.550000 -0.783433
70.600000 -0.862228
70.650000 -0.923894
70.700000 -0.992413
70.750000 -1.078059
70.800000 -1.129448
70.850000 -1.150004
70.900000 -1.173984
70.950000 -1.167132
71.000000 -1.132873
71.050000 -1.081485
71.100000 -1.012968
71.150000 -0.927320
71.200000 -0.875932
71.250000 -0.821117
71.300000 -0.745748
71.350000 -0.694360
71.400000 -0.677230
71.450000 -0.639545
71.500000 -0.601861
71.550000 -0.625842
71.600000 -0.666953
71.650000 -0.687508
71.700000 -0.718341
71.750000 -0.766303
71.800000 -0.790285
71.850000 -0.827970
71.900000 -0.882784
71.950000 -0.872506
72.000000 -0.817691
72.050000 -0.797136
72.100000 -0.786859
72.150000 -0.718341
72.200000 -0.649823
72.250000 -0.605287
72.300000 -0.553899
72.350000 -0.509361
72.400000 -0.478528
72.450000 -0.440844
72.500000 -0.420289
72.550000 -0.433992
72.600000 -0.440844
72.650000 -0.454548
72.700000 -0.502510
72.750000 -0.553898
72.800000 -0.574453
72.850000 -0.605287
72.900000 -0.660101
72.950000 -0.708063
73.000000 -0.762878
73.050000 -0.824544
73.100000 -0.879358
73.150000 -0.930746
73.200000 -1.002690
73.250000 -1.078060
73.300000 -1.160281
73.350000 -1.245928
73.400000 -1.300742
73.450000 -1.321298
73.500000 -1.345279
73.550000 -1.365834
73.600000 -1.355557
73.650000 -1.317872
73.700000 -1.266483
73.750000 -1.187688
73.800000 -1.084911
73.850000 -0.999264
73.900000 -0.913617
73.950000 -0.817692
74.000000 -0.714915
74.050000 -0.618990
74.100000 -0.577879
74.150000 -0.595009
74.200000 -0.639546
74.250000 -0.677231
74.300000 -0.756025
74.350000 -0.858802
74.400000 -0.937598
74.450000 -1.009541
74.500000 -1.081485
74.550000 -1.098615
74.600000 -1.071208
74.650000 -1.036949
74.700000 -0.988986
74.750000 -0.896487
74.800000 -0.786859
74.850000 -0.670379
74.900000 -0.553898
74.950000 -0.440844
75.000000 -0.338068
75.050000 -0.252420
75.100000 -0.211310
75.150000 -0.214735
75.200000 -0.218161
75.250000 -0.225012
75.300000 -0.259272
75.350000 -0.307234
75.400000 -0.355197
75.450000 -0.433992
75.500000 -0.540195
75.550000 -0.629268
75.600000 -0.708063
75.650000 -0.790284
75.700000 -0.886209
75.750000 -0.975283
75.800000 -1.023245
75.850000 -1.026671
75.900000 -1.040375
75.950000 -1.064356
76.000000 -1.050652
76.050000 -0.999264
76.100000 -0.978708
76.150000 -0.944450
76.200000 -0.855377
76.250000 -0.756026
76.300000 -0.721767
76.350000 -0.711489
76.400000 -0.704637
76.450000 -0.738897
76.500000 -0.827969
76.550000 -0.930746
76.600000 -1.047227
76.650000 -1.184262
76.700000 -1.345279
76.750000 -1.492592
76.800000 -1.605646
76.850000 -1.698146
76.900000 -1.770090
76.950000 -1.794071
77.000000 -1.739256
77.050000 -1.626202
77.100000 -1.509721
77.150000 -1.376112
77.200000 -1.201392
77.250000 -1.019819
77.300000 -0.882783
77.350000 -0.776581
77.400000 -0.680656
77.450000 -0.625842
77.500000 -0.622416
77.550000 -0.649823
77.600000 -0.684082
77.650000 -0.735471
77.700000 -0.800562
77.750000 -0.827969
77.800000 -0.821118
77.850000 -0.786859
77.900000 -0.749174
77.950000 -0.718341
78.000000 -0.694359
78.050000 -0.663527
78.100000 -0.636120
78.150000 -0.632693
78.200000 -0.629268
78.250000 -0.615565
78.300000 -0.615564
78.350000 -0.656675
78.400000 -0.704638
78.450000 -0.714915
78.500000 -0.714915
78.550000 -0.738896
78.600000 -0.752600
78.650000 -0.738896
78.700000 -0.756026
78.750000 -0.786859
78.800000 -0.793711
78.850000 -0.783432
78.900000 -0.790285
78.950000 -0.803989
79.000000 -0.790284
79.050000 -0.745748
79.100000 -0.697786
79.150000 -0.660101
79.200000 -0.625842
79.250000 -0.598435
79.300000 -0.598435
79.350000 -0.629268
79.400000 -0.670379
79.450000 -0.728619
79.500000 -0.807414
79.550000 -0.886210
79.600000 -0.937598
79.650000 -0.982135
79.700000 -1.006116
79.750000 -0.985561
79.800000 -0.927321
79.850000 -0.851951
79.900000 -0.766304
79.950000 -0.656675
80.000000 -0.540194
80.050000 -0.444270
80.100000 -0.403159
80.150000 -0.392881
80.200000 -0.396308
80.250000 -0.447696
80.300000 -0.543621
80.350000 -0.636119
80.400000 -0.721767
80.450000 -0.841673
80.500000 -0.958153
80.550000 -1.043801
80.600000 -1.112318
80.650000 -1.170558
80.700000 -1.173984
80.750000 -1.146577
80.800000 -1.126022
80.850000 -1.105466
80.900000 -1.067782
80.950000 -1.040375
81.000000 -1.023245
81.050000 -0.995838
81.100000 -0.961579
81.150000 -0.937598
81.200000 -0.934173
81.250000 -0.947876
81.300000 -0.965005
81.350000 -0.985560
81.400000 -1.006115
81.450000 -1.016394
81.500000 -1.009541
81.550000 -0.992412
81.600000 -0.947876
81.650000 -0.899913
81.700000 -0.896488
81.750000 -0.917042
81.800000 -0.910191
81.850000 -0.882783
81.900000 -0.879358
81.950000 -0.899913
82.000000 -0.910191
82.050000 -0.903339
82.100000 -0.906765
82.150000 -0.910191
82.200000 -0.899913
82.250000 -0.889635
82.300000 -0.889636
82.350000 -0.893061
82.400000 -0.899913
82.450000 -0.889636
82.500000 -0.879358
82.550000 -0.872506
82.600000 -0.862228
82.650000 -0.834822
82.700000 -0.803988
82.750000 -0.773156
82.800000 -0.714915
82.850000 -0.639546
82.900000 -0.567602
82.950000 -0.512787
83.000000 -0.461399
83.050000 -0.440844
83.100000 -0.423714
83.150000 -0.416862
83.200000 -0.454547
83.250000 -0.536769
83.300000 -0.615564
83.350000 -0.694360
83.400000 -0.783433
83.450000 -0.869081
83.500000 -0.923894
83.550000 -0.971857
83.600000 -1.002690
83.650000 -0.999264
83.700000 -0.982135
83.750000 -0.954728
83.800000 -0.927320
83.850000 -0.899913
83.900000 -0.869081
83.950000 -0.834821
84.000000 -0.807415
84.050000 -0.810840
84.100000 -0.810840
84.150000 -0.803989
84.200000 -0.786859
84.250000 -0.762877
84.300000 -0.745748
84.350000 -0.756025
84.400000 -0.756026
84.450000 -0.742322
84.500000 -0.756026
84.550000 -0.803988
84.600000 -0.838247
84.650000 -0.875932
84.700000 -0.954728
84.750000 -1.057504
84.800000 -1.156855
84.850000 -1.263057
84.900000 -1.393241
84.950000 -1.506296
85.000000 -1.578240
85.050000 -1.612498
85.100000 -1.615924
85.150000 -1.574813
85.200000 -1.506296
85.250000 -1.437778
85.300000 -1.352131
85.350000 -1.232224
85.400000 -1.119171
85.450000 -1.019820
85.500000 -0.906765
85.550000 -0.821118
85.600000 -0.786858
85.650000 -0.783433
85.700000 -0.786859
85.750000 -0.817692
85.800000 -0.862228
85.850000 -0.920468
85.900000 -0.978709
85.950000 -0.992412
86.000000 -0.951302
86.050000 -0.917043
86.100000 -0.920468
86.150000 -0.910190
86.200000 -0.879358
86.250000 -0.865655
86.300000 -0.875932
86.350000 -0.872506
86.400000 -0.869080
86.450000 -0.882784
86.500000 -0.913617
86.550000 -0.958154
86.600000 -0.995838
86.650000 -1.019819
86.700000 -1.033523
86.750000 -1.040375
86.800000 -1.033523
86.850000 -1.019819
86.900000 -1.009542
86.950000 -0.985560
87.000000 -0.954727
87.050000 -0.941024
87.100000 -0.937598
87.150000 -0.917042
87.200000 -0.899913
87.250000 -0.906765
87.300000 -0.937598
87.350000 -0.985560
87.400000 -1.019819
87.450000 -1.050652
87.500000 -1.115744
87.550000 -1.187688
87.600000 -1.211669
87.650000 -1.204817
87.700000 -1.208243
87.750000 -1.194540
87.800000 -1.126022
87.850000 -1.036949
87.900000 -0.944450
87.950000 -0.821118
88.000000 -0.684082
88.050000 -0.584731
88.100000 -0.502510
88.150000 -0.413436
88.200000 -0.355197
88.250000 -0.362048
88.300000 -0.416862
88.350000 -0.495658
88.400000 -0.605286
88.450000 -0.732045
88.500000 -0.872506
88.550000 -1.009542
88.600000 -1.108893
88.650000 -1.191114
88.700000 -1.283613
88.750000 -1.358982
88.800000 -1.376112
88.850000 -1.365834
88.900000 -1.369260
88.950000 -1.352131
89.000000 -1.287039
89.050000 -1.211669
89.100000 -1.153429
89.150000 -1.108893
89.200000 -1.084911
89.250000 -1.067782
89.300000 -1.067781
89.350000 -1.078060
89.400000 -1.081485
89.450000 -1.108893
89.500000 -1.170558
89.550000 -1.235650
89.600000 -1.280187
89.650000 -1.324724
89.700000 -1.369260
89.750000 -1.369260
89.800000 -1.307594
89.850000 -1.221947
89.900000 -1.146578
89.950000 -1.050652
90.000000 -0.903339
90.050000 -0.749174
90.100000 -0.625842
90.150000 -0.533343
90.200000 -0.430566
90.250000 -0.334641
90.300000 -0.286678
90.350000 -0.307234
90.400000 -0.341493
90.450000 -0.365474
90.500000 -0.406585
90.550000 -0.457974
90.600000 -0.492232
90.650000 -0.516213
90.700000 -0.553898
90.750000 -0.567602
90.800000 -0.540195
90.850000 -0.502510
90.900000 -0.464825
90.950000 -0.416863
91.000000 -0.348345
91.050000 -0.296956
91.100000 -0.276401
91.150000 -0.279827
91.200000 -0.286679
91.250000 -0.320937
91.300000 -0.392882
91.350000 -0.451121
91.400000 -0.475103
91.450000 -0.526491
91.500000 -0.605286
91.550000 -0.670378
91.600000 -0.728619
91.650000 -0.803988
91.700000 -0.858802
91.750000 -0.886210
91.800000 -0.937598
91.850000 -0.995838
91.900000 -1.040375
91.950000 -1.078059
92.000000 -1.108892
92.050000 -1.112319
92.100000 -1.112319
92.150000 -1.119170
92.200000 -1.098615
92.250000 -1.060930
92.300000 -1.019819
92.350000 -0.951302
92.400000 -0.858802
92.450000 -0.766304
92.500000 -0.687508
92.550000 -0.615564
92.600000 -0.574453
92.650000 -0.557324
92.700000 -0.560750
92.750000 -0.588157
92.800000 -0.632693
92.850000 -0.680656
92.900000 -0.759452
92.950000 -0.845099
93.000000 -0.903339
93.050000 -0.944450
93.100000 -0.978709
93.150000 -0.982134
93.200000 -0.958153
93.250000 -0.920469
93.300000 -0.865654
93.350000 -0.807414
93.400000 -0.773155
93.450000 -0.749174
93.500000 -0.742322
93.550000 -0.776581
93.600000 -0.841673
93.650000 -0.906765
93.700000 -0.985560
93.750000 -1.054079
93.800000 -1.067782
93.850000 -1.071208
93.900000 -1.098615
93.950000 -1.102041
94.000000 -1.040375
94.050000 -0.954728
94.100000 -0.882784
94.150000 -0.786859
94.200000 -0.666952
94.250000 -0.577879
94.300000 -0.547047
94.350000 -0.519640
94.400000 -0.499084
94.450000 -0.529917
94.500000 -0.615565
94.550000 -0.718341
94.600000 -0.831396
94.650000 -0.941024
94.700000 -1.026671
94.750000 -1.088337
94.800000 -1.122596
94.850000 -1.126022
94.900000 -1.105467
94.950000 -1.067782
95.000000 -0.992412
95.050000 -0.896487
95.100000 -0.814266
95.150000 -0.738897
95.200000 -0.660101
95.250000 -0.595009
95.300000 -0.574454
95.350000 -0.588158
95.400000 -0.605287
95.450000 -0.625842
95.500000 -0.670378
95.550000 -0.725193
95.600000 -0.756026
95.650000 -0.756026
95.700000 -0.742322
95.750000 -0.714915
95.800000 -0.677230
95.850000 -0.656675
95.900000 -0.632693
95.950000 -0.615564
96.000000 -0.615565
96.050000 -0.656675
96.100000 -0.721767
96.150000 -0.831395
96.200000 -0.954727
96.250000 -1.064356
96.300000 -1.146577
96.350000 -1.232224
96.400000 -1.290465
96.450000 -1.300743
96.500000 -1.283613
96.550000 -1.221947
96.600000 -1.112319
96.650000 -0.975283
96.700000 -0.824544
96.750000 -0.670378
96.800000 -0.519640
96.850000 -0.379178
96.900000 -0.245568
96.950000 -0.170199
97.000000 -0.142791
97.050000 -0.094829
97.100000 -0.070848
97.150000 -0.115384
97.200000 -0.163347
97.250000 -0.190754
97.300000 -0.248994
97.350000 -0.327790
97.400000 -0.386030
97.450000 -0.447696
97.500000 -0.540195
97.550000 -0.618990
97.600000 -0.677230
97.650000 -0.742322
97.700000 -0.790285
97.750000 -0.817692
97.800000 -0.862228
97.850000 -0.917043
97.900000 -0.934172
97.950000 -0.934172
98.000000 -0.944450
98.050000 -0.941024
98.100000 -0.906765
98.150000 -0.855377
98.200000 -0.790285
98.250000 -0.718341
98.300000 -0.656675
98.350000 -0.598435
98.400000 -0.516214
98.450000 -0.447695
98.500000 -0.403159
98.550000 -0.382603
98.600000 -0.389456
98.650000 -0.437418
98.700000 -0.509362
98.750000 -0.601861
98.800000 -0.721766
98.850000 -0.838247
98.900000 -0.923894
98.950000 -0.982134
99.000000 -1.006116
99.050000 -1.002690
99.100000 -0.965005
99.150000 -0.896487
99.200000 -0.790284
99.250000 -0.680657
99.300000 -0.595009
99.350000 -0.529917
99.400000 -0.468251
99.450000 -0.437418
99.500000 -0.437418
99.550000 -0.447696
99.600000 -0.478529
99.650000 -0.557324
99.700000 -0.660101
99.750000 -0.756026
99.800000 -0.845099
99.850000 -0.951302
99.900000 -1.040375
99.950000 -1.074634
100.000000 -1.074634
100.050000 -1.074634
100.100000 -1.047227
100.150000 -0.965005
100.200000 -0.841673
100.250000 -0.718341
100.300000 -0.608712
100.350000 -0.516213
100.400000 -0.399734
100.450000 -0.262698
100.500000 -0.173624
100.550000 -0.146217
100.600000 -0.159921
100.650000 -0.194180
100.700000 -0.269549
100.750000 -0.362048
100.800000 -0.447695
100.850000 -0.540195
100.900000 -0.625842
100.950000 -0.701212
101.000000 -0.769729
101.050000 -0.831396
101.100000 -0.869080
101.150000 -0.903339
101.200000 -0.934172
101.250000 -0.930747
101.300000 -0.896488
101.350000 -0.872506
101.400000 -0.848525
101.450000 -0.827970
101.500000 -0.817692
101.550000 -0.807414
101.600000 -0.783433
101.650000 -0.793710
101.700000 -0.834821
101.750000 -0.858802
101.800000 -0.858803
101.850000 -0.865654
101.900000 -0.858803
101.950000 -0.817692
102.000000 -0.786859
102.050000 -0.762877
102.100000 -0.704638
102.150000 -0.636120
102.200000 -0.601860
102.250000 -0.615565
102.300000 -0.625842
102.350000 -0.625842
102.400000 -0.653249
102.450000 -0.718341
102.500000 -0.810840
102.550000 -0.886209
102.600000 -0.941024
102.650000 -0.978708
102.700000 -0.985561
102.750000 -0.961579
102.800000 -0.903339
102.850000 -0.800562
102.900000 -0.663527
102.950000 -0.516214
103.000000 -0.375752
103.050000 -0.228439
103.100000 -0.105107
103.150000 -0.026311
103.200000 0.004522
103.250000 -0.026311
103.300000 -0.101681
103.350000 -0.187328
103.400000 -0.272976
103.450000 -0.382604
103.500000 -0.505935
103.550000 -0.612138
103.600000 -0.694360
103.650000 -0.749174
103.700000 -0.786859
103.750000 -0.824544
103.800000 -0.865655
103.850000 -0.913617
103.900000 -0.958153
103.950000 -0.992412
104.000000 -1.019819
104.050000 -1.071208
104.100000 -1.115744
104.150000 -1.119170
104.200000 -1.095189
104.250000 -1.067782
104.300000 -1.033523
104.350000 -0.982134
104.400000 -0.899913
104.450000 -0.803988
104.500000 -0.732044
104.550000 -0.694360
104.600000 -0.663527
104.650000 -0.632694
104.700000 -0.629268
104.750000 -0.666952
104.800000 -0.714915
104.850000 -0.749174
104.900000 -0.800563
104.950000 -0.848525
105.000000 -0.851951
105.050000 -0.834821
105.100000 -0.838248
105.150000 -0.831396
105.200000 -0.780007
105.250000 -0.735470
105.300000 -0.721766
105.350000 -0.690934
105.400000 -0.656675
105.450000 -0.670378
105.500000 -0.708063
105.550000 -0.728618
105.600000 -0.759452
105.650000 -0.810840
105.700000 -0.841673
105.750000 -0.865655
105.800000 -0.920468
105.850000 -0.958153
105.900000 -0.951301
105.950000 -0.934172
106.000000 -0.930746
106.050000 -0.923894
106.100000 -0.903339
106.150000 -0.886210
106.200000 -0.862229
106.250000 -0.841674
106.300000 -0.814266
106.350000 -0.752600
106.400000 -0.660101
106.450000 -0.598435
106.500000 -0.553899
106.550000 -0.502510
106.600000 -0.468251
106.650000 -0.464825
106.700000 -0.464826
106.750000 -0.464825
106.800000 -0.475103
106.850000 -0.481955
106.900000 -0.509362
106.950000 -0.553898
107.000000 -0.595009
107.050000 -0.618990
107.100000 -0.656675
107.150000 -0.714915
107.200000 -0.769729
107.250000 -0.827970
107.300000 -0.879358
107.350000 -0.886210
107.400000 -0.869081
107.450000 -0.869080
107.500000 -0.865655
107.550000 -0.807415
107.600000 -0.718341
107.650000 -0.622416
107.700000 -0.505936
107.750000 -0.406585
107.800000 -0.341493
107.850000 -0.290104
107.900000 -0.272975
107.950000 -0.300382
108.000000 -0.351771
108.050000 -0.403159
108.100000 -0.471677
108.150000 -0.516214
108.200000 -0.516214
108.250000 -0.475103
108.300000 -0.403159
108.350000 -0.307234
108.400000 -0.204458
108.450000 -0.098255
108.500000 0.004522
108.550000 0.066187
108.600000 0.069613
108.650000 0.025077
108.700000 -0.067422
108.750000 -0.218161
108.800000 -0.396308
108.850000 -0.581305
108.900000 -0.780007
108.950000 -0.988987
109.000000 -1.146577
109.050000 -1.239076
109.100000 -1.304168
109.150000 -1.345279
109.200000 -1.300742
109.250000 -1.211669
109.300000 -1.108892
109.350000 -0.992412
109.400000 -0.862229
109.450000 -0.745748
109.500000 -0.649823
109.550000 -0.557324
109.600000 -0.478529
109.650000 -0.416863
109.700000 -0.372326
109.750000 -0.355196
109.800000 -0.386030
109.850000 -0.451122
109.900000 -0.529917
109.950000 -0.612138
110.000000 -0.697785
110.050000 -0.776581
110.100000 -0.845099
110.150000 -0.910191
110.200000 -0.958153
110.250000 -0.988986
110.300000 -1.023245
110.350000 -1.067782
110.400000 -1.095189
110.450000 -1.102041
110.500000 -1.105467
110.550000 -1.126022
110.600000 -1.136300
110.650000 -1.115744
110.700000 -1.078059
110.750000 -1.050653
110.800000 -1.009542
110.850000 -0.930746
110.900000 -0.841673
110.950000 -0.762878
111.000000 -0.677231
111.050000 -0.605287
111.100000 -0.574454
111.150000 -0.564176
111.200000 -0.536769
111.250000 -0.512788
111.300000 -0.523066
111.350000 -0.540195
111.400000 -0.547046
111.450000 -0.574453
111.500000 -0.636120
111.550000 -0.690934
111.600000 -0.732045
111.650000 -0.793711
111.700000 -0.855377
111.750000 -0.886209
111.800000 -0.923894
111.850000 -0.971857
111.900000 -0.999264
111.950000 -1.006116
112.000000 -0.992412
112.050000 -0.937598
112.100000 -0.851951
112.150000 -0.773155
112.200000 -0.690934
112.250000 -0.598435
112.300000 -0.526491
112.350000 -0.481955
112.400000 -0.475102
112.450000 -0.509361
112.500000 -0.574453
112.550000 -0.636120
112.600000 -0.704638
112.650000 -0.803988
112.700000 -0.899914
112.750000 -0.951301
112.800000 -0.965005
112.850000 -0.968431
112.900000 -0.968431
112.950000 -0.947876
113.000000 -0.889635
113.050000 -0.800562
113.100000 -0.701212
113.150000 -0.622416
113.200000 -0.547047
113.250000 -0.471677
113.300000 -0.427140
113.350000 -0.430567
113.400000 -0.427140
113.450000 -0.437418
113.500000 -0.495658
113.550000 -0.588157
113.600000 -0.670378
113.650000 -0.752600
113.700000 -0.838247
113.750000 -0.923895
113.800000 -1.006116
113.850000 -1.071207
113.900000 -1.095189
113.950000 -1.084911
114.000000 -1.033522
114.050000 -0.961579
114.100000 -0.886210
114.150000 -0.807414
114.200000 -0.718341
114.250000 -0.646397
114.300000 -0.612138
114.350000 -0.588157
114.400000 -0.571027
114.450000 -0.571028
114.500000 -0.571028
114.550000 -0.543621
114.600000 -0.499084
114.650000 -0.447696
114.700000 -0.389455
114.750000 -0.314086
114.800000 -0.235290
114.850000 -0.149643
114.900000 -0.087977
114.950000 -0.053718
115.000000 -0.036589
115.050000 -0.057144
115.100000 -0.142792
115.150000 -0.262697
115.200000 -0.386029
115.250000 -0.536769
115.300000 -0.701212
115.350000 -0.817691
115.400000 -0.913617
115.450000 -1.006116
115.500000 -1.074634
115.550000 -1.108893
115.600000 -1.126022
115.650000 -1.115744
115.700000 -1.084911
115.750000 -1.033523
115.800000 -0.971857
115.850000 -0.923895
115.900000 -0.920468
115.950000 -0.910191
116.000000 -0.889635
116.050000 -0.896488
116.100000 -0.923895
116.150000 -0.930746
116.200000 -0.923895
116.250000 -0.934172
116.300000 -0.944450
116.350000 -0.954727
116.400000 -0.954727
116.450000 -0.941024
116.500000 -0.913617
116.550000 -0.875932
116.600000 -0.821118
116.650000 -0.752600
116.700000 -0.714915
116.750000 -0.701211
116.800000 -0.663527
116.850000 -0.639546
116.900000 -0.663527
116.950000 -0.701211
117.000000 -0.711489
117.050000 -0.745748
117.100000 -0.810840
117.150000 -0.851951
117.200000 -0.862229
117.250000 -0.865654
117.300000 -0.845099
117.350000 -0.786858
117.400000 -0.704637
117.450000 -0.601861
117.500000 -0.488807
117.550000 -0.355196
117.600000 -0.207884
117.650000 -0.081125
117.700000 -0.016033
117.750000 0.025077
117.800000 0.049058
117.850000 0.018226
117.900000 -0.050293
117.950000 -0.129088
118.000000 -0.225013
118.050000 -0.344919
118.100000 -0.451122
118.150000 -0.536769
118.200000 -0.622416
118.250000 -0.701212
118.300000 -0.738896
118.350000 -0.759452
118.400000 -0.780007
118.450000 -0.800563
118.500000 -0.810841
118.550000 -0.807414
118.600000 -0.797137
118.650000 -0.783433
118.700000 -0.769730
118.750000 -0.721767
118.800000 -0.660101
118.850000 -0.632694
118.900000 -0.666953
118.950000 -0.711489
119.000000 -0.749175
119.050000 -0.817691
119.100000 -0.923895
119.150000 -1.043801
119.200000 -1.156854
119.250000 -1.263057
119.300000 -1.348705
119.350000 -1.389816
119.400000 -1.396668
119.450000 -1.406945
119.500000 -1.396667
119.550000 -1.328149
119.600000 -1.232225
119.650000 -1.156855
119.700000 -1.091763
119.750000 -1.030097
119.800000 -0.982135
119.850000 -0.941024
119.900000 -0.903339
119.950000 -0.886209
120.000000 -0.869080
120.050000 -0.851951
120.100000 -0.827969
120.150000 -0.783433
120.200000 -0.718341
120.250000 -0.663527
120.300000 -0.636120
120.350000 -0.598435
120.400000 -0.533343
120.450000 -0.481955
120.500000 -0.451122
120.550000 -0.416863
120.600000 -0.368900
120.650000 -0.344919
120.700000 -0.365474
120.750000 -0.403159
120.800000 -0.447696
120.850000 -0.509362
120.900000 -0.605287
120.950000 -0.721767
121.000000 -0.821118
121.050000 -0.893062
121.100000 -0.951301
121.150000 -0.971857
121.200000 -0.951301
121.250000 -0.906765
121.300000 -0.807414
121.350000 -0.646397
121.400000 -0.481955
121.450000 -0.355197
121.500000 -0.248994
121.550000 -0.156495
121.600000 -0.115385
121.650000 -0.125662
121.700000 -0.163346
121.750000 -0.228439
121.800000 -0.300382
121.850000 -0.362048
121.900000 -0.430566
121.950000 -0.475103
122.000000 -0.451121
122.050000 -0.396307
122.100000 -0.355196
122.150000 -0.317512
122.200000 -0.242142
122.250000 -0.190754
122.300000 -0.221587
122.350000 -0.293531
122.400000 -0.355197
122.450000 -0.457974
122.500000 -0.601861
122.550000 -0.738897
122.600000 -0.831396
122.650000 -0.917043
122.700000 -0.988986
122.750000 -1.016393
122.800000 -0.995838
122.850000 -0.941024
122.900000 -0.848525
122.950000 -0.721767
123.000000 -0.584732
123.050000 -0.447695
123.100000 -0.307234
123.150000 -0.177050
123.200000 -0.063996
123.250000 0.014799
123.300000 0.038781
123.350000 0.028503
123.400000 0.001096
123.450000 -0.046867
123.500000 -0.153069
123.550000 -0.283253
123.600000 -0.389455
123.650000 -0.461399
123.700000 -0.533343
123.750000 -0.577880
123.800000 -0.577879
123.850000 -0.571028
123.900000 -0.577880
123.950000 -0.553898
124.000000 -0.516214
124.050000 -0.509362
124.100000 -0.550473
124.150000 -0.601861
124.200000 -0.656675
124.250000 -0.745748
124.300000 -0.855377
124.350000 -0.937598
124.400000 -0.968431
124.450000 -0.965005
124.500000 -0.941024
124.550000 -0.875932
124.600000 -0.773155
124.650000 -0.636119
124.700000 -0.488806
124.750000 -0.338067
124.800000 -0.177050
124.850000 -0.043440
124.900000 0.042206
124.950000 0.093595
125.000000 0.090169
125.050000 0.038781
125.100000 -0.036589
125.150000 -0.129088
125.200000 -0.235291
125.250000 -0.320938
125.300000 -0.396308
125.350000 -0.488806
125.400000 -0.553898
125.450000 -0.577879
125.500000 -0.618990
125.550000 -0.680656
125.600000 -0.704637
125.650000 -0.711489
125.700000 -0.738896
125.750000 -0.749174
125.800000 -0.738896
125.850000 -0.752600
125.900000 -0.756025
125.950000 -0.721767
126.000000 -0.704637
126.050000 -0.694360
126.100000 -0.642971
126.150000 -0.588157
126.200000 -0.574454
126.250000 -0.533343
126.300000 -0.492232
126.350000 -0.502510
126.400000 -0.526491
126.450000 -0.523065
126.500000 -0.529917
126.550000 -0.550472
126.600000 -0.543621
126.650000 -0.536769
126.700000 -0.547046
126.750000 -0.536769
126.800000 -0.516214
126.850000 -0.502510
126.900000 -0.502510
126.950000 -0.492232
127.000000 -0.499084
127.050000 -0.519640
127.100000 -0.550472
127.150000 -0.584731
127.200000 -0.618991
127.250000 -0.646397
127.300000 -0.666953
127.350000 -0.694360
127.400000 -0.742322
127.450000 -0.793711
127.500000 -0.821118
127.550000 -0.817692
127.600000 -0.814266
127.650000 -0.827970
127.700000 -0.838247
127.750000 -0.807414
127.800000 -0.749174
127.850000 -0.704638
127.900000 -0.677230
127.950000 -0.642971
128.000000 -0.601861
128.050000 -0.564176
128.100000 -0.536769
128.150000 -0.526491
128.200000 -0.557324
128.250000 -0.598434
128.300000 -0.639545
128.350000 -0.708063
128.400000 -0.800562
128.450000 -0.886209
128.500000 -0.965005
128.550000 -1.016394
128.600000 -0.999264
128.650000 -0.958153
128.700000 -0.930746
128.750000 -0.882784
128.800000 -0.803988
128.850000 -0.721766
128.900000 -0.653249
128.950000 -0.612138
129.000000 -0.601861
129.050000 -0.618990
129.100000 -0.660101
129.150000 -0.732044
129.200000 -0.824543
129.250000 -0.920469
129.300000 -0.999264
129.350000 -1.054078
129.400000 -1.074633
129.450000 -1.091763
129.500000 -1.105467
129.550000 -1.074633
129.600000 -1.012967
129.650000 -0.965005
129.700000 -0.947875
129.750000 -0.937598
129.800000 -0.923894
129.850000 -0.913616
129.900000 -0.934173
129.950000 -0.985560
130.000000 -1.019819
130.050000 -1.012968
130.100000 -1.002690
130.150000 -0.968431
130.200000 -0.872506
130.250000 -0.745748
130.300000 -0.639546
130.350000 -0.523065
130.400000 -0.392881
130.450000 -0.300383
130.500000 -0.255846
130.550000 -0.225013
130.600000 -0.221586
130.650000 -0.279827
130.700000 -0.368900
130.750000 -0.488806
130.800000 -0.656675
130.850000 -0.838248
130.900000 -0.982134
130.950000 -1.078059
131.000000 -1.150003
131.050000 -1.187688
131.100000 -1.197965
131.150000 -1.187688
131.200000 -1.143152
131.250000 -1.088337
131.300000 -1.050653
131.350000 -1.009541
131.400000 -0.927321
131.450000 -0.872506
131.500000 -0.838247
131.550000 -0.766303
131.600000 -0.701211
131.650000 -0.677230
131.700000 -0.632694
131.750000 -0.560750
131.800000 -0.526491
131.850000 -0.505936
131.900000 -0.457973
131.950000 -0.437418
132.000000 -0.437418
132.050000 -0.410011
132.100000 -0.392882
132.150000 -0.413437
132.200000 -0.406585
132.250000 -0.382604
132.300000 -0.403159
132.350000 -0.406585
132.400000 -0.362048
132.450000 -0.334641
132.500000 -0.327790
132.550000 -0.293530
132.600000 -0.269549
132.650000 -0.290105
132.700000 -0.324364
132.750000 -0.358622
132.800000 -0.430566
132.850000 -0.499084
132.900000 -0.550473
132.950000 -0.595009
133.000000 -0.629268
133.050000 -0.622416
133.100000 -0.595009
133.150000 -0.584731
133.200000 -0.547046
133.250000 -0.488806
133.300000 -0.454547
133.350000 -0.437418
133.400000 -0.430566
133.450000 -0.457973
133.500000 -0.523066
133.550000 -0.595009
133.600000 -0.663527
133.650000 -0.749174
133.700000 -0.827969
133.750000 -0.865655
133.800000 -0.872506
133.850000 -0.872506
133.900000 -0.855376
133.950000 -0.803989
134.000000 -0.725193
134.050000 -0.656675
134.100000 -0.601861
134.150000 -0.547046
134.200000 -0.505935
134.250000 -0.509361
134.300000 -0.516214
134.350000 -0.519639
134.400000 -0.529917
134.450000 -0.567602
134.500000 -0.588158
134.550000 -0.574454
134.600000 -0.560750
134.650000 -0.553898
134.700000 -0.533343
134.750000 -0.485380
134.800000 -0.403159
134.850000 -0.317512
134.900000 -0.255846
134.950000 -0.183902
135.000000 -0.108532
135.050000 -0.074273
135.100000 -0.084552
135.150000 -0.118810
135.200000 -0.177051
135.250000 -0.286679
135.300000 -0.416863
135.350000 -0.533343
135.400000 -0.636120
135.450000 -0.742322
135.500000 -0.838247
135.550000 -0.913617
135.600000 -0.954727
135.650000 -0.968431
135.700000 -0.954727
135.750000 -0.893061
135.800000 -0.797136
135.850000 -0.704637
135.900000 -0.615564
135.950000 -0.540195
136.000000 -0.485381
136.050000 -0.461399
136.100000 -0.444270
136.150000 -0.423715
136.200000 -0.413437
136.250000 -0.437418
136.300000 -0.505935
136.350000 -0.571027
136.400000 -0.608713
136.450000 -0.625842
136.500000 -0.649823
136.550000 -0.684082
136.600000 -0.711489
136.650000 -0.701211
136.700000 -0.694360
136.750000 -0.677231
136.800000 -0.618990
136.850000 -0.529918
136.900000 -0.475103
136.950000 -0.420288
137.000000 -0.334641
137.050000 -0.272975
137.100000 -0.248995
137.150000 -0.218161
137.200000 -0.190754
137.250000 -0.211309
137.300000 -0.214735
137.350000 -0.187328
137.400000 -0.183902
137.450000 -0.207884
137.500000 -0.221587
137.550000 -0.235291
137.600000 -0.262698
137.650000 -0.296956
137.700000 -0.358622
137.750000 -0.440844
137.800000 -0.499084
137.850000 -0.536768
137.900000 -0.598435
137.950000 -0.653249
138.000000 -0.663527
138.050000 -0.677231
138.100000 -0.732045
138.150000 -0.773156
138.200000 -0.783433
138.250000 -0.800562
138.300000 -0.827970
138.350000 -0.855377
138.400000 -0.882784
138.450000 -0.910191
138.500000 -0.913617
138.550000 -0.899914
138.600000 -0.886210
138.650000 -0.855377
138.700000 -0.803989
138.750000 -0.745748
138.800000 -0.684082
138.850000 -0.591583
138.900000 -0.492233
138.950000 -0.420289
139.000000 -0.382604
139.050000 -0.358622
139.100000 -0.344919
139.150000 -0.344919
139.200000 -0.362049
139.250000 -0.427140
139.300000 -0.519639
139.350000 -0.591583
139.400000 -0.653249
139.450000 -0.742322
139.500000 -0.827970
139.550000 -0.869080
139.600000 -0.858802
139.650000 -0.841673
139.700000 -0.814266
139.750000 -0.745748
139.800000 -0.625842
139.850000 -0.516213
139.900000 -0.447696
139.950000 -0.389456
140.000000 -0.331216
140.050000 -0.324364
140.100000 -0.386030
140.150000 -0.478529
140.200000 -0.605287
140.250000 -0.773156
140.300000 -0.937598
140.350000 -1.067782
140.400000 -1.180836
140.450000 -1.263058
140.500000 -1.293890
140.550000 -1.283612
140.600000 -1.252780
140.650000 -1.173985
140.700000 -1.047226
140.750000 -0.913617
140.800000 -0.786859
140.850000 -0.632693
140.900000 -0.471677
140.950000 -0.307235
141.000000 -0.146217
141.050000 -0.019459
141.100000 0.069614
141.150000 0.148409
141.200000 0.196372
141.250000 0.206649
141.300000 0.179242
141.350000 0.124428
141.400000 0.031928
141.450000 -0.077699
141.500000 -0.211309
141.550000 -0.368900
141.600000 -0.519639
141.650000 -0.653249
141.700000 -0.793711
141.750000 -0.896488
141.800000 -0.954727
141.850000 -0.995838
141.900000 -0.999264
141.950000 -0.954728
142.000000 -0.923894
142.050000 -0.906765
142.100000 -0.851950
142.150000 -0.780007
142.200000 -0.752600
142.250000 -0.773155
142.300000 -0.810840
142.350000 -0.865654
142.400000 -0.917042
142.450000 -0.951301
142.500000 -0.995838
142.550000 -1.040375
142.600000 -1.036949
142.650000 -0.999264
142.700000 -0.961579
142.750000 -0.893062
142.800000 -0.769729
142.850000 -0.653249
142.900000 -0.574454
142.950000 -0.492232
143.000000 -0.399733
143.050000 -0.351771
143.100000 -0.362049
143.150000 -0.413437
143.200000 -0.485380
143.250000 -0.574453
143.300000 -0.673804
143.350000 -0.783433
143.400000 -0.858802
143.450000 -0.893061
143.500000 -0.903340
143.550000 -0.882784
143.600000 -0.834821
143.650000 -0.752600
143.700000 -0.653249
143.750000 -0.547046
143.800000 -0.440844
143.850000 -0.348345
143.900000 -0.276401
143.950000 -0.231865
144.000000 -0.207883
144.050000 -0.207883
144.100000 -0.266124
144.150000 -0.362048
144.200000 -0.447696
144.250000 -0.533343
144.300000 -0.670378
144.350000 -0.797136
144.400000 -0.862229
144.450000 -0.906765
144.500000 -0.951302
144.550000 -0.917043
144.600000 -0.797136
144.650000 -0.670378
144.700000 -0.533343
144.750000 -0.355197
144.800000 -0.180476
144.850000 -0.033163
144.900000 0.090169
144.950000 0.179242
145.000000 0.203224
145.050000 0.172390
145.100000 0.086743
145.150000 -0.036589
145.200000 -0.187328
145.250000 -0.348344
145.300000 -0.529917
145.350000 -0.684082
145.400000 -0.756025
145.450000 -0.783433
145.500000 -0.793710
145.550000 -0.752600
145.600000 -0.639545
145.650000 -0.512787
145.700000 -0.403159
145.750000 -0.290105
145.800000 -0.163346
145.850000 -0.081125
145.900000 -0.053718
145.950000 -0.060570
146.000000 -0.094829
146.050000 -0.156495
146.100000 -0.252420
146.150000 -0.365474
146.200000 -0.481955
146.250000 -0.584731
146.300000 -0.660101
146.350000 -0.704637
146.400000 -0.725192
146.450000 -0.721767
146.500000 -0.687508
146.550000 -0.653249
146.600000 -0.625842
146.650000 -0.577879
146.700000 -0.516214
146.750000 -0.495659
146.800000 -0.523065
146.850000 -0.547046
146.900000 -0.567601
146.950000 -0.622416
147.000000 -0.690934
147.050000 -0.762878
147.100000 -0.827969
147.150000 -0.893062
147.200000 -0.944450
147.250000 -0.978708
147.300000 -0.985561
147.350000 -0.971857
147.400000 -0.941024
147.450000 -0.889635
147.500000 -0.814266
147.550000 -0.749174
147.600000 -0.690934
147.650000 -0.625842
147.700000 -0.588157
147.750000 -0.591583
147.800000 -0.618990
147.850000 -0.660101
147.900000 -0.711489
147.950000 -0.752600
148.000000 -0.783433
148.050000 -0.827969
148.100000 -0.872506
148.150000 -0.896487
148.200000 -0.903339
148.250000 -0.917043
148.300000 -0.910191
148.350000 -0.882784
148.400000 -0.841673
148.450000 -0.786858
148.500000 -0.738896
148.550000 -0.701212
148.600000 -0.666953
148.650000 -0.636120
148.700000 -0.629268
148.750000 -0.636120
148.800000 -0.625842
148.850000 -0.605286
148.900000 -0.615564
148.950000 -0.642972
149.000000 -0.656675
149.050000 -0.684082
149.100000 -0.766303
149.150000 -0.851951
149.200000 -0.886210
149.250000 -0.910190
149.300000 -0.978709
149.350000 -1.030097
149.400000 -1.009542
149.450000 -0.961579
149.500000 -0.923894
149.550000 -0.858802
149.600000 -0.766304
149.650000 -0.656675
149.700000 -0.536769
149.750000 -0.437418
149.800000 -0.362048
149.850000 -0.303808
149.900000 -0.269549
149.950000 -0.266123
150.000000 -0.290105
150.050000 -0.327790
150.100000 -0.389456
150.150000 -0.447696
150.200000 -0.485381
150.250000 -0.523065
150.300000 -0.574454
150.350000 -0.612138
150.400000 -0.622416
150.450000 -0.625842
150.500000 -0.656675
150.550000 -0.708064
150.600000 -0.738896
150.650000 -0.776581
150.700000 -0.824544
150.750000 -0.855377
150.800000 -0.855376
150.850000 -0.841673
150.900000 -0.810840
150.950000 -0.752600
151.000000 -0.666953
151.050000 -0.560750
151.100000 -0.423715
151.150000 -0.296957
151.200000 -0.201032
151.250000 -0.122236
151.300000 -0.060570
151.350000 -0.033163
151.400000 -0.033163
151.450000 -0.063996
151.500000 -0.135939
151.550000 -0.207883
151.600000 -0.248994
151.650000 -0.296956
151.700000 -0.365474
151.750000 -0.406585
151.800000 -0.423715
151.850000 -0.457974
151.900000 -0.492232
151.950000 -0.495658
152.000000 -0.492232
152.050000 -0.505936
152.100000 -0.512788
152.150000 -0.516214
152.200000 -0.509362
152.250000 -0.475103
152.300000 -0.447696
152.350000 -0.413437
152.400000 -0.351771
152.450000 -0.286679
152.500000 -0.266123
152.550000 -0.245568
152.600000 -0.231865
152.650000 -0.290105
152.700000 -0.403160
152.750000 -0.502510
152.800000 -0.608712
152.850000 -0.732044
152.900000 -0.834821
152.950000 -0.913617
153.000000 -0.988986
153.050000 -1.033523
153.100000 -1.006116
153.150000 -0.941024
153.200000 -0.869080
153.250000 -0.783433
153.300000 -0.680656
153.350000 -0.577880
153.400000 -0.495658
153.450000 -0.451121
153.500000 -0.440844
153.550000 -0.433992
153.600000 -0.437419
153.650000 -0.464825
153.700000 -0.502510
153.750000 -0.499084
153.800000 -0.478529
153.850000 -0.451122
153.900000 -0.427140
153.950000 -0.406585
154.000000 -0.382604
154.050000 -0.348345
154.100000 -0.331215
154.150000 -0.327789
154.200000 -0.324364
154.250000 -0.348345
154.300000 -0.420288
154.350000 -0.481954
154.400000 -0.509362
154.450000 -0.547047
154.500000 -0.629267
154.550000 -0.718341
154.600000 -0.783433
154.650000 -0.838247
154.700000 -0.889636
154.750000 -0.937598
154.800000 -0.995838
154.850000 -1.071208
154.900000 -1.129448
154.950000 -1.146577
155.000000 -1.136299
155.050000 -1.108892
155.100000 -1.040375
155.150000 -0.937598
155.200000 -0.817692
155.250000 -0.690933
155.300000 -0.550472
155.350000 -0.413436
155.400000 -0.283253
155.450000 -0.173624
155.500000 -0.108533
155.550000 -0.094829
155.600000 -0.125662
155.650000 -0.173625
155.700000 -0.231865
155.750000 -0.314086
155.800000 -0.406585
155.850000 -0.485381
155.900000 -0.571028
155.950000 -0.632694
156.000000 -0.642971
156.050000 -0.629268
156.100000 -0.608713
156.150000 -0.529917
156.200000 -0.403159
156.250000 -0.307234
156.300000 -0.259271
156.350000 -0.221587
156.400000 -0.180476
156.450000 -0.142791
156.500000 -0.115384
156.550000 -0.111959
156.600000 -0.149643
156.650000 -0.207884
156.700000 -0.272975
156.750000 -0.334641
156.800000 -0.386030
156.850000 -0.423714
156.900000 -0.471677
156.950000 -0.519640
157.000000 -0.536768
157.050000 -0.523065
157.100000 -0.540195
157.150000 -0.564176
157.200000 -0.557324
157.250000 -0.553898
157.300000 -0.588157
157.350000 -0.629268
157.400000 -0.680656
157.450000 -0.728619
157.500000 -0.745748
157.550000 -0.735471
157.600000 -0.735471
157.650000 -0.735470
157.700000 -0.714915
157.750000 -0.687508
157.800000 -0.646398
157.850000 -0.595009
157.900000 -0.560750
157.950000 -0.547047
158.000000 -0.529917
158.050000 -0.523065
158.100000 -0.557324
158.150000 -0.612138
158.200000 -0.660101
158.250000 -0.752600
158.300000 -0.882784
158.350000 -0.978709
158.400000 -1.026671
158.450000 -1.084911
158.500000 -1.153429
158.550000 -1.191114
158.600000 -1.201391
158.650000 -1.184263
158.700000 -1.129448
158.750000 -1.047227
158.800000 -0.971857
158.850000 -0.875932
158.900000 -0.752600
158.950000 -0.646397
159.000000 -0.574454
159.050000 -0.529917
159.100000 -0.519639
159.150000 -0.557324
159.200000 -0.636120
159.250000 -0.756026
159.300000 -0.882784
159.350000 -0.992412
159.400000 -1.084912
159.450000 -1.170558
159.500000 -1.218521
159.550000 -1.215095
159.600000 -1.160281
159.650000 -1.064356
159.700000 -0.965005
159.750000 -0.858802
159.800000 -0.738897
159.850000 -0.618990
159.900000 -0.553899
159.950000 -0.547047
160.000000 -0.567602
160.050000 -0.601861
160.100000 -0.666952
160.150000 -0.745749
160.200000 -0.807414
160.250000 -0.872506
160.300000 -0.930746
160.350000 -0.961579
160.400000 -0.951302
160.450000 -0.910191
160.500000 -0.865654
160.550000 -0.845099
160.600000 -0.817692
160.650000 -0.762878
160.700000 -0.742322
160.750000 -0.773155
160.800000 -0.783433
160.850000 -0.756026
160.900000 -0.773156
160.950000 -0.834821
161.000000 -0.882784
161.050000 -0.941024
161.100000 -1.040375
161.150000 -1.112318
161.200000 -1.132874
161.250000 -1.167132
161.300000 -1.218521
161.350000 -1.218520
161.400000 -1.184262
161.450000 -1.194540
161.500000 -1.218521
161.550000 -1.204818
161.600000 -1.170558
161.650000 -1.139725
161.700000 -1.078059
161.750000 -0.985561
161.800000 -0.875932
161.850000 -0.749174
161.900000 -0.612139
161.950000 -0.471677
162.000000 -0.331216
162.050000 -0.218161
162.100000 -0.149644
162.150000 -0.118810
162.200000 -0.118810
162.250000 -0.173624
162.300000 -0.248994
162.350000 -0.334641
162.400000 -0.437419
162.450000 -0.560750
162.500000 -0.673804
162.550000 -0.742322
162.600000 -0.759452
162.650000 -0.766303
162.700000 -0.793711
162.750000 -0.814266
162.800000 -0.807414
162.850000 -0.817692
162.900000 -0.869080
162.950000 -0.923895
163.000000 -0.968431
163.050000 -1.043800
163.100000 -1.132873
163.150000 -1.177410
163.200000 -1.170558
163.250000 -1.143151
163.300000 -1.081485
163.350000 -0.985561
163.400000 -0.882784
163.450000 -0.759451
163.500000 -0.625842
163.550000 -0.502510
163.600000 -0.416863
163.650000 -0.362048
163.700000 -0.362049
163.750000 -0.399733
163.800000 -0.440844
163.850000 -0.499084
163.900000 -0.588157
163.950000 -0.663527
164.000000 -0.673805
164.050000 -0.639545
164.100000 -0.571028
164.150000 -0.468251
164.200000 -0.351771
164.250000 -0.245568
164.300000 -0.159921
164.350000 -0.098255
164.400000 -0.087977
164.450000 -0.118810
164.500000 -0.204457
164.550000 -0.365474
164.600000 -0.553899
164.650000 -0.735471
164.700000 -0.930746
164.750000 -1.136300
164.800000 -1.263058
164.850000 -1.321297
164.900000 -1.369260
164.950000 -1.365834
165.000000 -1.269909
165.050000 -1.143151
165.100000 -1.030097
165.150000 -0.886209
165.200000 -0.725193
165.250000 -0.598435
165.300000 -0.516214
165.350000 -0.461399
165.400000 -0.420289
165.450000 -0.396307
165.500000 -0.403160
165.550000 -0.403159
165.600000 -0.379178
165.650000 -0.365475
165.700000 -0.389455
165.750000 -0.403160
165.800000 -0.382604
165.850000 -0.399733
165.900000 -0.468251
165.950000 -0.523065
166.000000 -0.574453
166.050000 -0.656675
166.100000 -0.756026
166.150000 -0.841673
166.200000 -0.910191
166.250000 -0.971857
166.300000 -1.023245
166.350000 -1.054078
166.400000 -1.054079
166.450000 -1.040374
166.500000 -1.023245
166.550000 -0.978708
166.600000 -0.913616
166.650000 -0.827970
166.700000 -0.738896
166.750000 -0.632694
166.800000 -0.502510
166.850000 -0.351771
166.900000 -0.211309
166.950000 -0.101681
167.000000 -0.016033
167.050000 0.035355
167.100000 0.028503
167.150000 -0.012608
167.200000 -0.098255
167.250000 -0.245568
167.300000 -0.451121
167.350000 -0.666953
167.400000 -0.865654
167.450000 -1.040375
167.500000 -1.177410
167.550000 -1.249354
167.600000 -1.245928
167.650000 -1.194540
167.700000 -1.115744
167.750000 -1.002690
167.800000 -0.862229
167.850000 -0.725193
167.900000 -0.612138
167.950000 -0.533343
168.000000 -0.499085
168.050000 -0.523065
168.100000 -0.591583
168.150000 -0.680656
168.200000 -0.745748
168.250000 -0.776581
168.300000 -0.790285
168.350000 -0.797136
168.400000 -0.769729
168.450000 -0.697785
168.500000 -0.608712
168.550000 -0.495658
168.600000 -0.365474
168.650000 -0.248994
168.700000 -0.163347
168.750000 -0.101681
168.800000 -0.074274
168.850000 -0.077699
168.900000 -0.081126
168.950000 -0.094829
169.000000 -0.135940
169.050000 -0.173624
169.100000 -0.194180
169.150000 -0.231864
169.200000 -0.283253
169.250000 -0.317512
169.300000 -0.344919
169.350000 -0.392882
169.400000 -0.451121
169.450000 -0.516213
169.500000 -0.588158
169.550000 -0.701212
169.600000 -0.855376
169.650000 -1.016393
169.700000 -1.153429
169.750000 -1.263057
169.800000 -1.348705
169.850000 -1.389815
169.900000 -1.372686
169.950000 -1.317871
170.000000 -1.225372
170.050000 -1.098615
170.100000 -0.947875
170.150000 -0.797136
170.200000 -0.622416
170.250000 -0.454548
170.300000 -0.358622
170.350000 -0.317512
170.400000 -0.300382
170.450000 -0.327789
170.500000 -0.396307
170.550000 -0.454548
170.600000 -0.502510
170.650000 -0.571027
170.700000 -0.595009
170.750000 -0.543620
170.800000 -0.485380
170.850000 -0.433992
170.900000 -0.365475
170.950000 -0.272975
171.000000 -0.170199
171.050000 -0.057145
171.100000 0.025077
171.150000 0.066188
171.200000 0.103872
171.250000 0.121002
171.300000 0.059337
171.350000 -0.040015
171.400000 -0.125662
171.450000 -0.231865
171.500000 -0.403159
171.550000 -0.574453
171.600000 -0.701212
171.650000 -0.793711
171.700000 -0.893062
171.750000 -0.995839
171.800000 -1.067782
171.850000 -1.095189
171.900000 -1.122597
171.950000 -1.153429
172.000000 -1.129447
172.050000 -1.071207
172.100000 -1.050652
172.150000 -1.026671
172.200000 -0.944450
172.250000 -0.879358
172.300000 -0.865654
172.350000 -0.817692
172.400000 -0.728619
172.450000 -0.639546
172.500000 -0.550472
172.550000 -0.464825
172.600000 -0.403159
172.650000 -0.348345
172.700000 -0.283253
172.750000 -0.238716
172.800000 -0.231864
172.850000 -0.259272
172.900000 -0.334642
172.950000 -0.430566
173.000000 -0.485380
173.050000 -0.529917
173.100000 -0.612138
173.150000 -0.673805
173.200000 -0.680656
173.250000 -0.687508
173.300000 -0.732045
173.350000 -0.749174
173.400000 -0.735470
173.450000 -0.728619
173.500000 -0.732044
173.550000 -0.721767
173.600000 -0.718341
173.650000 -0.728618
173.700000 -0.738896
173.750000 -0.752600
173.800000 -0.766304
173.850000 -0.769729
173.900000 -0.786858
173.950000 -0.824544
174.000000 -0.851951
174.050000 -0.862229
174.100000 -0.882784
174.150000 -0.913617
174.200000 -0.930746
174.250000 -0.961580
174.300000 -0.992412
174.350000 -0.971857
174.400000 -0.917043
174.450000 -0.865654
174.500000 -0.814266
174.550000 -0.742322
174.600000 -0.666953
174.650000 -0.615564
174.700000 -0.571028
174.750000 -0.540195
174.800000 -0.526491
174.850000 -0.516213
174.900000 -0.519639
174.950000 -0.540195
175.000000 -0.560750
175.050000 -0.577879
175.100000 -0.629268
175.150000 -0.701212
175.200000 -0.745748
175.250000 -0.766304
175.300000 -0.807414
175.350000 -0.851951
175.400000 -0.869080
175.450000 -0.879358
175.500000 -0.889636
175.550000 -0.879358
175.600000 -0.827969
175.650000 -0.759451
175.700000 -0.694359
175.750000 -0.622416
175.800000 -0.543620
175.850000 -0.488807
175.900000 -0.464825
175.950000 -0.468251
176.000000 -0.492232
176.050000 -0.529917
176.100000 -0.581306
176.150000 -0.625842
176.200000 -0.636120
176.250000 -0.601861
176.300000 -0.547046
176.350000 -0.495658
176.400000 -0.444269
176.450000 -0.379178
176.500000 -0.324363
176.550000 -0.290105
176.600000 -0.269549
176.650000 -0.269550
176.700000 -0.300383
176.750000 -0.348345
176.800000 -0.420288
176.850000 -0.509361
176.900000 -0.584731
176.950000 -0.615564
177.000000 -0.629268
177.050000 -0.625842
177.100000 -0.618991
177.150000 -0.595009
177.200000 -0.543620
177.250000 -0.457974
177.300000 -0.413437
177.350000 -0.423715
177.400000 -0.423714
177.450000 -0.386030
177.500000 -0.372326
177.550000 -0.382604
177.600000 -0.375752
177.650000 -0.341493
177.700000 -0.331216
177.750000 -0.348345
177.800000 -0.355196
177.850000 -0.362048
177.900000 -0.389455
177.950000 -0.433992
178.000000 -0.488806
178.050000 -0.557325
178.100000 -0.632694
178.150000 -0.694360
178.200000 -0.749174
178.250000 -0.793711
178.300000 -0.800562
178.350000 -0.752600
178.400000 -0.677230
178.450000 -0.574454
178.500000 -0.451122
178.550000 -0.348345
178.600000 -0.276401
178.650000 -0.235290
178.700000 -0.225013
178.750000 -0.235291
178.800000 -0.259272
178.850000 -0.320938
178.900000 -0.430566
178.950000 -0.512787
179.000000 -0.543620
179.050000 -0.595009
179.100000 -0.663527
179.150000 -0.656675
179.200000 -0.605287
179.250000 -0.564176
179.300000 -0.516213
179.350000 -0.410011
179.400000 -0.303808
179.450000 -0.248994
179.500000 -0.231865
179.550000 -0.218161
179.600000 -0.207883
179.650000 -0.180476
179.700000 -0.156495
179.750000 -0.166773
179.800000 -0.190754
179.850000 -0.201032
179.900000 -0.218161
179.950000 -0.252420
180.000000 -0.300382
180.050000 -0.358622
180.100000 -0.416862
180.150000 -0.440844
180.200000 -0.440844
180.250000 -0.475103
180.300000 -0.536769
180.350000 -0.571028
180.400000 -0.574454
180.450000 -0.584731
180.500000 -0.608712
180.550000 -0.612138
180.600000 -0.598435
180.650000 -0.574453
180.700000 -0.557324
180.750000 -0.574454
180.800000 -0.601861
180.850000 -0.612138
180.900000 -0.625842
180.950000 -0.677230
181.000000 -0.711489
181.050000 -0.721767
181.100000 -0.738897
181.150000 -0.742322
181.200000 -0.701212
181.250000 -0.663526
181.300000 -0.660101
181.350000 -0.636120
181.400000 -0.588157
181.450000 -0.571028
181.500000 -0.598435
181.550000 -0.649823
181.600000 -0.718341
181.650000 -0.821118
181.700000 -0.937598
181.750000 -1.050652
181.800000 -1.129448
181.850000 -1.167133
181.900000 -1.187688
181.950000 -1.167133
182.000000 -1.067782
182.050000 -0.927321
182.100000 -0.821118
182.150000 -0.752600
182.200000 -0.690934
182.250000 -0.653249
182.300000 -0.663526
182.350000 -0.708063
182.400000 -0.773156
182.450000 -0.875932
182.500000 -0.961579
182.550000 -1.012967
182.600000 -1.060930
182.650000 -1.115744
182.700000 -1.119170
182.750000 -1.078060
182.800000 -1.064356
182.850000 -1.074634
182.900000 -1.074633
182.950000 -1.081485
183.000000 -1.105466
183.050000 -1.115745
183.100000 -1.119171
183.150000 -1.132874
183.200000 -1.129448
183.250000 -1.081486
183.300000 -1.019820
183.350000 -0.954727
183.400000 -0.862228
183.450000 -0.738896
183.500000 -0.622416
183.550000 -0.550472
183.600000 -0.505936
183.650000 -0.457974
183.700000 -0.413437
183.750000 -0.410011
183.800000 -0.430566
183.850000 -0.437418
183.900000 -0.433993
183.950000 -0.430566
184.000000 -0.399733
184.050000 -0.341494
184.100000 -0.266123
184.150000 -0.166773
184.200000 -0.046867
184.250000 0.035355
184.300000 0.079891
184.350000 0.127854
184.400000 0.155261
184.450000 0.148409
184.500000 0.127854
184.550000 0.093595
184.600000 0.028503
184.650000 -0.040015
184.700000 -0.087977
184.750000 -0.146218
184.800000 -0.221587
184.850000 -0.290105
184.900000 -0.372326
184.950000 -0.485380
185.000000 -0.581306
185.050000 -0.663526
185.100000 -0.756025
185.150000 -0.827969
185.200000 -0.875932
185.250000 -0.923894
185.300000 -0.982135
185.350000 -1.002689
185.400000 -0.975283
185.450000 -0.934172
185.500000 -0.886210
185.550000 -0.824544
185.600000 -0.780007
185.650000 -0.769729
185.700000 -0.769730
185.750000 -0.786859
185.800000 -0.821118
185.850000 -0.862229
185.900000 -0.920469
185.950000 -0.982134
186.000000 -1.006116
186.050000 -0.992412
186.100000 -0.958153
186.150000 -0.875932
186.200000 -0.735471
186.250000 -0.584731
186.300000 -0.433992
186.350000 -0.255846
186.400000 -0.094829
186.450000 -0.002330
186.500000 0.035355
186.550000 0.025077
186.600000 -0.046866
186.650000 -0.173625
186.700000 -0.344919
186.750000 -0.526491
186.800000 -0.680656
186.850000 -0.800563
186.900000 -0.910190
186.950000 -0.971857
187.000000 -0.944450
187.050000 -0.851950
187.100000 -0.732045
187.150000 -0.571027
187.200000 -0.368900
187.250000 -0.194180
187.300000 -0.050293
187.350000 0.093595
187.400000 0.206650
187.450000 0.254612
187.500000 0.268315
187.550000 0.234056
187.600000 0.131280
187.650000 0.001096
187.700000 -0.135940
187.750000 -0.276402
187.800000 -0.372326
187.850000 -0.437418
187.900000 -0.512788
187.950000 -0.577880
188.000000 -0.595009
188.050000 -0.622416
188.100000 -0.656675
188.150000 -0.642971
188.200000 -0.595009
188.250000 -0.588157
188.300000 -0.605286
188.350000 -0.612139
188.400000 -0.632694
188.450000 -0.663526
188.500000 -0.680657
188.550000 -0.687508
188.600000 -0.704637
188.650000 -0.701212
188.700000 -0.694360
188.750000 -0.711489
188.800000 -0.714916
188.850000 -0.697785
188.900000 -0.701211
